256,145,915,434
253,128,919,442
237,110,917,453
241,96,916,444
247,108,917,454
278,124,879,430
310,124,862,442
271,130,900,445
245,124,917,452
265,121,887,538
257,143,887,441
254,120,877,474
246,148,893,441
254,130,888,469
272,111,873,505
276,134,838,491
272,157,836,425
261,157,857,423
231,120,887,457
221,111,880,499
225,129,858,461
238,153,837,419
239,152,838,440
234,153,843,453
238,161,824,533
230,161,814,428
211,159,814,420
188,161,836,424
184,165,844,419
236,128,800,489
297,59,753,561
336,26,726,590
372,17,690,600
374,13,680,606
367,19,682,603
362,26,677,595
359,26,673,601
355,31,675,594
350,47,679,578
271,122,758,505
186,184,843,440
166,186,860,437
163,187,865,423
179,192,854,427
133,138,899,485
160,112,878,529
173,111,882,522
189,108,887,523
215,118,891,520
250,142,884,501
278,169,885,481
300,173,886,469
296,170,885,468
297,170,868,466
268,167,876,470
251,159,873,470
259,153,849,472
258,151,849,468
260,155,843,467
255,154,845,466
252,156,838,463
234,154,848,469
214,154,862,469
203,154,867,473
196,147,869,473
201,144,867,478
208,156,845,479
139,186,899,517
50,198,920,513
1,212,878,507
1,235,769,483
1,235,713,484
1,223,675,496
1,218,604,501
1,152,533,567
1,129,478,590
1,68,452,651
1,60,435,661
1,62,425,658
1,82,428,638
1,114,432,605
1,143,476,576
1,167,531,553
1,152,566,568
1,110,530,609
1,65,442,656
1,68,389,651
1,73,335,646
1,78,333,641
1,58,387,663
1,99,447,622
1,119,514,600
1,129,560,591
1,137,620,582
17,140,642,580
63,139,646,581
104,134,639,586
122,139,639,581
149,150,640,570
189,170,578,550
195,176,506,544
197,152,574,524
200,102,607,467
156,62,678,557
103,67,703,556
35,65,716,564
1,56,698,575
1,58,629,564
1,73,571,549
1,83,604,518
1,81,583,534
1,69,566,534
1,70,572,528
1,80,586,516
1,91,617,501
17,99,603,498
29,109,604,474
34,127,571,465
41,138,553,453
35,144,549,442
52,149,538,434
62,153,531,430
59,161,528,420
29,164,528,419
12,168,529,412
6,175,523,403
1,178,516,400
1,176,509,389
1,178,502,393
2,177,498,386
8,179,515,375
26,181,495,371
