593,472,69,193
589,471,71,193
596,470,64,195
594,471,65,192
592,466,64,197
587,465,66,198
572,453,76,191
570,446,78,186
578,436,71,193
582,432,68,192
589,426,64,196
580,423,75,195
587,418,65,199
585,416,62,198
581,416,61,198
580,414,65,198
582,412,63,197
582,410,61,198
580,410,60,199
576,409,65,199
573,410,67,199
571,408,64,200
577,409,62,198
576,410,61,198
576,410,62,198
580,411,58,197
554,412,80,198
520,414,188,198
566,415,73,197
573,414,64,198
556,415,82,198
560,414,78,198
571,414,62,197
562,415,67,198
560,416,66,198
559,417,70,199
560,418,67,198
558,420,65,198
558,423,65,197
557,425,66,198
555,436,67,199
544,463,81,199
539,494,83,199
544,508,75,198
495,515,121,199
530,551,82,123
545,539,64,143
531,395,117,207
531,328,124,91
554,243,81,153
534,240,117,132
536,274,108,93
553,280,85,167
545,298,107,183
548,340,112,173
516,314,157,158
513,276,167,159
504,258,178,166
507,247,177,165
510,230,174,168
560,192,85,196
568,157,81,212
560,153,133,214
532,149,187,224
546,131,174,243
558,129,160,241
561,125,158,237
557,122,163,236
555,121,165,234
555,118,165,234
551,121,163,233
551,127,152,229
556,134,122,225
562,137,95,216
570,124,64,215
568,117,71,213
562,110,98,223
544,106,137,223
533,103,166,223
525,102,191,225
529,107,198,224
538,108,199,229
548,122,200,223
560,124,202,226
573,126,204,226
587,129,207,231
612,124,182,233
659,123,102,231
683,127,90,238
691,129,100,228
696,134,96,228
695,140,108,231
684,123,140,235
692,128,133,232
700,139,130,229
689,120,191,240
665,144,226,251
679,217,212,263
688,359,179,254
722,491,108,137
729,449,101,177
682,430,174,210
699,453,166,178
703,468,89,150
652,461,108,233
608,489,91,230
547,479,120,232
495,468,146,222
495,458,94,206
447,467,108,194
448,456,109,203
428,453,122,194
442,445,97,200
455,447,78,202
455,456,99,202
460,478,119,191
464,506,126,163
473,514,117,154
486,517,100,151
490,521,93,143
495,521,99,143
484,522,117,144
493,521,105,144
493,516,109,144
447,499,154,163
483,470,99,191
436,465,192,196
487,480,85,182
469,484,106,176
490,490,92,170
496,494,90,165
496,496,93,162
497,496,91,162
497,494,91,164
478,492,116,168
454,486,153,174
455,481,185,180
463,479,183,181
471,479,172,181
476,476,154,186
483,480,131,180
487,480,114,183
485,482,107,181
484,481,97,183
481,481,92,184
482,482,90,184
481,482,93,184
480,483,98,184
481,484,100,184
480,483,107,182
482,485,108,180
481,483,108,181
481,482,107,183
483,482,107,182
488,482,105,181
