747,180,193,57
748,212,169,115
714,264,119,148
643,279,45,178
487,264,123,161
389,251,180,97
353,236,201,42
354,214,185,44
366,201,181,63
390,215,173,65
417,263,174,49
471,280,154,112
636,280,81,166
675,267,166,115
713,225,179,145
745,179,159,148
766,133,127,154
777,150,112,121
775,171,115,114
765,205,100,113
736,249,135,109
670,263,136,143
614,288,46,153
455,274,141,113
382,249,180,64
360,233,175,34
357,209,176,39
367,204,169,48
387,224,150,49
415,257,180,53
496,266,135,132
646,266,85,167
692,251,154,143
734,186,162,172
762,170,136,145
759,162,137,123
760,131,149,145
754,162,149,112
734,187,161,111
724,222,153,123
676,249,143,143
619,259,100,154
513,247,97,152
399,220,184,89
418,195,139,72
448,166,91,81
474,180,71,66
502,180,66,83
553,223,70,88
636,247,94,72
702,216,87,73
730,153,68,93
726,155,66,46
720,121,34,51
687,102,46,57
662,104,54,48
657,117,30,37
600,115,68,95
598,118,49,102
607,121,36,112
605,119,41,122
607,127,44,123
626,130,24,68
619,130,35,69
622,128,35,79
623,122,34,84
622,112,42,94
621,103,45,102
619,103,49,100
576,102,96,98
578,97,92,103
607,93,64,108
612,90,59,111
612,89,57,113
610,86,60,116
598,95,71,108
575,99,94,102
567,99,102,102
567,93,104,103
572,91,94,104
610,89,53,103
616,88,48,103
617,86,51,103
619,85,50,102
587,84,82,102
571,82,99,103
584,76,86,108
592,78,80,106
591,83,81,101
582,86,89,101
591,86,79,98
622,83,49,100
622,81,51,101
623,78,50,102
623,70,48,108
623,65,49,109
610,62,63,111
606,57,68,109
611,51,66,111
618,43,64,111
627,35,64,111
643,25,63,118
