396,31,600,689
396,37,600,681
401,41,598,678
401,39,592,678
404,39,587,680
404,44,606,675
401,44,607,675
392,42,615,677
383,48,631,670
340,50,675,674
318,55,699,666
339,55,668,664
360,61,623,659
366,57,620,664
361,50,658,670
380,37,660,685
365,29,684,692
364,27,683,695
361,28,677,690
357,30,671,688
356,35,653,684
360,36,646,682
358,40,662,679
358,39,675,680
353,40,677,683
352,37,670,681
359,38,653,682
363,36,633,684
365,32,629,687
367,36,633,684
359,41,656,679
362,48,655,674
347,50,661,669
353,50,649,667
350,48,655,673
379,38,641,682
385,31,661,688
369,29,672,690
333,23,693,696
325,22,691,696
343,28,691,691
349,31,676,692
351,43,656,674
341,44,666,676
335,42,656,677
360,48,643,671
366,43,620,677
358,51,618,666
351,42,630,678
357,47,627,673
363,46,628,675
362,46,634,673
365,35,633,684
364,31,638,687
364,21,682,698
412,22,589,700
397,23,579,700
392,24,586,703
363,29,606,696
378,29,594,692
371,32,599,689
360,36,597,686
357,44,601,676
356,45,613,674
357,45,601,675
356,44,597,677
356,45,598,674
357,48,622,671
352,44,625,676
352,45,607,680
348,46,625,675
355,50,618,669
354,52,628,668
364,54,619,666
364,51,622,672
371,54,642,668
382,53,632,666
380,55,636,664
384,55,630,666
373,54,649,667
373,56,652,668
370,51,652,669
372,46,641,673
359,43,630,675
328,28,660,692
301,32,722,686
297,31,709,689
304,34,656,685
301,42,632,680
293,44,638,679
295,39,596,684
311,41,576,679
311,43,602,676
318,47,597,673
334,41,583,680
343,31,574,687
354,27,574,692
362,43,579,675
373,68,579,652
377,82,581,637
377,83,588,636
380,82,590,637
962,467,31,46
963,465,30,44
967,466,28,42
969,464,24,41
966,464,28,49
968,466,27,43
970,465,26,42
409,81,594,642
