611,557,255,103
623,549,240,98
627,526,220,92
614,504,225,91
621,493,211,91
624,493,199,83
621,479,209,89
602,467,227,88
604,451,229,79
620,430,210,69
622,404,204,67
617,374,200,74
620,367,174,66
625,361,162,62
620,344,157,67
620,336,155,63
624,319,137,62
608,299,145,53
604,283,150,60
604,265,164,62
579,243,181,64
587,221,189,63
605,194,161,68
611,186,144,57
604,169,141,55
594,160,146,59
586,166,146,59
586,188,128,56
591,198,134,59
552,201,177,74
574,209,142,59
614,214,94,71
633,225,75,62
656,220,58,65
667,209,92,87
662,208,133,67
664,197,141,67
686,184,132,65
698,163,130,71
745,156,88,59
758,130,90,68
785,109,78,62
819,103,78,60
843,76,72,69
876,61,56,72
882,52,79,72
875,42,91,71
855,33,122,76
835,24,140,71
822,19,142,70
810,17,153,67
806,19,156,65
802,2,157,79
796,1,154,71
788,1,154,63
772,1,109,54
761,1,129,55
745,1,160,60
732,1,157,74
726,1,155,88
728,16,154,86
731,30,156,86
742,48,164,78
752,53,162,83
757,61,165,88
760,72,168,92
759,102,180,93
752,133,185,108
750,191,184,109
740,253,209,104
715,325,239,89
683,397,259,91
663,441,254,94
683,474,215,90
625,471,242,85
658,432,184,87
623,376,187,74
584,300,218,79
622,238,158,65
635,172,125,74
652,121,102,80
687,93,67,87
707,118,116,68
758,117,67,74
816,134,88,56
841,124,63,53
869,105,96,55
891,96,112,50
939,77,74,51
961,69,71,52
972,61,83,53
974,65,85,57
976,73,92,49
977,78,97,46
980,96,85,37
977,113,90,38
971,134,85,33
961,141,86,39
944,135,89,41
912,130,97,42
901,123,88,47
871,111,93,43
869,96,75,49
837,94,94,36
834,81,74,39
819,83,71,40
785,98,90,37
773,102,77,43
750,124,71,33
729,134,71,33
699,151,69,25
656,159,82,27
628,156,83,27
599,152,86,32
583,149,70,24
555,137,77,22
526,117,78,35
495,117,79,32
458,106,82,37
414,108,88,30
359,104,100,37
324,98,87,49
278,108,83,40
236,117,76,32
203,123,68,31
174,130,62,34
150,140,47,31
122,146,66,33
112,144,42,42
95,159,55,40
89,167,31,41
63,180,87,41
88,202,59,37
89,219,62,36
99,235,54,36
119,253,63,35
130,266,92,43
175,289,46,41
191,296,63,35
219,301,89,34
247,299,70,33
273,299,75,32
295,296,84,35
323,295,92,35
356,285,74,33
392,263,56,36
418,240,65,41
421,216,79,37
463,211,40,28
483,198,74,41
505,210,80,34
553,232,49,33
574,258,73,43
603,282,84,45
622,306,116,46
662,318,112,52
710,327,97,53
763,326,90,53
799,319,120,58
838,314,164,72
882,320,195,81
930,344,238,83
987,346,251,95
1048,327,232,110
1060,304,220,110
1058,276,222,107
1058,239,222,104
1093,198,187,99
1069,137,211,116
1056,98,224,124
941,100,306,100
970,93,240,90
907,87,266,103
859,113,278,89
882,118,234,94
858,118,231,104
819,113,240,112
787,132,242,108
736,164,241,94
702,174,224,100
652,192,229,87
620,192,223,80
596,177,207,85
577,148,211,101
565,145,211,87
561,133,226,80
604,124,200,85
639,120,186,81
666,122,186,82
690,114,187,95
693,118,194,104
686,135,198,105
663,162,196,102
626,202,195,102
594,256,188,88
540,306,218,77
513,337,196,75
489,354,203,80
498,369,194,78
516,385,191,74
549,397,191,67
594,400,173,66
641,402,162,66
685,402,138,67
725,402,118,59
775,397,81,60
796,391,68,60
840,373,55,66
855,360,75,66
880,335,96,65
905,286,64,67
911,238,75,61
937,185,49,40
922,136,56,39
915,98,40,43
895,90,55,38
881,87,60,32
860,82,69,26
848,74,64,36
813,70,81,33
807,71,70,29
786,70,62,38
765,83,57,29
737,90,58,31
709,106,55,29
672,115,60,30
644,128,36,28
606,136,61,27
567,143,57,27
527,147,64,28
493,149,54,33
458,159,58,29
428,168,54,28
405,174,53,28
379,184,52,26
361,193,49,26
348,206,39,32
349,214,30,26
353,216,32,30
360,231,50,34
387,242,47,37
401,252,50,33
425,267,72,35
470,280,64,31
507,293,66,32
546,296,66,42
574,308,84,39
628,303,69,49
669,307,60,54
672,326,95,43
697,326,90,42
711,316,98,36
729,304,96,39
746,294,99,40
767,285,92,42
785,278,98,45
805,280,92,49
807,291,90,45
796,306,103,42
783,318,98,42
742,332,120,40
712,333,128,52
660,347,137,46
644,361,109,44
601,366,113,50
560,373,111,48
496,378,137,47
455,379,146,50
439,374,125,55
412,372,133,69
382,354,125,65
340,342,158,66
326,333,170,71
