206,251,260,93
203,210,226,99
190,184,211,90
105,135,263,104
150,117,190,97
129,111,185,91
108,108,186,91
100,109,182,98
40,113,226,99
37,110,239,105
55,117,212,104
83,138,193,96
35,146,255,96
49,152,251,92
118,146,192,88
102,137,222,86
141,124,203,92
163,118,190,89
175,115,189,90
133,104,251,96
206,114,175,81
167,100,222,90
126,92,261,98
199,99,185,86
191,59,177,103
107,9,225,117
134,1,182,81
108,1,89,29
0,0,0,0
0,0,0,0
0,0,0,0
0,0,0,0
0,0,0,0
0,0,0,0
0,0,0,0
0,0,0,0
137,1,66,28
134,1,68,38
139,1,71,34
163,1,70,34
190,1,73,50
220,1,72,72
256,1,91,108
286,29,116,117
322,58,77,114
278,98,214,100
320,126,202,101
350,135,132,105
311,154,214,95
317,160,195,85
349,161,110,80
351,149,150,87
318,165,189,75
320,172,168,73
350,164,93,73
337,162,127,61
314,146,161,60
333,130,126,60
324,119,117,57
331,114,119,49
333,100,119,51
352,99,72,47
364,93,69,52
334,91,103,49
319,83,108,50
329,73,80,50
356,57,38,46
349,36,57,40
360,1,70,58
0,0,0,0
0,0,0,0
0,0,0,0
0,0,0,0
0,0,0,0
0,0,0,0
0,0,0,0
0,0,0,0
0,0,0,0
0,0,0,0
0,0,0,0
0,0,0,0
0,0,0,0
0,0,0,0
0,0,0,0
0,0,0,0
0,0,0,0
0,0,0,0
0,0,0,0
0,0,0,0
0,0,0,0
0,0,0,0
0,0,0,0
0,0,0,0
0,0,0,0
474,1,36,59
485,40,43,76
467,110,86,85
406,160,227,91
431,211,191,86
477,243,105,79
430,261,169,81
419,281,203,77
429,284,155,73
460,285,105,81
391,290,220,80
446,294,94,76
386,283,115,95
352,302,197,81
407,309,69,78
350,298,178,87
313,296,189,74
335,282,115,83
290,268,145,82
261,276,161,78
280,284,112,78
247,267,151,91
218,269,189,88
226,285,159,75
227,272,156,94
220,284,178,89
243,301,164,79
267,290,152,88
272,272,180,85
302,259,159,77
322,230,164,88
335,226,219,81
354,224,186,79
365,223,175,82
365,241,225,76
366,245,209,89
359,262,166,80
340,260,173,88
326,266,178,84
303,263,178,83
277,246,185,94
231,236,220,89
208,231,258,83
170,198,220,107
139,173,267,108
109,133,304,129
84,130,284,110
73,101,336,122
74,84,326,128
85,108,289,107
102,115,365,118
125,134,371,136
149,202,335,114
164,239,286,116
167,259,285,135
155,270,289,138
124,262,300,124
102,224,306,152
86,209,307,153
75,226,375,131
68,221,339,144
72,237,345,148
77,263,360,140
91,267,366,141
104,253,376,161
112,256,459,161
101,230,400,165
85,203,493,157
58,178,514,151
27,126,463,165
1,80,572,176
1,53,463,163
1,1,485,175
25,1,472,145
66,1,461,119
