827,457,25,11
801,469,23,11
708,499,33,13
486,482,32,13
433,540,24,16
406,642,28,27
393,619,28,19
417,549,25,16
441,492,19,15
539,486,4,9
583,513,26,15
632,559,27,16
577,563,30,15
479,544,25,14
427,556,27,12
384,574,26,15
369,581,24,12
372,576,26,15
793,427,27,20
788,427,28,22
508,536,22,11
546,559,24,16
567,595,28,18
529,598,28,17
462,583,27,13
453,572,27,15
453,563,27,14
469,551,25,13
499,536,27,12
707,508,20,20
692,410,32,11
705,405,19,9
744,425,19,10
786,449,22,11
734,509,37,18
371,659,47,22
632,536,35,21
747,474,34,16
358,592,51,23
0,0,0,0
0,0,0,0
0,0,0,0
0,0,0,0
0,0,0,0
0,0,0,0
0,0,0,0
0,0,0,0
0,0,0,0
0,0,0,0
0,0,0,0
0,0,0,0
0,0,0,0
0,0,0,0
0,0,0,0
0,0,0,0
341,536,13,16
0,0,0,0
642,458,26,15
724,413,22,12
563,458,27,12
497,488,39,12
816,444,31,13
806,506,25,16
575,555,39,14
373,580,24,17
362,548,24,14
0,0,0,0
383,515,17,10
0,0,0,0
501,531,33,14
540,560,29,16
565,603,29,16
507,595,28,17
437,575,29,15
414,559,30,14
496,552,28,14
593,532,31,15
773,424,28,17
752,420,23,12
821,487,22,16
691,481,30,13
547,459,30,11
538,496,25,14
558,556,26,16
538,600,32,17
427,577,29,15
442,532,26,13
559,471,33,14
751,405,22,12
614,448,28,12
431,505,33,14
342,536,14,14
345,529,21,13
374,516,12,24
0,0,0,0
531,509,22,12
565,543,25,16
603,583,27,17
550,579,29,14
477,560,27,15
461,549,25,13
486,543,24,14
511,538,25,13
535,533,26,12
559,527,25,12
585,521,21,14
561,524,23,11
523,528,28,12
793,462,24,20
0,0,0,0
775,476,29,11
624,479,30,12
475,481,27,11
402,520,26,13
347,582,23,16
408,562,25,14
469,541,26,14
527,521,23,13
0,0,0,0
722,429,21,13
792,418,20,10
816,446,18,10
841,479,16,8
796,493,25,9
705,491,26,11
617,489,22,10
