633,520,22,15
679,460,22,11
621,446,22,20
551,592,49,17
0,0,0,0
413,536,32,14
609,554,35,17
683,514,24,15
672,456,21,13
672,415,23,9
0,0,0,0
0,0,0,0
0,0,0,0
755,457,24,11
664,444,25,8
611,440,19,10
639,466,21,11
539,503,44,14
0,0,0,0
652,475,45,16
833,464,22,11
850,479,13,10
789,466,24,11
729,451,22,11
676,436,19,11
638,426,18,11
676,441,20,9
717,455,22,11
405,489,45,19
453,563,46,14
773,514,28,16
788,443,21,9
679,426,26,11
654,444,19,9
670,484,22,11
687,533,26,12
641,552,28,13
539,541,31,13
449,529,27,11
427,501,16,11
452,497,8,8
0,0,0,0
739,426,33,14
678,464,26,13
517,543,26,17
384,595,26,13
345,592,26,15
0,0,0,0
0,0,0,0
393,526,10,9
477,541,25,9
523,575,28,16
549,609,31,15
470,584,31,16
421,562,29,16
491,550,28,15
648,518,39,14
862,470,27,14
846,484,19,12
698,528,29,13
529,576,30,14
467,583,25,15
462,572,25,17
471,554,25,14
516,515,26,14
766,427,28,14
0,0,0,0
0,0,0,0
0,0,0,0
0,0,0,0
0,0,0,0
0,0,0,0
0,0,0,0
0,0,0,0
0,0,0,0
0,0,0,0
0,0,0,0
0,0,0,0
0,0,0,0
0,0,0,0
0,0,0,0
0,0,0,0
855,413,16,19
862,444,13,10
860,446,15,11
0,0,0,0
0,0,0,0
848,454,20,12
824,466,23,12
799,480,23,12
467,574,25,16
606,583,29,15
629,542,22,14
624,498,23,12
622,461,21,10
619,428,21,12
689,434,23,10
762,437,25,10
800,444,23,12
800,456,24,12
797,468,25,13
614,506,52,14
321,534,28,16
593,452,33,13
732,426,19,11
680,432,22,10
629,439,22,10
575,446,22,10
537,459,21,10
507,476,21,11
475,495,23,11
454,506,34,18
733,423,35,13
708,426,21,11
772,499,24,13
648,504,35,10
494,480,29,11
475,516,23,14
491,579,24,20
460,627,36,18
358,603,26,15
373,568,25,16
392,536,19,16
0,0,0,0
468,506,5,4
531,514,23,13
568,557,28,18
565,590,32,19
477,565,27,16
403,541,23,15
387,543,25,14
378,546,24,12
369,547,25,15
361,550,26,12
415,547,25,13
475,543,27,14
0,0,0,0
561,540,24,14
519,554,24,13
471,566,24,14
425,579,29,14
496,552,26,13
571,516,26,17
707,444,24,13
704,403,18,11
781,428,24,14
870,457,23,11
858,451,25,11
796,428,18,8
751,421,20,11
720,432,19,10
685,441,20,11
480,520,29,24
471,624,34,26
586,489,21,18
689,418,31,11
716,409,17,10
732,464,21,11
752,532,27,13
596,526,32,12
447,517,30,13
409,506,25,12
467,541,27,14
539,581,26,16
554,587,29,17
501,553,25,15
0,0,0,0
475,584,31,19
