761,494,44,18
750,488,43,17
740,482,43,16
731,477,42,16
723,471,42,16
713,466,40,15
559,451,41,19
632,416,37,15
690,385,39,18
0,0,0,0
0,0,0,0
0,0,0,0
0,0,0,0
798,427,35,12
821,428,36,12
844,427,35,17
822,421,37,15
776,412,33,13
732,403,34,15
717,335,30,9
668,322,25,8
651,359,30,11
612,417,36,14
666,484,52,19
701,506,53,23
682,498,46,18
746,469,39,21
799,447,41,18
668,452,42,16
567,452,41,14
658,427,38,13
732,406,38,14
819,399,30,16
0,0,0,0
935,400,20,14
912,416,35,15
843,413,37,14
767,401,33,12
698,388,31,14
503,346,30,11
0,0,0,0
532,359,30,11
821,369,30,15
710,534,49,22
781,410,37,14
736,357,31,13
505,347,26,8
411,355,30,10
522,348,26,11
624,341,26,10
717,335,25,9
651,341,24,11
572,352,25,10
541,346,24,11
527,339,24,10
512,334,18,7
501,335,24,11
488,340,31,10
533,342,26,12
606,347,29,11
697,365,26,14
0,0,0,0
0,0,0,0
0,0,0,0
0,0,0,0
0,0,0,0
0,0,0,0
0,0,0,0
0,0,0,0
0,0,0,0
0,0,0,0
0,0,0,0
0,0,0,0
0,0,0,0
0,0,0,0
0,0,0,0
833,469,35,18
784,460,40,17
738,453,39,13
549,448,39,13
645,406,37,15
756,387,31,14
0,0,0,0
0,0,0,0
0,0,0,0
0,0,0,0
740,428,38,12
755,425,38,15
766,426,36,14
780,429,36,13
767,423,34,16
685,412,36,12
0,0,0,0
666,336,28,14
617,422,35,16
782,506,47,21
566,434,40,18
452,385,30,11
426,346,25,10
391,343,28,10
418,341,25,8
434,341,26,13
459,346,24,11
535,360,33,11
0,0,0,0
683,381,35,11
502,352,27,12
464,354,30,12
426,358,27,11
412,356,27,11
434,351,26,11
428,348,23,11
513,335,25,10
663,318,24,9
543,329,23,7
436,342,26,11
443,350,23,10
556,345,18,9
667,335,24,11
638,335,30,11
529,343,27,10
519,341,23,8
505,336,27,10
498,333,25,11
497,334,23,11
494,335,24,12
570,337,26,9
652,337,27,9
771,392,36,14
626,476,47,20
751,429,38,16
0,0,0,0
0,0,0,0
628,400,28,13
648,406,36,15
673,410,34,16
695,417,41,14
721,421,40,16
748,428,38,16
778,436,38,12
805,441,39,13
836,446,39,14
832,446,40,15
816,444,40,16
798,443,40,19
683,447,42,14
535,443,40,18
610,418,36,16
674,396,30,14
735,388,32,13
796,387,30,12
855,385,35,12
888,389,33,13
873,401,31,13
842,408,26,14
761,396,33,12
