424,649,32,19
391,629,30,16
345,592,27,15
345,556,23,12
345,522,22,12
370,515,25,12
443,506,25,15
739,431,20,11
676,417,19,9
696,426,22,10
742,443,18,10
787,460,20,11
838,479,21,13
835,479,22,11
793,464,21,10
840,476,23,12
806,456,23,11
715,434,23,9
644,428,21,10
684,456,21,12
708,496,29,14
380,649,58,24
727,534,38,20
852,470,24,12
793,444,20,10
741,416,19,10
721,406,19,8
769,423,18,10
849,457,24,12
832,461,25,11
743,435,20,11
646,424,24,8
657,448,18,10
682,481,20,10
631,535,43,19
485,592,39,20
784,476,30,16
787,474,20,12
777,473,19,11
806,480,24,12
802,471,23,9
720,445,23,11
621,431,23,9
640,456,18,11
441,501,30,20
455,607,36,14
523,578,22,15
499,513,22,12
498,471,21,9
593,488,26,12
699,504,24,12
787,511,23,13
754,478,23,12
724,450,21,10
665,429,22,11
644,440,19,11
672,467,17,10
622,506,38,14
306,569,24,14
401,530,29,14
582,556,38,14
657,526,22,16
629,470,21,14
623,432,23,11
726,444,21,11
826,459,18,10
856,469,23,10
785,441,18,11
689,425,23,11
673,433,18,9
710,462,19,9
662,511,45,24
457,607,52,19
780,493,34,16
886,469,5,6
0,0,0,0
0,0,0,0
874,444,9,8
856,438,19,11
830,436,20,9
806,434,20,11
785,442,21,10
763,459,20,10
742,474,20,13
822,499,23,11
773,466,24,13
706,441,21,11
637,426,20,11
665,445,20,11
704,471,21,10
675,502,44,16
284,564,13,11
501,480,35,12
764,444,31,8
876,471,15,9
706,466,31,11
663,521,20,16
575,583,36,18
395,585,35,14
0,0,0,0
0,0,0,0
0,0,0,0
0,0,0,0
0,0,0,0
0,0,0,0
0,0,0,0
0,0,0,0
291,688,13,20
291,689,14,21
288,692,17,19
289,692,17,19
288,693,17,18
289,692,16,19
248,676,27,16
0,0,0,0
278,559,22,15
290,565,19,13
294,564,17,16
284,566,26,13
333,549,27,13
378,534,27,11
482,504,56,16
0,0,0,0
731,528,30,18
457,621,45,17
446,638,30,17
502,633,28,16
516,607,30,17
531,582,28,14
585,557,63,15
785,430,18,17
701,464,24,13
556,541,36,17
411,630,29,15
467,647,29,16
443,617,29,15
423,589,28,16
406,562,27,14
365,518,25,14
390,536,27,14
452,582,29,14
513,626,31,19
447,586,29,16
391,553,26,12
343,519,26,13
364,531,26,15
407,561,28,12
456,592,28,16
506,544,21,17
567,493,27,12
750,508,24,16
667,440,22,12
722,436,25,11
856,461,23,11
856,444,11,9
801,438,21,10
750,437,21,9
698,433,22,12
640,423,17,10
678,447,20,10
720,473,25,12
810,503,24,13
729,459,24,11
631,433,24,11
658,453,22,11
717,487,22,12
776,522,25,13
705,495,27,12
327,546,70,15
501,469,37,14
754,405,5,6
595,447,24,15
451,526,27,17
340,566,28,13
317,531,25,14
0,0,0,0
425,545,4,11
684,439,35,17
629,438,30,9
420,513,35,19
