564,595,30,25
323,624,23,16
333,549,15,9
355,533,23,13
0,0,0,0
471,478,22,12
516,460,22,10
583,464,23,12
655,471,25,9
726,475,23,11
0,0,0,0
535,452,36,13
0,0,0,0
774,413,20,11
778,423,19,9
782,429,18,9
784,434,18,11
786,439,19,11
802,459,21,11
824,481,24,13
817,495,22,11
762,487,23,11
710,478,23,12
429,489,58,13
0,0,0,0
0,0,0,0
0,0,0,0
0,0,0,0
0,0,0,0
0,0,0,0
0,0,0,0
0,0,0,0
0,0,0,0
0,0,0,0
0,0,0,0
0,0,0,0
272,679,25,24
262,595,25,28
316,560,23,15
337,576,18,13
331,577,23,11
331,574,27,15
334,573,24,14
339,571,23,14
343,570,23,14
347,568,25,15
0,0,0,0
369,516,5,10
0,0,0,0
0,0,0,0
545,526,21,9
560,546,26,13
571,571,27,15
584,599,27,16
537,596,28,18
483,589,27,12
433,579,25,16
456,559,25,15
479,538,28,16
505,520,25,15
529,504,23,12
748,415,25,14
627,456,27,13
0,0,0,0
0,0,0,0
387,563,26,12
409,571,26,13
441,571,16,11
441,523,24,14
453,481,22,12
0,0,0,0
577,500,23,12
596,524,24,13
619,553,24,15
637,579,22,14
580,566,29,14
531,553,27,12
495,541,25,13
487,546,26,14
479,549,27,13
472,555,26,14
471,556,22,14
489,544,26,13
511,531,24,11
529,519,25,13
558,507,16,12
780,443,23,11
853,471,20,13
810,470,25,10
686,459,38,12
368,529,26,23
399,531,25,14
545,470,29,12
672,421,18,11
711,409,18,10
704,423,20,9
701,438,16,12
694,456,19,10
768,485,25,12
778,481,23,12
697,446,23,14
648,427,23,10
712,451,19,11
778,480,23,12
810,494,25,12
744,471,25,12
685,449,21,13
630,430,22,12
656,441,21,11
704,459,19,12
754,479,21,11
640,541,42,22
475,600,45,22
752,486,35,17
0,0,0,0
866,446,18,12
840,461,23,11
817,476,22,11
771,492,38,11
379,514,30,13
433,548,42,14
744,516,41,15
813,450,28,14
708,417,21,12
726,434,25,10
800,471,21,11
806,484,24,13
724,459,23,11
652,437,21,11
642,442,18,13
673,473,24,10
713,504,22,14
739,532,26,13
672,514,25,12
615,496,21,13
389,555,29,24
465,611,29,23
505,493,21,17
630,463,27,11
607,466,43,11
399,569,23,27
519,601,31,20
595,486,22,14
676,421,29,11
812,436,23,13
0,0,0,0
831,456,24,12
768,471,25,13
699,490,26,12
558,532,30,16
0,0,0,0
0,0,0,0
0,0,0,0
541,573,26,15
537,538,26,14
0,0,0,0
446,484,19,13
474,516,18,7
0,0,0,0
471,559,19,13
440,577,25,14
416,592,24,15
395,607,25,15
389,609,25,17
396,607,24,15
401,603,27,17
409,599,27,16
433,587,27,16
468,571,26,15
503,554,27,16
539,539,23,13
601,522,40,13
0,0,0,0
765,436,28,15
783,469,31,14
631,426,22,12
701,471,28,13
774,511,27,13
674,474,31,13
593,441,24,11
