742,258,30,9
701,239,23,13
703,235,26,14
804,251,28,12
847,256,29,11
850,250,30,11
756,259,31,11
613,279,38,10
286,405,96,20
135,453,60,22
233,419,48,24
259,361,44,16
294,315,22,17
0,0,0,0
0,0,0,0
0,0,0,0
411,355,38,19
335,380,44,21
254,407,49,23
232,413,46,23
215,419,44,22
218,415,46,21
249,401,44,22
293,388,30,15
0,0,0,0
0,0,0,0
287,307,34,15
0,0,0,0
382,339,29,16
379,360,39,20
315,378,42,16
251,393,47,17
199,407,45,20
176,415,50,19
172,418,46,19
190,409,45,23
208,406,48,19
256,384,44,21
369,325,40,16
539,277,69,13
867,246,41,11
516,269,48,8
220,327,45,16
173,340,25,14
0,0,0,0
0,0,0,0
365,310,36,11
450,310,38,14
421,322,42,16
374,340,42,14
320,356,42,17
262,374,44,17
204,393,43,18
202,396,45,22
214,403,46,18
312,354,45,21
423,304,39,15
825,260,63,12
832,311,56,15
331,378,82,20
246,419,47,23
272,446,50,27
252,413,46,24
237,385,41,17
0,0,0,0
0,0,0,0
0,0,0,0
393,330,42,14
0,0,0,0
308,376,45,16
222,401,45,18
211,406,47,18
220,406,49,18
330,353,45,19
453,298,56,13
0,0,0,0
732,233,29,12
822,255,29,9
