415,630,33,20
416,619,31,21
360,574,26,12
312,533,25,12
326,546,24,14
352,565,22,13
333,549,23,12
322,534,21,12
318,521,17,11
323,534,24,11
339,546,22,14
344,547,24,10
329,519,23,13
352,529,23,11
385,547,24,13
420,568,26,12
462,587,28,15
563,448,46,9
814,444,29,9
601,482,31,14
357,525,35,14
322,523,30,12
513,489,31,14
686,460,25,10
764,449,17,12
771,454,19,10
784,459,21,10
850,474,21,9
855,469,22,12
809,451,20,13
768,436,17,11
760,431,17,10
752,428,19,10
745,424,20,10
744,425,17,8
738,427,19,9
736,428,18,9
732,430,19,10
724,435,16,9
708,441,19,9
693,450,17,11
677,460,20,10
662,469,19,11
644,479,22,11
530,491,44,14
352,565,50,13
725,526,48,14
846,432,27,12
836,431,20,10
858,439,20,11
879,446,16,11
0,0,0,0
0,0,0,0
888,454,14,11
864,446,21,11
853,451,21,11
841,456,21,11
878,476,20,10
842,466,22,11
800,452,21,11
758,439,22,11
730,431,21,11
718,433,21,10
706,435,21,10
694,438,20,10
681,444,20,11
668,451,19,11
561,463,42,12
337,598,25,23
399,587,25,21
404,506,30,12
578,544,34,15
666,526,23,17
633,465,20,12
645,434,22,10
754,448,25,11
833,474,22,10
814,482,23,12
740,468,24,9
681,454,12,7
635,431,22,10
660,435,19,9
705,446,20,10
711,444,20,12
716,444,20,9
722,442,21,11
728,441,21,11
714,447,23,10
693,454,22,11
672,463,23,9
529,526,38,19
430,602,47,18
693,542,29,18
786,456,23,14
748,436,23,11
696,423,21,12
665,421,18,10
682,439,17,11
698,461,18,10
769,483,24,13
812,493,23,14
756,467,23,13
716,446,21,10
718,439,21,10
720,433,21,9
715,436,20,9
711,439,19,11
706,444,19,12
702,448,19,9
688,460,22,12
668,484,22,11
295,573,50,20
0,0,0,0
345,551,27,14
433,526,26,14
519,504,23,12
597,482,23,11
668,461,21,11
734,441,20,12
738,437,19,11
726,434,19,12
754,454,21,10
806,484,24,12
801,489,23,12
740,469,22,11
690,451,21,10
700,443,19,12
708,436,20,9
712,434,19,8
714,434,19,9
715,434,19,9
718,434,19,10
720,436,18,8
704,445,19,9
682,455,19,11
541,553,23,25
395,619,35,17
540,613,35,17
601,565,23,16
633,518,22,15
660,478,20,13
684,446,19,10
744,474,24,13
805,506,25,11
734,479,22,13
688,461,22,12
696,454,20,11
701,448,20,10
706,442,19,10
709,443,20,9
714,443,19,10
700,454,20,8
625,469,48,12
316,575,27,13
672,543,45,12
825,450,20,12
885,459,12,10
842,475,22,12
752,474,24,11
772,488,27,12
799,485,25,12
742,456,22,13
734,445,21,12
744,440,21,12
754,436,20,11
759,434,20,9
746,434,20,11
734,434,19,11
