734,513,32,17
513,624,44,21
454,613,29,15
396,587,31,15
367,564,8,12
303,541,19,13
288,538,7,10
315,558,25,14
327,554,24,18
333,535,24,14
400,576,30,14
450,554,26,16
501,517,27,13
877,456,14,10
693,523,40,17
434,601,28,19
432,650,32,23
503,574,34,16
565,507,23,13
609,454,23,12
666,421,20,7
765,411,20,13
746,399,19,10
734,401,20,9
753,409,20,11
770,421,21,9
768,436,21,9
768,451,19,9
666,462,41,13
444,531,31,23
463,641,34,23
570,529,45,13
845,471,21,16
836,481,23,16
683,540,39,14
469,583,42,15
405,587,26,17
385,584,21,12
339,538,23,15
358,537,25,13
0,0,0,0
453,546,24,15
509,502,41,19
754,419,25,12
660,457,27,13
479,522,33,16
383,566,23,14
0,0,0,0
0,0,0,0
0,0,0,0
405,543,27,15
0,0,0,0
447,536,21,14
654,496,42,14
882,468,23,11
648,509,33,15
377,554,34,14
386,551,22,15
396,549,28,11
367,523,13,9
383,535,15,15
0,0,0,0
427,574,23,15
422,579,25,16
417,584,26,15
415,587,25,17
411,593,26,15
410,596,24,16
408,600,28,15
433,584,27,18
477,557,27,16
789,486,27,20
886,450,9,12
876,456,22,8
791,443,19,11
706,434,24,12
633,425,18,10
656,449,19,10
682,476,22,11
0,0,0,0
0,0,0,0
0,0,0,0
0,0,0,0
0,0,0,0
0,0,0,0
0,0,0,0
0,0,0,0
0,0,0,0
0,0,0,0
0,0,0,0
0,0,0,0
252,617,27,30
0,0,0,0
0,0,0,0
0,0,0,0
0,0,0,0
384,544,26,16
437,571,25,15
463,532,26,15
572,489,49,14
856,443,25,17
767,451,27,11
637,430,18,11
708,479,24,13
752,517,28,11
654,480,26,12
642,486,29,16
668,499,27,15
578,453,24,11
700,500,26,10
723,505,22,10
627,464,21,11
597,451,19,12
666,484,28,11
423,524,25,20
454,652,34,18
509,527,20,17
672,414,21,16
662,441,27,14
512,527,27,15
454,609,29,17
468,615,29,16
421,565,26,15
383,524,23,13
379,516,24,12
421,547,24,14
395,527,23,14
393,528,21,14
0,0,0,0
474,529,23,17
481,482,24,12
545,474,22,12
637,481,22,11
731,488,24,13
640,498,52,14
0,0,0,0
0,0,0,0
473,555,35,15
653,570,23,13
629,506,18,13
609,452,19,13
651,440,26,10
752,453,24,8
401,507,39,14
436,511,45,16
726,454,31,11
795,449,20,12
781,466,20,11
764,483,22,13
0,0,0,0
0,0,0,0
0,0,0,0
0,0,0,0
0,0,0,0
0,0,0,0
0,0,0,0
0,0,0,0
0,0,0,0
0,0,0,0
0,0,0,0
0,0,0,0
0,0,0,0
292,572,14,36
0,0,0,0
394,568,14,10
387,546,23,12
0,0,0,0
416,571,27,14
409,555,26,17
0,0,0,0
634,432,35,13
660,454,29,15
421,566,37,20
408,574,24,13
401,571,25,14
0,0,0,0
387,554,11,13
429,573,29,15
489,537,23,13
533,480,45,15
