888,476,19,11
815,461,23,11
749,448,21,10
704,441,19,11
712,459,21,9
720,475,18,10
388,604,35,27
505,597,27,15
471,619,25,17
431,644,27,18
389,667,30,21
410,668,32,18
433,644,29,18
455,619,28,20
0,0,0,0
0,0,0,0
0,0,0,0
382,555,23,15
448,602,28,16
529,599,22,14
492,543,20,12
652,465,39,17
702,437,19,9
620,431,19,12
626,454,17,9
637,479,21,12
523,531,31,14
0,0,0,0
361,589,28,13
453,641,32,19
380,575,28,13
0,0,0,0
0,0,0,0
447,577,24,14
501,537,19,13
771,468,38,14
762,523,33,17
416,625,41,20
394,632,25,17
433,599,24,17
465,568,25,15
499,546,10,7
0,0,0,0
414,531,20,12
449,566,21,12
455,566,27,13
470,557,22,13
477,522,23,15
766,503,57,12
725,424,31,9
708,473,21,14
671,526,30,11
479,497,29,13
410,534,24,13
449,604,33,15
516,592,27,16
495,531,23,13
479,483,21,11
538,487,23,12
815,446,36,13
768,513,30,16
532,591,41,17
442,598,26,15
461,570,26,18
480,545,26,12
477,522,14,10
0,0,0,0
509,527,23,10
519,528,21,10
521,525,17,7
512,513,22,11
503,497,21,11
735,431,20,9
735,423,20,10
834,453,23,10
858,461,22,11
772,437,22,10
698,413,17,9
736,428,19,8
798,453,21,10
868,477,23,12
830,464,20,11
770,444,23,11
722,431,19,9
689,466,22,9
590,526,38,20
438,614,50,19
737,521,34,16
0,0,0,0
752,523,30,13
555,592,39,15
493,635,29,18
459,602,28,14
431,571,26,16
407,544,21,13
0,0,0,0
0,0,0,0
431,524,9,9
455,541,21,6
452,544,22,16
451,546,21,14
455,531,23,15
602,511,54,13
796,448,42,10
488,469,24,15
364,589,27,16
463,635,28,21
421,561,27,14
459,510,25,12
521,471,23,13
583,446,23,10
672,433,23,10
753,422,20,9
750,428,17,10
740,436,19,9
732,445,19,9
732,456,20,10
811,472,24,11
857,479,22,11
805,456,22,11
758,436,23,11
720,419,20,11
742,439,21,11
768,459,22,11
797,480,22,14
826,505,21,12
778,494,21,9
730,484,21,9
684,470,21,12
382,513,30,20
0,0,0,0
542,534,36,11
761,529,26,16
778,462,20,14
802,439,17,12
836,446,19,11
871,454,20,10
904,464,3,5
900,459,7,8
875,450,21,11
856,444,19,11
877,467,22,11
852,477,24,10
785,474,25,12
718,474,25,10
653,469,23,11
379,553,39,22
0,0,0,0
0,0,0,0
0,0,0,0
0,0,0,0
0,0,0,0
0,0,0,0
0,0,0,0
0,0,0,0
0,0,0,0
0,0,0,0
290,692,12,16
0,0,0,0
0,0,0,0
0,0,0,0
387,577,31,15
503,592,25,16
588,588,26,15
573,546,26,13
0,0,0,0
0,0,0,0
440,556,26,16
539,594,32,17
559,569,25,15
567,513,31,14
856,456,20,15
661,524,38,12
0,0,0,0
0,0,0,0
453,531,28,14
0,0,0,0
540,546,26,11
0,0,0,0
497,524,23,12
