676,504,33,11
469,514,33,12
0,0,0,0
0,0,0,0
0,0,0,0
392,542,28,11
497,531,16,7
475,546,25,14
486,549,26,12
489,530,23,13
634,510,45,12
845,439,24,11
869,474,26,12
744,467,27,10
625,458,24,10
549,463,21,10
555,502,22,10
561,546,23,14
550,559,26,13
535,556,25,16
523,552,21,14
511,531,25,12
845,486,26,20
650,464,38,11
0,0,0,0
375,566,17,11
424,569,28,14
496,573,16,15
535,581,14,12
543,571,22,10
564,559,13,8
520,526,23,14
675,472,42,13
846,456,26,13
812,450,24,11
815,466,22,10
823,485,23,11
822,503,22,11
776,499,21,12
730,496,24,11
783,504,26,11
806,493,24,13
776,471,25,11
752,449,21,12
728,429,21,11
715,419,19,11
732,438,21,11
752,459,22,11
774,482,22,10
594,539,49,17
724,529,47,13
871,454,29,11
836,463,21,9
745,487,25,10
645,512,23,14
532,543,28,14
708,482,43,18
743,481,34,14
479,577,35,18
341,567,8,11
0,0,0,0
343,580,22,13
439,609,31,16
510,617,32,17
483,571,25,17
458,533,26,13
507,474,33,10
770,469,37,10
855,459,31,12
676,466,31,11
495,468,28,11
434,529,27,14
405,598,33,15
531,622,29,16
503,573,24,12
468,529,24,11
373,509,9,9
0,0,0,0
442,613,38,18
479,589,29,16
446,526,22,15
444,495,18,14
0,0,0,0
498,546,26,14
480,565,24,11
481,537,25,13
629,503,36,9
894,466,14,7
653,501,38,14
408,538,11,9
382,526,12,11
0,0,0,0
0,0,0,0
399,522,22,12
0,0,0,0
441,534,18,12
0,0,0,0
428,587,28,16
426,561,25,12
432,522,10,11
744,414,38,11
734,420,23,11
880,442,21,14
828,466,28,9
689,459,28,9
559,451,21,8
551,494,23,11
548,547,25,13
543,609,27,19
445,612,29,13
381,586,11,12
371,525,19,13
414,516,6,8
513,531,21,11
553,593,28,18
474,590,32,16
380,561,24,13
0,0,0,0
0,0,0,0
0,0,0,0
453,551,25,14
425,564,26,14
448,540,26,15
540,499,46,12
842,455,23,12
687,560,31,17
376,637,38,28
501,583,26,12
574,488,20,11
642,429,25,11
732,422,21,9
693,415,19,9
693,418,18,11
713,428,19,9
709,431,18,10
674,423,20,10
719,443,19,11
769,466,22,11
824,490,22,10
808,485,23,12
760,466,23,11
717,449,22,9
410,499,32,17
0,0,0,0
495,498,33,11
687,480,30,12
848,466,23,11
860,484,22,11
803,476,20,11
744,469,21,9
527,506,41,16
375,526,31,16
618,440,28,14
689,417,18,10
525,471,29,11
0,0,0,0
0,0,0,0
374,524,9,8
421,528,25,11
442,538,20,10
426,550,18,12
408,556,20,11
447,529,6,10
663,472,41,13
804,479,25,13
635,576,40,13
401,646,28,18
356,647,30,18
353,648,27,18
393,669,31,19
385,657,31,20
360,634,29,17
340,613,26,15
338,577,6,9
361,568,9,9
382,556,27,14
464,584,26,10
513,546,25,11
672,520,57,12
831,456,29,10
