898,539,50,13
776,541,43,12
510,450,46,16
434,436,38,14
610,488,50,14
847,548,52,16
926,551,52,14
975,543,51,16
1020,539,48,11
1063,533,50,13
988,518,39,13
868,504,44,10
755,486,53,13
655,473,41,11
555,458,43,13
462,446,45,14
379,434,41,13
350,430,38,9
0,0,0,0
0,0,0,0
0,0,0,0
548,438,40,14
566,434,43,15
558,438,41,14
546,443,41,13
535,446,42,14
538,450,27,11
563,442,43,11
492,452,32,14
0,0,0,0
321,463,43,12
277,458,42,14
354,454,37,15
427,455,37,12
0,0,0,0
452,456,42,11
494,451,39,13
569,440,39,11
470,454,45,12
381,466,32,14
332,466,42,12
299,464,38,13
350,463,37,12
411,464,41,14
0,0,0,0
404,460,46,16
367,458,43,12
412,457,37,11
472,456,38,13
0,0,0,0
420,458,43,12
420,458,45,14
447,462,45,11
0,0,0,0
416,460,40,11
369,459,38,12
387,457,36,12
428,460,41,13
0,0,0,0
401,461,46,14
395,462,43,13
460,465,44,14
519,468,42,13
0,0,0,0
490,467,43,12
454,466,38,11
476,443,39,15
183,471,52,17
229,460,44,15
380,433,39,12
379,430,34,16
0,0,0,0
0,0,0,0
196,464,45,13
318,448,40,12
427,432,30,10
425,434,43,11
340,449,38,11
247,464,45,12
146,478,51,15
182,472,48,14
268,459,44,14
350,445,35,14
421,434,38,11
456,430,40,10
395,438,38,11
325,447,40,13
250,457,49,15
175,470,50,12
0,0,0,0
171,470,45,14
233,459,44,12
295,450,44,14
354,442,38,12
408,435,42,12
460,428,36,9
420,432,39,13
374,439,43,13
328,448,42,12
281,455,39,14
227,463,46,14
176,472,46,13
0,0,0,0
158,474,48,14
209,468,47,13
259,461,46,14
305,454,45,13
354,447,37,13
396,444,40,10
439,436,40,12
478,429,41,13
464,430,39,16
430,438,39,12
393,443,41,13
356,452,40,11
317,457,43,10
273,463,46,13
234,469,44,13
190,475,48,13
160,482,36,11
163,479,44,15
200,474,48,15
239,468,43,15
277,464,38,12
317,457,42,14
353,452,37,11
385,446,41,12
423,441,36,12
451,435,42,16
486,436,43,12
516,440,45,10
552,443,41,12
587,448,40,12
620,452,40,14
651,461,44,9
684,466,41,10
716,470,46,13
753,477,36,14
784,484,42,12
817,490,42,13
789,492,41,15
744,498,45,14
721,500,38,12
707,499,38,16
702,501,41,13
702,501,40,13
706,500,39,14
704,499,38,16
703,500,41,15
702,501,41,12
707,503,40,10
707,501,38,12
706,502,38,12
0,0,0,0
707,501,42,16
704,502,45,13
705,501,43,13
709,504,38,10
710,501,38,14
707,502,44,15
706,500,45,14
710,501,37,13
708,501,40,13
704,503,42,11
706,501,41,11
706,499,45,15
704,502,47,14
706,502,43,12
705,501,45,12
703,499,47,15
707,500,41,17
708,501,43,15
711,503,33,11
710,499,40,15
710,504,38,10
706,503,40,13
709,502,39,13
708,500,40,15
705,502,44,12
705,501,42,13
706,500,42,17
703,502,44,14
681,506,51,15
534,513,47,15
401,517,48,12
390,494,49,14
383,472,46,14
412,461,44,13
467,456,42,15
516,453,41,14
564,446,42,15
613,444,38,14
634,447,41,12
632,453,40,11
633,462,39,15
439,480,50,15
0,0,0,0
316,470,41,14
381,450,46,11
454,446,38,15
517,444,38,10
585,442,35,11
0,0,0,0
0,0,0,0
0,0,0,0
373,462,44,14
333,464,45,12
310,464,41,12
280,463,43,14
398,461,49,15
594,459,47,10
1063,529,65,18
951,560,84,16
459,510,75,13
91,467,43,15
455,454,52,16
765,469,37,15
903,538,51,12
0,0,0,0
0,0,0,0
0,0,0,0
0,0,0,0
830,573,48,14
779,565,49,15
826,561,53,14
933,559,55,17
998,570,54,19
1053,575,57,18
1191,543,54,18
1209,507,50,17
1112,521,54,15
985,539,56,15
872,574,57,17
1038,537,51,16
1162,534,54,15
0,0,0,0
0,0,0,0
0,0,0,0
1263,524,17,13
1143,523,47,15
1004,522,51,15
864,523,49,15
0,0,0,0
0,0,0,0
0,0,0,0
0,0,0,0
0,0,0,0
0,0,0,0
0,0,0,0
0,0,0,0
0,0,0,0
0,0,0,0
0,0,0,0
0,0,0,0
0,0,0,0
0,0,0,0
291,449,39,13
286,453,42,12
278,456,43,11
274,458,45,13
463,458,42,14
647,456,46,16
0,0,0,0
863,493,63,57
582,446,35,20
0,0,0,0
0,0,0,0
0,0,0,0
0,0,0,0
1093,454,48,50
