617,321,22,7
567,331,21,10
516,342,23,11
495,343,25,9
478,342,25,9
497,342,22,9
528,340,24,10
627,324,21,11
583,334,21,8
502,343,22,9
483,341,23,8
477,337,24,9
535,336,24,9
579,350,21,13
829,393,35,12
766,351,29,10
654,335,29,10
512,330,24,11
440,337,19,9
400,349,26,10
433,354,26,10
0,0,0,0
599,333,24,10
614,327,23,10
521,335,23,12
474,338,27,11
462,336,23,10
513,337,26,9
582,334,26,12
764,398,66,10
0,0,0,0
727,417,42,12
0,0,0,0
0,0,0,0
752,411,39,13
757,414,37,14
858,391,28,14
0,0,0,0
0,0,0,0
862,396,29,10
753,416,40,13
734,412,38,13
798,386,35,12
838,371,28,9
831,369,31,12
824,371,32,9
788,369,26,11
737,369,29,12
689,369,21,10
641,368,30,11
586,325,25,15
0,0,0,0
0,0,0,0
361,340,26,15
479,341,23,9
0,0,0,0
701,331,16,8
0,0,0,0
0,0,0,0
519,354,26,10
445,360,27,9
443,358,28,9
487,348,25,11
526,340,22,11
0,0,0,0
0,0,0,0
712,380,51,9
516,368,23,12
537,334,22,10
567,313,21,11
0,0,0,0
413,328,29,10
332,335,22,12
360,336,26,7
344,341,29,9
356,343,23,9
376,340,26,12
400,339,24,9
463,330,27,12
571,318,25,10
540,324,25,10
462,336,25,10
459,334,23,10
456,333,24,11
525,332,25,9
667,352,42,12
743,391,38,10
586,380,34,12
454,370,28,10
417,350,28,11
424,334,26,12
491,328,23,11
555,325,23,10
617,320,19,8
597,329,18,10
0,0,0,0
547,339,23,9
524,340,23,7
573,332,24,8
752,349,38,12
0,0,0,0
657,351,36,11
443,346,37,11
404,343,27,10
507,332,22,8
588,323,23,7
578,325,21,10
521,335,19,9
478,341,26,9
474,337,26,11
510,336,21,9
579,332,26,10
0,0,0,0
511,383,35,10
424,332,29,11
525,309,25,11
507,321,24,12
431,344,28,10
432,350,32,11
536,341,28,8
653,333,31,10
0,0,0,0
674,328,28,9
565,314,20,9
521,322,20,10
469,332,26,9
419,339,25,10
371,349,23,9
0,0,0,0
0,0,0,0
569,319,23,9
522,321,18,10
0,0,0,0
453,344,24,9
592,334,26,9
643,333,22,9
0,0,0,0
462,352,29,11
407,354,24,11
449,349,27,11
496,347,25,7
542,340,24,11
630,323,23,9
537,334,22,9
473,339,25,11
447,337,27,10
469,339,23,9
542,341,27,9
630,391,60,12
810,367,37,9
625,327,38,7
560,309,23,12
556,335,22,10
545,362,28,11
569,392,40,9
735,393,36,10
848,392,34,11
864,387,15,12
0,0,0,0
755,405,37,13
687,414,40,13
765,391,31,12
824,372,29,10
846,374,31,12
863,379,31,13
799,381,32,11
700,377,33,11
490,344,40,16
507,348,38,11
784,391,41,12
792,385,35,11
757,369,30,12
724,357,29,10
496,333,30,16
496,326,26,14
514,363,36,11
775,354,36,7
851,382,30,13
707,404,40,13
669,396,33,12
725,369,33,10
771,354,29,11
808,357,28,11
823,362,30,10
730,373,27,12
621,387,32,10
572,389,34,10
633,373,26,10
680,361,30,10
729,369,28,10
777,376,31,10
754,377,30,13
698,378,33,9
608,369,37,10
0,0,0,0
0,0,0,0
0,0,0,0
0,0,0,0
0,0,0,0
0,0,0,0
0,0,0,0
0,0,0,0
0,0,0,0
0,0,0,0
0,0,0,0
0,0,0,0
0,0,0,0
0,0,0,0
0,0,0,0
0,0,0,0
545,318,17,10
548,325,22,10
593,325,21,11
589,328,24,9
519,342,24,11
404,352,28,10
489,335,26,8
583,323,26,7
589,329,26,10
548,344,17,10
523,340,22,10
507,335,24,11
528,334,24,10
659,350,38,12
804,365,43,15
565,328,31,12
550,333,24,10
561,343,27,10
0,0,0,0
678,330,27,10
0,0,0,0
472,360,30,12
500,356,28,11
595,344,25,10
602,336,26,10
544,335,25,9
488,332,24,11
540,337,28,9
601,337,27,12
812,424,37,12
