412,581,29,16
562,479,50,12
866,446,15,16
630,430,35,11
600,502,24,12
557,608,37,13
352,597,28,15
379,551,25,16
401,514,25,13
517,471,35,14
694,436,22,12
619,434,19,8
640,463,19,10
0,0,0,0
713,503,24,11
767,506,24,14
811,504,22,13
808,484,22,12
838,483,22,12
798,460,21,10
762,437,20,10
744,426,21,10
742,426,19,9
738,423,17,11
721,434,19,11
700,448,20,9
676,461,22,11
430,488,56,14
422,569,50,14
759,526,26,16
829,445,18,11
850,443,19,10
0,0,0,0
0,0,0,0
0,0,0,0
865,449,12,17
858,468,20,10
792,459,23,10
854,486,25,12
798,464,21,11
739,441,24,10
728,436,21,10
724,434,19,9
721,433,19,8
715,434,20,8
703,441,20,9
690,449,21,10
626,454,31,11
497,593,26,25
420,572,32,18
579,468,23,14
720,408,23,9
690,441,21,12
593,500,22,12
461,571,33,19
719,462,20,20
685,429,17,15
611,544,28,19
407,640,35,30
373,671,27,19
386,673,31,22
389,672,32,20
391,668,31,19
390,667,30,19
391,667,30,18
399,668,31,18
407,662,29,19
399,645,31,19
393,629,30,17
388,612,28,20
387,597,25,14
370,546,23,15
362,507,22,13
419,531,23,13
481,555,25,14
672,559,31,21
759,406,20,18
643,466,20,14
543,596,31,21
391,644,40,16
519,592,23,18
563,521,25,16
599,465,17,13
627,428,20,10
651,439,18,11
676,451,19,11
723,471,24,10
822,503,24,10
742,478,25,11
704,461,21,11
704,450,18,12
702,441,19,9
704,439,20,9
709,438,18,9
713,436,20,9
718,436,18,9
708,443,21,9
698,453,19,10
686,463,22,9
686,477,9,5
672,476,15,9
682,467,19,9
690,459,22,8
699,448,18,10
707,441,20,10
716,433,19,10
725,426,17,9
693,442,20,8
564,461,52,9
339,576,23,12
360,564,24,14
379,554,24,13
400,543,22,14
714,446,35,18
724,409,23,9
0,0,0,0
0,0,0,0
0,0,0,0
0,0,0,0
0,0,0,0
0,0,0,0
0,0,0,0
0,0,0,0
0,0,0,0
0,0,0,0
0,0,0,0
0,0,0,0
0,0,0,0
0,0,0,0
0,0,0,0
0,0,0,0
0,0,0,0
0,0,0,0
0,0,0,0
739,420,16,11
728,422,19,10
721,424,19,10
714,427,21,9
704,432,22,9
689,443,20,9
533,468,25,21
389,670,51,20
531,511,22,21
642,434,29,11
786,442,23,10
832,480,23,14
786,484,25,13
702,469,23,12
644,453,7,7
599,438,19,9
626,456,21,11
659,474,14,11
666,471,21,11
668,464,20,11
673,458,20,11
676,451,21,10
681,445,19,8
683,441,20,10
685,441,18,11
686,443,19,9
687,449,20,10
687,478,21,12
447,554,57,18
306,539,22,14
352,549,26,11
445,582,33,16
545,613,29,17
495,569,24,14
