568,273,30,42
569,271,27,45
569,271,27,46
569,271,27,46
570,271,27,46
570,271,27,47
569,272,27,46
569,272,27,47
568,272,27,47
568,272,27,48
567,272,27,49
567,272,27,48
567,272,27,49
567,271,27,50
567,270,27,51
568,268,27,53
569,267,27,55
570,264,28,58
569,263,28,51
569,260,28,51
570,257,28,51
570,255,28,51
570,253,29,51
569,251,28,52
569,249,29,52
570,248,28,53
569,247,29,53
569,247,29,53
568,245,29,53
569,246,29,54
569,245,29,54
570,245,29,55
571,244,29,55
572,243,29,55
574,242,29,55
574,240,29,56
576,239,29,57
577,238,29,57
578,237,29,57
580,237,29,57
580,238,29,58
581,239,29,58
582,242,30,59
547,172,47,93
538,161,53,100
536,168,56,108
538,178,54,108
527,174,61,120
518,174,65,133
512,185,69,139
503,194,73,148
490,199,80,160
481,209,81,170
468,219,88,177
459,229,91,185
437,227,102,203
421,227,106,222
420,234,108,220
421,236,106,221
421,238,110,223
424,238,112,225
430,241,111,224
361,193,154,307
351,184,168,327
360,182,168,324
347,167,188,359
359,164,190,368
373,165,191,370
381,170,196,370
391,176,199,368
399,183,200,370
401,187,200,370
399,195,205,373
399,200,207,372
395,205,212,371
391,208,213,372
386,207,215,379
380,207,216,381
375,208,218,377
368,206,218,380
361,205,221,381
352,200,225,386
346,199,227,387
339,197,229,390
333,194,231,387
326,195,234,386
319,189,236,394
312,190,243,388
301,192,250,387
293,195,253,387
284,192,258,390
275,197,264,385
266,197,270,388
256,197,276,378
243,196,283,377
232,196,290,378
223,195,295,373
213,192,302,374
202,189,310,370
190,186,317,367
180,184,321,363
172,184,330,361
160,181,341,363
157,182,345,362
151,180,351,367
144,181,360,363
141,181,363,362
137,176,373,363
133,173,379,364
132,166,389,367
133,161,393,363
138,154,398,361
143,144,405,363
148,129,412,368
155,116,414,369
162,100,419,374
169,84,422,371
178,66,427,372
184,51,427,378
190,38,435,385
200,28,441,385
207,28,442,383
214,29,444,384
217,34,450,385
222,44,449,385
229,56,452,382
232,71,454,379
233,88,457,378
231,105,460,384
229,121,462,390
226,138,466,386
220,145,470,391
215,155,473,388
212,158,471,386
209,161,476,386
206,159,477,387
203,155,480,388
203,149,481,391
203,147,482,391
204,146,482,392
206,149,485,392
205,149,487,393
215,151,480,396
220,157,479,397
223,161,479,397
227,165,477,401
233,168,474,402
234,171,477,403
237,172,472,406
239,175,471,404
241,172,471,408
245,175,468,405
245,175,469,404
244,170,471,408
244,172,468,403
241,174,472,402
240,174,473,406
237,181,476,404
236,187,477,401
236,192,475,402
233,200,479,402
232,206,479,402
230,211,479,403
231,213,478,405
228,214,481,408
228,214,481,408
228,211,480,408
228,208,478,408
226,198,484,415
224,194,483,415
221,187,487,421
221,184,487,421
221,177,489,426
219,176,490,425
217,171,491,430
221,168,490,434
217,164,497,437
219,161,495,441
222,158,498,446
221,151,505,448
230,147,508,452
233,128,504,458
318,117,357,354
322,109,365,352
325,102,368,353
330,100,371,352
330,104,373,347
335,110,371,344
334,120,372,342
329,133,376,340
322,148,380,336
312,167,384,332
298,185,389,327
284,202,393,323
269,220,399,320
250,232,402,319
230,248,403,314
206,264,408,309
191,278,411,302
170,293,416,294
143,300,429,299
120,316,428,291
97,334,431,288
80,346,436,289
