494,511,50,55
506,507,49,54
518,508,45,52
522,504,48,50
530,501,44,54
532,500,46,55
535,494,42,64
527,492,49,57
524,489,52,55
514,485,57,56
504,479,64,62
500,475,71,56
497,466,66,55
494,449,63,63
480,438,79,64
486,422,81,68
497,399,79,60
513,375,74,59
517,356,79,59
530,338,80,62
544,323,79,65
562,315,70,59
577,313,63,54
586,310,59,59
590,305,67,58
612,297,66,62
641,290,56,58
659,283,56,56
679,272,54,63
698,262,50,65
709,256,47,67
715,245,51,68
729,239,47,67
739,231,48,63
739,223,56,72
750,217,49,70
755,217,50,76
754,210,51,77
751,212,58,90
746,213,61,91
747,208,58,90
752,211,49,83
753,215,42,91
746,208,46,86
738,208,50,85
741,203,41,97
739,207,40,91
739,204,35,89
739,211,29,79
742,203,22,91
740,196,23,109
730,200,35,103
727,202,37,101
722,210,43,95
725,214,37,90
727,204,38,100
731,192,29,107
728,190,36,107
727,192,34,102
735,196,25,89
732,192,20,99
729,162,23,120
733,146,28,100
728,125,31,78
714,117,46,55
716,102,50,63
719,92,47,57
727,82,46,57
723,73,57,57
728,63,59,67
725,56,69,66
723,50,77,62
735,44,70,63
737,37,73,66
744,28,70,63
744,22,75,67
749,16,72,64
761,11,65,62
