91,56,157,228
94,56,157,225
121,55,153,231
154,63,157,200
152,76,203,191
237,83,145,183
292,79,73,180
280,90,83,195
256,101,118,200
239,108,129,200
222,115,144,204
197,135,162,197
172,139,157,201
132,134,164,205
120,130,152,199
111,128,159,198
100,127,170,196
104,130,175,194
112,128,175,192
120,134,173,191
129,134,170,182
135,137,171,183
143,135,174,168
153,137,167,162
162,137,161,163
175,131,152,164
156,131,161,158
155,127,158,157
132,116,181,161
144,114,176,155
142,110,180,155
155,111,177,157
170,119,181,150
193,126,175,199
213,125,178,144
234,131,182,186
257,137,180,181
277,135,179,182
301,144,169,169
320,144,176,174
336,146,184,171
358,149,174,176
377,161,126,174
389,145,154,194
420,160,125,180
443,128,103,210
452,116,72,225
465,102,88,225
484,101,138,237
485,93,181,238
503,99,189,219
524,99,183,219
524,102,190,217
530,121,195,204
536,114,190,213
531,133,186,202
528,142,182,193
526,148,179,195
519,152,178,200
513,153,173,197
508,157,169,197
505,157,165,201
499,156,168,201
497,149,167,203
497,146,164,205
486,138,172,222
476,134,173,221
463,126,175,229
446,118,181,230
429,110,185,225
416,115,190,203
416,112,182,234
406,110,182,235
397,105,183,237
394,101,176,240
388,89,172,250
375,80,177,254
357,65,189,268
341,44,197,284
317,32,218,306
311,27,222,317
296,24,237,320
294,21,241,336
280,11,249,346
283,11,240,351
277,18,247,348
270,20,251,353
267,26,253,351
261,28,256,354
258,25,256,355
265,21,254,358
264,23,255,356
272,24,242,351
275,24,238,354
295,42,222,334
314,53,207,329
335,64,194,296
348,75,186,296
366,85,175,282
370,85,165,273
371,84,166,277
381,85,158,272
379,79,159,278
390,85,149,269
403,97,139,257
407,102,135,256
411,110,130,251
409,109,130,256
412,115,125,238
412,119,125,239
415,128,124,234
415,128,121,235
411,127,124,230
406,126,126,222
404,126,124,217
396,127,128,226
389,125,128,230
382,124,126,229
376,125,128,228
368,124,131,224
367,125,127,217
360,122,128,218
351,123,132,219
347,127,128,211
334,126,133,208
326,126,130,207
309,127,137,207
299,127,139,214
302,117,138,217
302,117,130,221
301,128,122,219
319,137,108,174
353,154,83,146
378,170,64,149
393,178,42,165
379,223,45,118
371,195,50,140
366,205,44,139
366,214,55,139
335,213,58,129
331,216,54,127
347,213,30,129
333,219,61,145
327,227,46,181
318,229,39,181
310,235,34,200
304,247,42,197
300,252,41,195
298,256,37,161
294,268,35,155
289,272,26,139
280,274,33,156
274,272,31,152
270,269,35,172
259,270,52,173
253,266,47,187
248,264,55,176
249,261,55,178
249,254,69,172
251,253,77,175
256,249,90,172
266,242,104,168
275,241,108,174
280,237,113,179
287,224,122,189
295,216,127,194
300,207,133,194
303,201,142,191
306,192,138,178
310,181,137,174
311,171,137,168
311,163,133,165
317,156,126,160
325,151,109,183
334,150,104,186
342,145,99,191
351,146,95,188
355,147,94,185
366,146,87,180
371,146,80,168
