355,512,63,124
354,512,63,123
354,512,63,123
354,513,63,121
354,513,63,122
354,512,62,123
355,513,62,122
354,516,63,121
350,515,66,123
327,509,87,130
300,541,142,126
327,569,172,107
336,576,173,115
335,578,164,120
333,578,172,120
335,579,172,119
332,572,173,122
297,540,128,123
287,477,81,128
295,469,61,107
291,465,67,108
295,463,63,111
295,460,61,118
293,464,66,112
292,466,64,110
292,465,64,108
293,463,65,113
292,466,64,108
293,465,64,113
290,468,65,112
281,502,86,130
281,580,113,140
288,602,117,118
281,601,104,119
283,602,99,118
279,599,99,121
279,601,94,119
283,563,69,155
323,482,80,162
376,470,104,171
380,513,128,128
382,524,129,117
380,529,130,112
381,526,130,116
381,529,133,111
380,531,131,109
382,529,130,111
380,529,131,112
378,529,133,113
382,529,129,110
384,529,128,110
382,532,129,108
378,528,136,113
381,532,131,108
