812,66,272,373
784,17,189,425
798,15,206,408
865,1,259,323
837,1,204,234
759,70,282,395
753,241,227,344
754,245,220,340
756,249,217,332
754,244,224,337
752,247,211,335
753,238,225,350
740,248,301,336
819,247,203,308
750,276,193,296
777,264,203,316
788,269,171,307
782,269,197,314
776,278,163,305
789,276,203,299
794,278,202,305
795,303,204,280
819,301,178,284
816,300,181,281
817,297,178,285
799,284,187,296
788,284,166,295
775,285,158,293
778,284,155,292
777,284,157,294
777,285,160,294
776,285,162,293
776,285,165,294
775,285,167,294
774,285,166,293
773,285,165,292
796,286,141,293
777,286,158,293
780,286,154,293
785,289,154,293
804,292,180,292
799,294,162,290
781,295,170,288
776,298,165,286
779,298,163,286
781,298,161,286
784,298,159,286
786,298,158,287
789,298,156,287
791,297,156,288
794,296,155,289
796,295,155,290
798,294,154,291
800,293,153,292
803,293,153,293
806,292,152,293
805,292,155,294
804,291,158,294
801,293,153,291
798,295,156,289
794,297,159,286
800,297,151,286
805,297,142,286
803,297,144,287
801,296,145,287
799,296,147,288
797,295,148,288
798,296,146,286
799,298,145,285
800,299,143,283
801,300,142,282
802,301,140,280
801,299,142,283
800,297,144,285
799,295,146,288
797,292,147,290
801,293,143,290
794,293,148,289
793,294,149,288
791,295,149,287
793,293,147,289
794,291,145,290
788,289,151,292
789,290,152,293
795,289,149,295
797,286,151,295
743,300,117,255
738,350,110,196
736,354,114,191
733,352,116,195
730,356,120,188
727,359,201,186
724,361,202,186
0,0,0,0
741,369,25,50
739,368,32,49
723,370,65,168
667,326,121,188
641,326,145,231
633,325,152,230
624,325,161,232
625,331,159,227
675,317,122,234
717,298,266,260
715,301,269,258
712,283,269,275
797,269,175,317
797,269,179,317
797,269,182,317
798,269,183,318
799,269,183,318
799,268,184,319
800,268,184,319
801,268,185,320
801,268,186,320
800,268,187,320
800,268,188,321
800,267,189,321
799,267,190,321
799,267,191,321
