159,44,446,431
260,71,332,422
359,55,313,437
442,39,329,446
535,12,336,460
627,5,310,450
515,2,398,423
51,1,382,493
2,1,157,447
1,5,232,462
18,7,307,462
96,16,304,456
177,22,297,453
237,35,291,443
277,30,285,455
290,2,280,467
300,1,279,463
313,1,278,483
326,21,282,477
323,45,303,475
343,74,262,452
355,80,250,455
359,71,245,464
437,53,226,464
610,45,202,465
662,47,327,441
627,53,396,455
575,106,340,483
462,122,321,467
343,129,310,451
220,134,295,436
72,141,291,427
3,108,211,465
129,27,308,453
678,68,441,448
855,87,423,482
805,91,374,470
633,76,366,477
447,73,374,486
263,61,402,523
139,9,374,563
340,1,355,434
791,51,180,322
888,46,230,284
