404,317,124,241
402,316,130,245
401,315,127,241
398,315,131,246
577,167,180,301
834,201,255,424
778,204,198,421
771,225,206,401
777,224,202,399
759,206,242,412
792,111,163,408
794,1,170,388
749,186,201,416
733,240,232,365
735,237,229,369
729,251,235,349
722,236,268,371
716,240,281,367
838,245,181,342
811,272,210,321
810,263,221,327
835,265,196,328
831,278,198,316
822,280,209,314
828,271,203,321
846,273,184,320
840,275,199,319
874,275,166,318
867,275,172,316
858,284,180,310
829,282,187,311
828,285,183,308
832,285,180,308
849,284,163,307
836,284,177,307
837,283,178,307
837,281,178,306
796,312,149,265
801,315,146,264
806,317,142,262
792,319,158,261
790,320,159,260
794,321,154,259
798,321,149,258
798,321,149,258
798,320,149,258
801,320,146,258
800,319,147,260
800,318,148,261
799,317,149,263
800,317,148,262
800,320,146,261
818,315,129,263
811,319,137,259
811,319,138,259
810,318,138,260
810,318,139,260
814,321,136,257
814,320,135,259
814,318,133,260
814,314,132,264
818,314,130,265
813,313,136,265
812,313,138,265
770,313,149,227
708,378,94,163
707,381,101,161
707,384,103,159
710,382,99,161
680,377,174,163
0,0,0,0
559,369,65,166
559,370,63,167
559,370,187,168
553,351,147,184
603,310,105,247
588,316,118,243
579,316,128,244
585,315,140,236
682,307,277,250
682,314,279,244
681,311,280,247
677,312,284,247
791,290,142,261
820,307,145,277
826,303,141,278
832,299,147,278
886,289,272,299
890,289,267,300
893,288,262,300
893,289,263,300
892,290,272,299
897,281,277,308
898,278,273,310
833,139,233,354
735,1,255,140
