520,307,274,177
523,312,275,174
522,314,273,171
523,305,271,180
523,310,270,176
527,304,253,181
511,305,128,173
507,288,118,185
519,303,115,181
522,305,111,184
528,294,107,182
526,310,105,175
525,302,103,180
522,296,109,186
526,299,107,186
528,298,103,190
526,302,111,184
527,298,104,187
526,297,102,182
523,291,106,186
468,276,142,196
408,235,170,237
352,178,208,287
332,154,222,331
309,172,254,343
325,181,251,408
319,177,253,396
314,179,259,409
321,184,253,406
313,177,257,411
309,166,253,409
300,178,262,411
305,175,257,403
329,177,252,404
366,175,267,402
370,176,262,394
365,178,267,396
351,186,258,391
327,180,258,388
315,185,258,403
308,174,247,403
302,175,256,396
304,183,256,401
306,171,256,411
305,168,254,413
302,177,259,408
307,181,256,396
303,182,260,394
305,182,259,399
303,180,261,390
300,182,259,409
306,183,255,385
281,164,278,362
281,216,308,271
332,208,288,255
341,302,280,171
385,322,245,162
379,326,251,165
382,323,249,166
385,321,246,162
384,321,246,163
384,322,246,161
384,321,245,162
384,321,245,162
385,322,246,162
385,323,246,162
386,323,246,161
385,324,247,160
386,324,246,161
385,323,247,161
385,324,246,160
385,324,246,160
386,324,246,161
386,323,246,160
387,324,245,161
386,324,246,161
385,323,246,161
386,323,245,161
385,323,246,161
386,323,245,161
385,323,246,161
386,323,245,161
385,323,246,160
386,324,245,161
386,324,245,161
386,324,245,161
385,324,246,161
385,324,247,160
386,324,248,162
386,322,246,163
