523,308,166,251
611,394,289,244
721,416,286,234
720,424,284,227
720,420,282,228
721,421,283,228
714,421,288,221
713,411,287,219
713,409,286,228
681,397,299,224
612,376,111,222
584,383,117,197
586,382,114,199
582,380,120,204
582,378,122,206
583,377,121,209
586,380,60,177
559,424,206,139
751,368,102,205
801,390,108,211
800,396,113,204
800,393,115,209
803,394,108,206
800,392,114,208
802,395,107,203
782,389,108,211
753,382,131,218
725,377,153,215
730,378,147,212
736,376,140,212
772,386,115,218
795,399,98,205
802,398,93,213
807,397,86,208
807,399,84,208
807,399,85,206
808,399,90,207
805,401,90,201
808,404,84,202
806,405,89,201
807,405,93,200
807,402,92,205
806,398,93,208
805,401,92,203
805,401,94,204
806,398,91,208
808,399,87,206
805,394,89,210
803,394,99,209
797,387,155,209
790,373,200,204
777,359,234,193
769,310,203,223
542,373,116,172
513,372,100,186
512,377,105,183
510,377,106,187
511,376,108,185
512,371,104,189
510,367,99,193
455,361,162,221
521,409,311,234
611,411,315,244
613,420,306,238
612,419,308,242
612,422,307,241
611,426,307,242
611,429,309,241
611,427,309,241
610,429,310,239
611,424,309,243
610,424,309,241
618,417,304,234
617,401,303,246
618,400,302,244
620,398,302,249
625,387,296,261
633,378,285,272
638,376,281,273
637,380,284,263
631,380,284,264
620,386,290,262
683,393,190,265
734,402,109,257
733,403,113,259
731,405,111,263
728,402,116,265
733,416,109,251
731,406,111,261
734,403,108,262
734,405,107,260
733,408,109,257
735,409,105,260
733,406,110,261
733,403,107,262
733,404,109,264
