568,179,155,81
551,177,184,75
550,179,149,75
540,166,130,103
528,194,107,90
521,191,87,110
494,198,103,106
478,201,121,112
476,207,124,134
465,215,128,123
458,191,137,160
468,197,130,157
477,210,105,117
504,222,88,120
503,225,75,129
516,242,63,86
518,258,56,86
514,251,52,83
500,273,58,71
505,270,56,76
496,260,70,81
503,277,47,66
488,255,76,110
476,251,91,121
474,249,128,129
450,263,171,115
454,299,165,73
462,287,160,86
480,279,150,89
519,276,118,78
546,294,94,46
543,299,92,43
544,294,89,52
527,290,111,61
528,297,134,48
