2,139,404,491
1,138,404,485
1,135,406,478
2,141,403,430
1,146,406,418
1,145,406,415
1,153,406,405
1,154,405,396
1,154,407,415
1,155,404,420
1,157,403,425
1,156,396,423
1,157,392,426
1,156,393,432
1,155,393,436
1,156,389,437
1,151,394,452
1,158,397,444
2,154,400,351
1,153,398,376
1,150,401,432
1,149,406,431
1,150,407,446
2,153,403,558
1,152,406,567
1,151,405,569
2,151,404,568
1,156,404,565
1,159,405,560
1,158,407,561
1,153,406,568
1,152,405,569
1,146,407,574
1,150,404,568
1,155,405,565
1,157,407,562
1,159,407,559
1,165,368,554
1,171,341,550
1,173,369,548
1,174,384,545
1,179,393,541
1,178,394,543
1,182,396,539
1,187,387,534
1,203,368,518
1,213,348,505
1,192,341,529
1,160,339,559
1,163,337,556
1,162,338,557
1,138,338,581
1,122,373,596
1,114,384,605
1,101,386,617
1,82,407,636
1,71,406,648
1,72,404,648
1,75,406,645
1,79,406,641
1,82,405,637
1,93,405,626
1,104,405,616
1,116,405,602
1,130,404,590
2,129,405,589
1,124,405,595
1,138,407,580
1,137,406,583
1,135,407,583
1,135,403,586
1,131,404,590
1,128,404,593
1,127,406,592
1,124,406,595
1,123,406,596
1,117,405,602
1,115,406,606
1,113,407,608
1,112,407,606
1,111,407,609
1,109,408,610
1,108,404,612
1,106,406,614
1,101,406,618
1,103,404,616
1,98,405,623
1,98,403,621
1,95,405,622
1,95,406,623
