147,210,735,380
211,250,670,381
67,258,824,380
54,248,841,390
39,237,865,380
47,268,870,349
10,275,940,353
1,303,1002,344
1,62,984,656
1,62,947,658
1,112,855,606
1,237,800,482
1,285,774,435
1,319,783,400
1,328,877,390
44,314,920,407
104,288,904,432
128,255,898,464
146,221,893,499
150,208,893,512
153,192,878,526
144,184,870,537
115,183,888,536
85,186,905,534
67,182,921,536
49,161,932,559
41,146,928,574
49,159,919,559
76,172,908,547
122,180,899,540
150,174,906,547
169,170,898,550
162,166,894,552
162,158,893,562
168,153,885,566
172,142,877,576
180,138,862,583
167,138,857,582
140,138,877,583
109,141,892,578
86,153,902,566
71,155,916,564
75,151,917,569
79,155,912,563
71,151,914,568
56,149,921,571
52,151,919,570
62,151,919,569
69,152,918,568
62,154,931,567
70,158,924,563
71,150,930,569
63,142,938,578
50,143,941,573
33,146,946,573
28,150,941,570
29,145,941,574
35,149,935,570
33,144,931,577
21,140,938,580
7,141,936,579
1,145,933,576
1,143,938,575
9,143,940,577
32,126,936,593
37,118,934,603
20,115,941,604
3,112,946,607
6,113,936,608
1,118,921,601
1,113,891,606
1,123,860,597
