895,512,97,59
887,510,104,66
920,494,56,63
912,479,66,84
888,487,86,99
894,479,83,108
919,495,61,70
911,503,59,73
863,510,121,68
856,508,138,68
859,528,132,55
859,501,118,98
873,497,85,91
877,488,88,106
862,491,91,106
883,491,72,102
869,468,74,129
864,488,67,123
841,475,79,129
778,499,120,105
785,499,92,137
784,523,78,88
753,520,95,98
675,492,130,137
679,513,97,148
655,541,91,104
569,511,137,124
560,515,110,138
520,572,105,102
437,526,139,113
353,524,173,108
344,568,138,118
309,585,108,85
220,548,137,106
177,612,111,51
