332,221,211,442
304,220,230,445
324,225,263,443
322,247,307,435
319,237,334,446
351,199,353,477
341,206,384,479
322,210,409,476
321,212,401,475
330,211,388,473
369,197,382,497
416,203,377,488
465,186,350,483
508,192,336,524
530,198,310,519
529,197,308,519
532,194,309,524
530,141,316,574
535,188,324,527
542,200,342,512
552,200,336,514
559,204,346,505
589,211,363,491
625,208,365,496
635,214,380,489
630,211,387,492
636,206,365,495
644,199,358,501
674,198,341,501
817,180,309,511
902,194,279,484
983,183,233,490
979,178,195,496
992,182,196,482
1005,165,206,477
946,175,230,485
936,178,244,484
931,178,264,486
926,159,285,485
904,198,286,473
897,198,302,471
866,200,326,468
811,194,333,474
728,187,346,460
668,191,365,446
641,172,356,460
609,185,342,443
610,179,297,452
561,167,296,451
439,186,368,431
393,179,366,383
338,176,344,395
267,190,201,448
