531,446,18,58
552,455,18,48
582,502,13,13
584,469,30,40
595,460,36,40
593,458,43,40
601,468,49,47
642,470,31,26
637,456,71,14
664,396,58,96
620,231,90,71
697,275,48,117
700,516,17,34
0,0,0,0
0,0,0,0
0,0,0,0
0,0,0,0
0,0,0,0
0,0,0,0
478,461,32,38
0,0,0,0
668,378,20,77
561,426,29,30
0,0,0,0
656,511,33,95
633,499,36,67
577,483,37,48
575,497,22,20
556,463,83,54
562,444,110,68
571,436,95,104
537,463,135,88
0,0,0,0
0,0,0,0
0,0,0,0
247,533,97,187
0,0,0,0
539,321,172,104
532,413,170,114
466,530,239,77
0,0,0,0
341,583,113,23
139,527,200,112
314,562,265,108
342,581,258,81
379,581,220,92
405,519,225,72
447,437,208,73
525,425,181,106
593,433,158,97
737,493,109,48
902,425,120,55
1052,452,109,31
1123,478,100,18
0,0,0,0
1124,451,99,20
1147,501,76,28
1158,531,81,42
1112,537,95,54
0,0,0,0
913,514,104,81
845,494,44,86
0,0,0,0
0,0,0,0
558,450,36,41
501,476,31,37
432,523,80,45
365,493,118,89
367,489,133,43
335,485,121,52
281,495,114,55
270,522,151,68
