791,201,14,16
838,219,14,8
0,0,0,0
0,0,0,0
950,266,20,16
836,128,21,21
0,0,0,0
0,0,0,0
0,0,0,0
0,0,0,0
0,0,0,0
0,0,0,0
458,14,14,17
449,97,12,16
437,184,20,18
410,207,15,12
385,164,12,17
362,160,16,14
351,174,14,16
330,232,15,15
311,310,16,10
0,0,0,0
295,252,14,14
305,218,15,14
307,215,12,10
310,241,13,13
0,0,0,0
542,191,17,16
647,182,19,12
733,199,20,14
790,236,16,14
760,238,20,16
0,0,0,0
675,256,14,13
650,306,15,10
0,0,0,0
0,0,0,0
0,0,0,0
425,109,17,15
366,128,22,19
330,185,15,15
298,276,20,19
0,0,0,0
0,0,0,0
0,0,0,0
0,0,0,0
0,0,0,0
0,0,0,0
502,205,17,14
511,213,17,19
492,238,14,13
414,284,17,17
381,219,13,11
365,167,15,14
355,160,16,14
353,181,11,12
351,219,12,12
350,289,15,15
347,285,13,11
342,276,18,14
339,294,17,16
342,299,14,15
339,302,14,14
339,301,16,14
