593,387,13,19
0,0,0,0
579,286,13,14
0,0,0,0
0,0,0,0
653,278,13,8
683,290,17,15
713,329,12,16
732,388,15,12
0,0,0,0
687,297,12,11
672,299,11,11
0,0,0,0
0,0,0,0
598,208,15,19
561,112,13,16
534,79,16,13
518,74,16,15
492,94,17,14
0,0,0,0
444,227,13,21
0,0,0,0
676,281,20,13
755,281,14,18
799,304,14,15
819,271,14,17
824,261,13,13
827,280,11,10
820,316,15,15
816,376,13,18
810,426,12,14
825,320,13,14
828,294,13,13
836,300,10,14
837,330,14,15
851,329,11,13
858,285,13,17
863,287,14,14
873,315,13,14
874,366,14,16
852,320,16,13
837,296,13,13
821,297,12,12
0,0,0,0
0,0,0,0
0,0,0,0
685,41,18,16
657,1,12,13
0,0,0,0
600,1,11,13
564,57,13,18
533,157,13,17
514,252,13,23
470,322,10,9
407,286,18,14
385,294,14,14
