330,352,27,29
331,353,25,27
329,353,28,26
332,357,26,25
0,0,0,0
0,0,0,0
335,349,52,18
0,0,0,0
0,0,0,0
447,372,34,27
0,0,0,0
380,420,47,38
0,0,0,0
348,443,38,35
0,0,0,0
383,418,55,26
413,401,54,23
424,362,47,13
415,407,60,22
356,430,23,53
318,418,20,51
322,424,17,57
0,0,0,0
0,0,0,0
0,0,0,0
0,0,0,0
0,0,0,0
0,0,0,0
0,0,0,0
0,0,0,0
357,419,39,32
416,422,36,33
473,393,47,35
0,0,0,0
0,0,0,0
0,0,0,0
365,409,54,25
0,0,0,0
0,0,0,0
238,411,17,39
209,426,21,28
0,0,0,0
0,0,0,0
153,407,32,39
167,427,22,32
171,410,21,43
0,0,0,0
137,436,41,38
157,419,35,33
0,0,0,0
0,0,0,0
0,0,0,0
0,0,0,0
0,0,0,0
0,0,0,0
0,0,0,0
0,0,0,0
0,0,0,0
0,0,0,0
387,333,21,42
0,0,0,0
425,402,63,25
0,0,0,0
360,427,35,42
0,0,0,0
338,415,38,46
326,434,33,38
0,0,0,0
0,0,0,0
0,0,0,0
483,402,31,43
509,355,55,21
489,422,42,24
0,0,0,0
388,416,29,46
391,408,50,37
377,406,52,24
334,414,52,30
300,410,35,31
282,409,31,39
274,416,40,34
