628,260,216,95
653,212,133,182
635,393,209,61
844,506,55,69
841,492,62,72
735,394,116,142
639,335,191,64
654,289,145,108
690,375,150,131
804,374,99,168
824,409,95,108
791,357,146,122
743,323,151,84
727,283,130,50
756,228,106,56
787,214,100,57
838,239,62,43
876,270,50,37
911,240,11,11
1056,82,34,127
869,1,69,152
961,402,108,49
978,396,32,87
926,400,34,82
857,425,81,89
848,374,149,63
892,311,149,48
881,313,147,47
868,337,157,50
875,364,157,53
919,434,117,68
0,0,0,0
1041,528,25,55
1026,433,83,142
1014,407,78,138
966,505,26,49
918,464,57,59
892,431,90,82
874,425,117,80
895,460,97,78
962,553,32,59
973,559,35,73
967,559,52,73
874,552,90,60
749,483,152,36
712,392,160,67
753,410,87,49
743,367,26,46
629,243,133,92
694,233,88,90
725,335,100,63
807,418,95,145
0,0,0,0
914,468,34,60
834,372,142,118
800,345,145,47
807,287,119,40
826,256,52,39
829,308,53,39
820,257,56,23
