830,321,24,57
831,316,25,59
832,314,25,60
832,315,25,58
833,315,25,59
833,315,26,59
833,316,26,59
834,316,26,59
834,315,26,59
836,316,27,57
836,316,27,58
838,316,27,56
839,317,27,58
840,317,27,58
843,322,28,51
840,336,32,56
829,357,49,50
800,379,81,46
788,368,92,33
779,367,92,39
761,362,60,31
0,0,0,0
675,450,15,37
700,417,13,31
680,416,39,69
656,426,23,36
631,404,26,23
605,406,47,28
521,322,79,50
421,245,74,97
296,216,31,111
0,0,0,0
0,0,0,0
0,0,0,0
0,0,0,0
0,0,0,0
0,0,0,0
353,426,49,37
448,461,102,36
565,450,113,37
632,422,121,40
710,418,100,35
757,397,74,80
785,396,91,58
772,414,91,39
736,455,66,84
718,450,79,80
717,440,76,63
735,446,70,61
749,455,43,51
705,400,69,34
662,373,106,48
628,341,118,88
580,239,87,106
529,191,46,81
391,246,81,106
652,120,94,187
0,0,0,0
0,0,0,0
570,544,85,73
590,482,104,122
625,474,99,87
686,504,95,54
743,467,58,94
764,424,60,45
783,385,58,47
772,444,121,58
740,443,37,79
0,0,0,0
626,433,26,60
640,425,18,61
627,420,27,59
623,419,23,61
612,416,35,59
610,409,36,58
605,399,41,33
606,383,39,26
607,370,39,26
613,365,42,24
619,365,40,32
621,376,46,22
686,335,27,48
653,389,26,53
637,422,31,46
598,427,61,63
599,425,56,30
607,442,50,37
579,419,61,65
576,442,60,38
592,471,64,43
0,0,0,0
0,0,0,0
461,306,35,77
0,0,0,0
484,430,31,54
503,419,15,38
527,413,28,42
547,445,40,37
583,442,21,55
603,425,27,55
646,423,31,49
678,415,47,62
685,348,66,43
0,0,0,0
703,424,56,71
663,432,74,90
644,411,58,59
656,395,45,35
672,403,44,44
656,446,65,50
622,419,72,66
618,457,72,52
687,438,137,60
805,449,84,44
809,397,70,90
0,0,0,0
0,0,0,0
697,478,27,68
684,444,71,74
673,461,66,72
705,475,74,33
745,413,91,42
775,350,98,53
780,358,88,28
781,368,87,30
777,395,68,40
753,453,34,56
732,448,39,82
713,429,37,36
701,410,32,43
694,425,46,35
723,448,78,37
762,447,111,48
815,448,109,50
877,455,88,42
931,462,74,49
970,441,43,55
1000,426,24,61
1019,423,17,42
1042,413,25,54
1045,416,40,49
1096,442,15,49
0,0,0,0
1045,324,69,156
642,379,29,32
646,368,23,20
651,368,23,21
649,378,33,19
653,376,55,28
643,374,64,58
639,394,50,47
640,401,17,48
616,415,37,70
594,432,21,53
576,438,26,52
556,418,38,53
0,0,0,0
0,0,0,0
598,344,33,51
602,356,21,36
604,403,55,73
581,414,52,90
575,399,56,68
602,397,44,29
632,402,36,39
626,416,58,60
619,411,52,62
0,0,0,0
0,0,0,0
0,0,0,0
657,353,27,82
693,391,14,44
679,439,66,62
642,433,90,77
607,415,71,73
587,423,49,72
602,448,41,39
550,418,79,35
516,375,103,42
496,373,120,61
477,234,91,97
422,147,56,71
278,118,188,113
625,141,56,119
417,408,113,91
529,536,83,54
589,535,94,48
593,494,86,46
582,476,81,75
626,487,90,46
701,467,109,43
766,452,116,42
839,441,113,51
903,442,74,86
0,0,0,0
881,342,14,47
867,438,17,56
841,452,46,60
