494,97,10,17
491,168,12,13
629,248,19,11
0,0,0,0
774,370,15,13
822,441,15,17
0,0,0,0
0,0,0,0
815,187,11,15
808,157,13,15
804,154,12,13
0,0,0,0
833,361,13,18
853,480,12,20
851,390,14,18
846,323,11,11
0,0,0,0
0,0,0,0
0,0,0,0
839,359,14,10
0,0,0,0
0,0,0,0
867,251,13,14
873,247,13,13
876,271,15,14
878,319,14,16
884,406,11,19
884,501,12,14
828,197,17,24
811,113,15,20
804,84,14,15
803,84,11,12
801,109,10,14
801,151,13,13
657,249,16,15
559,331,16,16
492,410,17,15
439,495,15,19
420,409,10,15
412,326,14,14
410,284,14,12
413,276,12,11
0,0,0,0
420,327,9,10
418,336,15,13
410,262,15,15
404,228,12,16
397,229,14,10
392,250,14,16
391,303,11,13
390,334,13,16
398,305,14,14
0,0,0,0
0,0,0,0
534,291,20,14
621,291,17,13
708,325,13,14
764,372,13,16
812,441,14,16
0,0,0,0
833,272,12,16
833,216,14,11
836,192,12,14
838,204,15,11
846,220,8,15
849,130,13,15
852,95,14,14
857,90,13,14
863,117,14,18
862,170,15,19
861,241,16,18
861,329,15,18
0,0,0,0
803,9,14,18
0,0,0,0
0,0,0,0
0,0,0,0
0,0,0,0
786,6,14,15
786,65,17,15
790,160,14,15
826,248,10,17
846,327,13,17
863,406,12,14
872,491,13,21
872,456,13,18
871,353,13,14
0,0,0,0
0,0,0,0
873,334,17,13
877,376,15,11
886,432,10,11
740,338,17,14
644,285,17,13
565,261,15,14
493,268,18,13
0,0,0,0
382,350,12,14
