320,532,101,54
312,526,81,111
298,531,98,62
307,520,78,81
321,514,63,36
333,518,68,35
335,523,68,37
328,525,73,33
331,535,64,33
348,526,56,31
365,512,44,41
373,517,48,32
370,506,47,37
367,498,49,40
375,474,34,62
375,490,46,40
370,459,46,73
368,469,55,57
372,463,48,58
369,461,43,58
367,464,43,55
360,483,37,54
329,522,56,33
302,519,40,44
306,515,84,58
394,514,116,43
489,491,82,53
597,519,48,39
547,574,29,34
576,579,117,40
572,521,120,51
585,557,91,68
592,548,26,67
0,0,0,0
374,476,50,47
337,490,100,51
395,542,36,32
0,0,0,0
547,573,56,47
551,581,67,54
577,565,39,55
602,569,26,46
600,568,27,23
0,0,0,0
538,427,55,89
652,580,21,40
0,0,0,0
724,584,17,27
734,538,35,64
708,526,31,36
694,509,42,59
707,470,23,51
723,476,31,60
737,521,52,33
745,488,34,45
746,534,26,37
722,578,37,63
699,558,29,42
0,0,0,0
0,0,0,0
674,536,74,40
673,361,49,39
612,319,50,142
606,480,83,88
0,0,0,0
0,0,0,0
533,558,32,29
538,534,30,63
479,518,30,67
421,534,13,53
371,522,25,38
349,530,20,38
332,543,63,36
348,545,110,27
358,506,113,15
341,474,119,33
323,480,118,33
339,482,100,29
388,485,56,36
412,516,60,31
428,516,78,39
459,535,105,39
523,368,37,74
405,231,80,55
460,154,27,94
427,246,60,40
457,324,71,68
553,514,96,26
613,447,57,43
575,322,57,65
