560,323,10,13
555,353,15,9
597,313,11,14
641,273,15,10
683,260,14,11
726,282,15,13
763,325,12,12
0,0,0,0
668,262,15,14
633,249,17,13
654,219,14,13
699,201,13,11
724,214,16,12
748,251,13,17
765,309,15,13
782,385,15,21
794,486,13,14
811,621,14,16
825,673,12,11
824,667,16,14
830,688,20,14
843,695,16,15
847,694,18,16
844,698,23,15
0,0,0,0
629,339,11,16
647,315,11,15
0,0,0,0
0,0,0,0
0,0,0,0
552,311,10,11
505,348,14,16
474,403,13,12
0,0,0,0
554,121,19,24
598,14,18,18
0,0,0,0
0,0,0,0
0,0,0,0
0,0,0,0
742,7,12,15
760,67,12,14
773,135,15,15
0,0,0,0
842,392,13,17
860,474,13,24
831,389,13,20
804,328,14,16
786,309,14,12
777,318,8,12
0,0,0,0
0,0,0,0
683,315,8,13
643,330,15,11
609,365,15,15
575,437,13,13
584,359,10,12
598,316,13,13
611,299,14,14
627,315,13,12
639,354,12,13
0,0,0,0
686,336,14,13
704,359,14,12
0,0,0,0
709,288,11,20
689,136,13,21
676,39,12,17
670,7,11,16
666,1,14,13
667,13,15,14
672,51,10,13
672,99,13,17
645,197,12,18
592,284,16,15
560,359,14,15
535,437,13,15
544,417,11,14
576,351,11,14
603,328,12,12
624,331,12,15
0,0,0,0
0,0,0,0
0,0,0,0
713,337,17,14
750,337,17,14
773,363,13,10
791,410,13,14
780,285,16,21
770,177,10,15
765,125,12,12
762,106,12,12
761,117,12,14
763,146,12,12
769,192,11,14
784,125,14,17
804,60,13,15
820,38,15,15
831,50,14,17
839,87,14,14
846,148,14,14
853,227,13,17
0,0,0,0
885,498,17,16
0,0,0,0
418,401,12,14
