440,374,16,15
403,340,21,21
414,261,18,11
426,219,12,11
435,214,14,12
457,230,15,12
524,251,15,12
581,304,14,15
0,0,0,0
0,0,0,0
492,236,10,13
472,260,11,11
454,300,21,16
429,287,15,15
406,266,15,17
393,277,14,15
0,0,0,0
0,0,0,0
0,0,0,0
0,0,0,0
0,0,0,0
0,0,0,0
0,0,0,0
0,0,0,0
0,0,0,0
698,190,16,20
637,136,21,18
591,118,21,18
558,131,16,17
0,0,0,0
492,241,16,15
463,350,15,21
443,458,16,19
0,0,0,0
0,0,0,0
0,0,0,0
0,0,0,0
0,0,0,0
790,5,14,15
805,55,14,16
817,130,17,32
823,255,10,14
823,343,13,21
0,0,0,0
844,336,17,17
0,0,0,0
880,280,14,12
0,0,0,0
894,288,15,12
884,252,14,13
879,265,13,12
0,0,0,0
0,0,0,0
0,0,0,0
732,309,16,17
827,394,16,17
838,256,16,21
837,172,13,17
839,140,13,12
842,137,15,13
844,157,13,14
851,222,12,14
0,0,0,0
874,323,15,12
867,337,17,15
857,378,16,13
857,435,12,15
