525,60,16,20
0,0,0,0
0,0,0,0
0,0,0,0
0,0,0,0
0,0,0,0
364,14,17,19
343,79,16,20
330,155,12,18
325,234,12,18
0,0,0,0
0,0,0,0
0,0,0,0
0,0,0,0
675,460,18,16
0,0,0,0
0,0,0,0
455,389,16,13
406,417,14,14
485,410,23,13
0,0,0,0
0,0,0,0
778,422,19,13
839,468,11,13
0,0,0,0
666,330,19,19
529,224,15,17
430,172,15,12
354,152,18,18
294,162,17,11
247,184,13,11
204,229,15,14
444,339,30,18
719,431,21,14
850,475,13,15
761,383,15,13
706,344,14,12
667,337,13,12
637,353,12,15
601,389,14,14
574,439,15,15
620,365,14,11
648,315,15,12
676,298,16,11
704,308,12,12
726,335,12,14
551,262,16,15
429,229,19,13
340,223,15,14
265,245,20,13
206,282,16,15
160,333,15,14
125,398,12,14
410,313,22,14
576,273,17,14
694,271,18,14
788,296,15,14
861,339,17,19
920,410,15,17
970,494,17,17
1010,603,11,13
1019,616,10,14
0,0,0,0
1011,619,11,15
1011,623,11,14
1008,629,12,12
1009,627,11,14
0,0,0,0
0,0,0,0
0,0,0,0
0,0,0,0
967,668,14,15
965,679,10,13
0,0,0,0
0,0,0,0
0,0,0,0
0,0,0,0
0,0,0,0
0,0,0,0
0,0,0,0
0,0,0,0
0,0,0,0
0,0,0,0
0,0,0,0
0,0,0,0
0,0,0,0
0,0,0,0
0,0,0,0
0,0,0,0
0,0,0,0
0,0,0,0
0,0,0,0
0,0,0,0
0,0,0,0
0,0,0,0
0,0,0,0
0,0,0,0
0,0,0,0
0,0,0,0
0,0,0,0
0,0,0,0
0,0,0,0
0,0,0,0
0,0,0,0
0,0,0,0
0,0,0,0
812,340,14,13
732,322,16,14
643,332,16,12
556,343,14,14
499,360,14,15
474,365,15,14
458,342,14,17
424,309,10,13
361,318,15,17
318,338,14,12
327,355,11,13
