525,276,13,11
499,299,15,13
479,321,14,19
479,256,11,12
476,227,12,10
470,220,14,14
466,246,11,14
461,288,11,15
458,348,10,14
461,288,13,11
465,267,11,13
466,270,12,14
468,296,11,11
471,275,11,12
468,255,14,13
467,258,14,11
466,279,14,12
467,318,11,12
464,381,12,16
450,311,14,13
439,275,13,14
433,265,14,11
434,274,10,11
428,302,13,10
465,265,13,18
538,167,15,16
593,112,13,16
636,85,14,12
673,86,15,16
706,109,15,16
740,170,15,16
760,233,12,17
0,0,0,0
763,260,14,11
760,260,14,13
763,242,11,12
765,226,14,13
764,238,12,12
763,267,12,11
763,312,11,15
760,371,13,15
759,439,8,14
773,363,14,16
781,298,11,16
787,272,14,11
794,264,10,11
798,275,13,14
798,299,14,11
815,267,13,14
819,265,14,16
822,282,14,20
826,317,10,11
824,367,11,14
829,186,14,28
