580,258,37,96
580,257,35,93
580,257,35,93
580,256,36,92
582,256,34,91
584,255,34,95
583,255,35,91
585,256,34,92
583,254,36,92
584,253,34,92
586,254,34,92
589,254,44,85
575,309,73,69
529,427,49,37
510,451,34,70
0,0,0,0
491,312,62,16
0,0,0,0
450,334,97,14
0,0,0,0
0,0,0,0
643,400,56,38
675,389,63,58
717,386,52,57
721,384,49,60
724,380,53,57
731,356,51,57
733,363,56,59
715,383,78,45
685,445,103,37
676,456,107,38
682,378,101,64
715,338,71,107
647,270,63,125
522,244,49,140
0,0,0,0
0,0,0,0
348,540,122,128
522,563,152,94
514,506,127,42
528,450,88,36
543,381,79,37
538,420,80,34
0,0,0,0
0,0,0,0
0,0,0,0
0,0,0,0
588,346,56,28
0,0,0,0
654,412,38,54
644,404,58,44
640,404,37,29
626,358,21,38
619,318,44,64
600,381,59,23
0,0,0,0
0,0,0,0
0,0,0,0
291,501,22,27
324,480,25,29
0,0,0,0
0,0,0,0
436,389,65,45
483,380,88,30
502,404,108,33
543,455,110,38
600,449,29,45
662,407,105,39
664,422,102,38
616,437,89,37
607,443,84,36
656,402,76,40
679,377,85,38
680,421,105,34
691,448,110,39
661,270,56,109
474,299,135,39
725,139,83,123
754,287,114,107
696,531,146,50
656,499,87,31
704,353,59,75
709,390,98,43
702,482,89,40
0,0,0,0
0,0,0,0
555,394,68,21
585,411,39,32
593,413,29,17
0,0,0,0
687,402,44,59
661,400,63,27
639,387,48,25
610,393,86,27
566,436,88,37
548,410,84,36
584,299,45,106
558,282,41,118
515,281,82,120
466,288,40,180
678,581,52,80
641,601,157,62
700,637,217,59
609,642,83,78
592,521,66,35
638,433,63,78
672,426,87,56
672,411,102,39
665,433,115,40
655,501,104,64
651,488,105,30
680,340,77,101
600,261,59,113
540,258,44,129
0,0,0,0
0,0,0,0
606,540,143,70
600,504,120,118
637,411,138,70
641,344,93,108
645,344,75,90
666,331,53,93
673,344,69,101
668,363,78,78
656,362,91,70
651,393,117,37
676,459,106,36
650,442,43,30
0,0,0,0
0,0,0,0
0,0,0,0
0,0,0,0
583,428,64,60
598,415,94,29
651,377,72,42
683,349,64,46
692,378,88,33
728,415,97,38
807,376,93,46
861,362,92,41
921,393,91,31
981,397,66,66
988,383,22,61
941,450,61,70
925,416,59,76
961,402,33,29
916,327,39,53
888,315,38,56
847,339,47,61
789,351,69,54
755,352,83,41
714,356,93,50
666,345,105,52
655,322,93,82
644,279,71,110
619,218,49,131
583,227,37,165
568,232,58,169
567,208,53,176
585,203,36,213
604,264,28,216
646,654,50,66
