266,323,929,186
289,332,928,186
302,340,929,186
299,328,931,186
325,321,940,194
336,334,935,196
325,333,937,196
363,344,917,208
342,366,938,199
369,373,911,188
360,359,916,191
395,352,885,194
408,320,872,197
417,339,863,208
406,348,870,201
411,369,869,190
426,368,851,198
415,361,865,184
403,331,877,188
398,308,882,190
376,293,904,200
366,278,911,221
275,296,931,212
272,315,928,194
186,352,940,196
191,355,928,207
191,352,943,203
222,328,937,197
263,344,944,212
252,341,938,208
239,324,943,185
230,308,940,211
205,356,944,200
209,337,941,201
187,360,942,206
190,380,934,204
168,374,935,201
187,359,929,198
181,331,937,202
176,354,938,198
182,340,941,212
161,363,939,214
158,360,941,201
179,362,932,206
173,358,936,188
164,348,933,202
182,337,930,212
178,342,927,202
177,328,938,215
138,348,940,206
149,361,934,203
155,366,943,205
154,363,940,212
187,352,942,211
192,349,936,195
168,349,942,208
141,358,940,205
111,346,950,206
105,350,942,210
113,352,936,208
120,342,940,208
120,345,946,215
137,359,952,200
160,346,955,204
169,353,945,202
169,365,945,205
138,353,931,211
127,348,945,209
118,338,950,208
102,351,954,225
105,348,957,213
98,348,952,210
82,358,958,212
103,355,955,202
105,358,953,211
100,368,947,202
86,375,952,207
87,369,954,211
101,373,950,208
116,367,954,204
121,358,955,205
167,355,950,207
177,341,946,199
159,325,957,209
181,331,947,205
194,332,958,213
203,342,955,202
208,344,952,202
205,329,962,209
200,326,957,198
192,320,960,199
194,316,958,212
182,331,953,196
196,317,955,199
188,309,951,189
186,302,954,201
167,301,954,200
175,310,958,208
193,335,952,203
186,355,952,196
146,355,958,205
127,373,954,208
135,370,956,221
175,379,954,213
190,376,940,201
162,350,958,226
136,355,955,217
151,383,948,210
164,400,939,209
163,404,947,208
168,402,940,211
171,387,947,222
175,386,947,209
174,384,943,202
182,377,947,204
178,379,945,205
172,376,941,207
163,364,952,202
164,365,944,198
162,353,942,210
166,343,943,208
162,327,938,207
141,297,938,208
138,307,942,202
161,320,937,202
170,322,928,210
155,332,949,217
169,331,936,209
152,323,943,205
163,314,936,207
161,305,941,222
162,304,939,224
162,311,942,219
174,329,930,205
166,323,952,206
183,317,947,202
175,323,961,203
180,322,953,204
171,313,951,217
174,316,950,212
177,325,945,205
172,323,949,214
166,328,945,207
160,335,943,204
160,336,940,209
166,329,940,214
166,335,941,212
172,322,929,231
171,334,933,220
160,318,944,237
169,317,929,236
165,317,937,236
171,314,935,222
168,303,943,234
171,319,935,220
173,320,936,226
166,338,947,223
174,342,938,218
181,348,944,212
181,349,936,203
177,350,941,206
167,340,955,213
173,340,948,212
175,334,943,203
178,363,942,203
180,384,943,207
180,383,947,202
182,382,942,210
180,385,941,203
182,373,952,209
181,378,943,203
189,377,942,204
194,362,937,221
189,354,933,228
193,345,937,232
189,339,934,228
197,341,935,233
198,343,935,231
186,337,941,245
184,335,933,245
177,327,939,251
180,334,931,238
182,339,931,242
176,333,946,247
184,326,934,243
184,328,938,239
193,332,932,241
189,330,925,244
198,322,921,254
192,335,924,243
207,357,931,240
225,361,922,236
207,354,927,238
226,349,930,237
223,354,931,220
221,360,943,217
208,353,935,227
203,345,930,237
194,337,935,243
199,336,925,243
190,345,934,244
189,357,934,226
202,356,929,237
204,355,929,243
211,355,922,247
215,362,923,238
213,365,933,233
219,364,929,235
210,366,932,226
182,377,936,226
177,378,930,232
181,381,933,226
192,373,927,224
185,361,931,225
190,337,939,235
208,316,925,242
219,304,929,232
223,244,935,248
228,229,931,249
222,227,935,246
216,242,928,255
211,263,927,252
216,276,924,250
221,290,923,252
218,299,928,269
222,361,931,251
221,335,938,236
239,273,931,249
265,247,932,250
285,237,930,259
287,240,932,251
273,264,940,261
258,300,929,257
228,320,933,256
221,331,922,266
203,337,920,263
192,332,933,264
202,311,924,264
201,297,926,264
196,285,927,275
196,277,925,271
191,258,926,275
177,235,934,272
172,229,938,269
178,228,933,265
189,250,930,264
204,273,924,253
210,298,928,253
212,318,928,256
210,330,929,255
211,320,920,255
182,289,933,261
176,274,932,260
194,247,933,269
198,238,936,265
199,228,932,265
200,222,926,272
196,262,931,270
188,278,932,267
194,294,938,256
208,299,937,234
203,308,945,213
201,309,948,215
203,318,944,223
188,347,940,215
186,350,941,224
184,349,938,221
179,354,937,217
177,343,936,220
171,339,939,224
169,339,947,228
160,332,952,235
162,333,939,227
149,327,942,233
147,332,940,229
185,312,944,219
177,318,942,217
178,303,944,232
196,313,941,228
190,310,940,234
175,320,941,234
176,314,935,237
167,321,943,233
159,323,941,230
174,336,933,219
173,345,925,205
172,353,928,197
178,336,922,202
186,337,920,207
185,334,926,212
178,337,930,205
175,328,933,207
175,338,936,202
176,335,935,210
170,333,944,209
175,338,935,207
169,337,943,204
171,339,948,210
159,332,937,217
149,341,947,212
145,348,940,212
149,344,951,219
193,310,948,207
206,324,941,219
208,343,937,211
205,338,938,220
158,331,943,218
155,336,944,212
192,333,940,212
207,333,933,208
185,335,937,211
151,337,942,222
130,339,947,216
120,347,938,211
131,344,951,216
149,334,943,208
173,334,933,207
172,335,933,209
163,332,941,215
157,338,943,210
150,342,941,206
121,354,948,213
121,355,955,209
145,397,948,219
137,401,953,215
145,404,953,215
149,417,956,212
149,429,958,219
154,430,948,212
162,432,947,211
161,425,947,210
156,420,958,210
161,407,947,211
161,395,952,212
150,386,958,210
165,381,940,208
172,376,937,204
169,373,943,209
172,368,936,201
156,353,947,212
162,364,939,205
163,355,941,207
166,357,941,200
174,357,935,208
167,342,939,213
167,341,934,210
170,351,933,207
178,353,935,205
173,355,941,214
181,358,932,208
184,356,937,208
219,341,932,201
208,338,942,212
199,345,939,203
195,343,942,209
205,348,936,211
200,351,945,213
193,350,953,214
192,355,947,202
188,343,952,212
