139,68,59,142
142,61,64,147
140,58,68,158
151,54,65,175
150,55,76,180
146,53,90,194
146,48,106,195
153,39,118,205
153,49,118,211
155,49,111,234
151,46,116,249
149,37,109,257
144,31,136,263
146,33,157,272
160,35,160,274
184,37,149,292
197,40,148,295
205,39,138,306
200,45,126,310
196,49,124,311
193,48,122,312
195,43,125,317
195,36,124,309
183,23,141,309
178,31,141,300
161,43,167,292
133,84,197,243
110,100,235,204
110,107,231,196
112,106,225,191
102,115,231,179
105,121,237,172
93,130,258,167
86,128,267,165
91,130,256,160
96,129,252,162
91,129,253,166
94,120,237,182
87,106,238,185
90,97,244,198
86,100,258,199
79,85,252,213
72,82,255,224
69,89,269,220
69,105,284,205
80,108,286,203
90,112,289,194
90,121,274,184
91,119,279,185
94,123,278,186
103,123,282,186
100,119,296,183
102,112,295,187
106,103,286,196
103,105,279,199
99,101,281,203
99,110,279,189
99,121,275,181
98,118,283,184
101,112,285,189
104,113,281,188
104,114,279,191
104,117,270,187
103,117,262,187
99,120,258,184
95,117,250,185
93,123,252,181
88,124,248,181
92,116,249,188
88,116,253,181
88,111,251,190
87,114,246,187
87,115,259,189
87,117,253,186
80,117,258,187
84,120,262,190
86,117,256,196
84,116,264,197
84,117,265,199
83,116,269,201
84,112,266,203
83,111,274,207
82,116,279,211
82,114,273,213
82,117,278,216
82,116,279,209
83,115,277,214
83,118,275,211
81,114,279,218
77,112,279,220
78,114,274,223
78,106,276,229
72,110,281,228
80,111,275,225
78,110,271,223
76,110,285,224
77,109,279,226
80,109,282,225
