434,206,273,197
419,200,279,186
405,184,309,189
448,173,219,204
447,169,95,218
379,165,220,214
306,137,320,219
316,132,273,198
298,131,260,191
372,130,298,188
387,142,310,178
413,142,297,184
437,154,287,176
444,168,273,171
516,176,208,164
544,183,176,164
597,193,113,155
631,180,88,161
624,188,100,165
620,187,104,158
617,178,111,165
612,210,116,137
603,203,118,135
590,213,130,125
555,185,201,163
539,158,247,183
528,156,270,183
502,179,253,158
451,152,324,177
412,126,381,196
387,112,385,197
372,95,384,199
358,85,377,201
347,82,375,203
344,80,379,202
333,85,385,199
