522,155,485,233
535,152,494,231
539,145,498,230
536,138,495,239
518,140,495,242
503,141,490,239
502,143,483,237
506,132,470,245
508,123,467,248
504,116,461,261
473,98,483,270
459,97,492,256
435,101,513,251
432,73,500,306
433,113,494,260
420,116,511,260
417,116,519,266
418,113,519,279
451,111,479,289
448,115,474,289
444,122,464,290
433,107,437,334
459,113,407,336
468,143,401,300
512,169,379,291
473,183,435,278
440,182,472,286
427,188,481,273
410,191,492,266
424,190,467,271
469,184,434,288
555,188,435,272
607,149,446,217
641,124,453,213
666,114,434,211
683,112,419,202
693,110,410,189
703,109,401,185
722,89,370,244
687,110,383,227
670,114,383,223
664,116,377,200
640,119,382,210
633,113,363,247
605,115,366,240
576,125,377,249
587,142,357,250
570,141,323,240
600,146,286,245
606,167,277,235
638,212,224,212
635,198,222,222
661,208,170,213
638,224,178,214
667,227,178,245
641,231,205,287
634,237,219,305
623,265,240,277
628,299,232,242
607,347,248,218
576,336,266,220
543,331,246,237
554,328,225,211
578,330,233,224
586,337,256,206
585,319,269,221
519,301,310,232
557,308,285,224
544,317,273,220
587,299,229,225
619,306,202,210
631,300,198,211
682,304,179,208
655,306,230,208
633,310,267,222
635,324,284,230
641,315,292,246
638,336,303,250
652,335,285,271
681,340,254,278
679,383,231,232
732,380,178,232
753,395,158,219
752,408,142,204
724,402,152,221
741,400,127,210
745,393,115,191
767,368,115,223
747,357,150,241
736,356,162,239
699,378,198,209
687,361,204,213
684,336,201,231
674,325,204,213
682,315,187,209
682,309,190,213
665,308,201,220
701,323,180,220
709,323,169,233
699,338,169,252
738,349,131,232
764,364,106,220
782,359,108,230
777,370,127,227
753,363,157,225
743,365,171,229
728,371,186,231
737,358,165,254
758,355,149,218
786,355,115,208
794,328,126,257
776,349,160,223
747,352,193,215
723,321,218,251
717,335,228,230
717,340,231,219
714,347,248,210
711,321,273,250
666,324,317,244
656,326,327,244
644,324,349,244
632,314,363,249
617,309,331,252
604,330,318,222
571,313,377,247
576,315,367,252
540,314,389,253
516,319,411,238
571,322,321,234
547,331,329,225
575,312,288,239
536,353,293,203
541,325,286,220
540,323,287,217
548,319,281,210
529,314,297,209
534,326,298,184
538,310,283,183
548,278,270,215
638,283,218,222
576,255,283,240
613,265,274,211
555,240,365,215
571,225,372,234
584,204,371,233
596,181,370,251
612,190,361,236
619,182,338,255
645,202,320,221
672,202,296,206
681,192,299,203
694,174,303,210
696,153,314,223
692,131,290,266
766,123,187,253
787,114,159,244
787,107,154,240
809,91,164,242
754,89,216,244
731,61,230,255
769,65,196,234
813,34,190,256
751,30,242,262
774,63,201,266
842,83,144,300
811,104,160,340
807,121,143,346
813,138,136,326
820,172,131,316
749,212,234,305
783,263,216,278
795,280,200,283
817,295,177,252
769,351,234,166
766,366,242,166
801,366,206,167
827,319,186,215
849,311,155,214
812,304,181,222
844,306,146,211
