156,111,112,382
156,109,111,383
156,108,112,379
156,110,112,358
157,109,111,332
156,110,112,306
157,109,113,277
157,112,112,245
157,113,111,213
155,112,112,183
152,112,117,150
151,112,119,120
151,114,119,98
152,112,120,95
152,112,120,95
153,110,119,97
152,112,119,92
151,114,120,88
151,113,119,92
150,113,120,96
150,113,119,95
151,112,120,94
151,114,119,93
151,116,119,91
148,114,120,92
147,111,120,94
146,111,120,97
146,114,119,93
145,114,119,89
140,116,121,88
139,114,119,93
134,113,122,93
134,115,120,89
132,115,120,89
134,115,118,90
139,113,118,92
