291,342,648,307
292,339,649,310
292,339,649,310
291,340,650,310
293,340,648,310
291,339,652,310
293,341,645,308
292,338,643,310
292,340,644,309
293,341,644,309
292,340,643,309
293,342,645,307
292,340,644,310
293,342,643,303
292,342,644,305
295,341,641,305
292,343,643,304
292,343,643,305
294,343,642,306
293,343,644,304
294,342,643,305
290,341,646,306
294,342,643,306
293,347,645,293
295,342,639,301
292,340,645,302
292,339,637,307
262,352,652,297
219,375,664,270
211,377,672,272
207,375,671,263
196,375,674,265
252,417,683,238
259,421,681,219
232,414,677,235
237,420,648,225
264,385,617,256
236,355,589,256
239,354,584,257
