416,139,579,507
416,115,573,524
418,115,560,523
420,129,567,512
422,134,571,506
424,131,570,510
414,150,582,522
412,168,583,537
434,217,599,424
468,323,603,170
493,338,569,152
476,352,595,140
473,345,603,160
471,350,602,164
482,354,594,163
480,346,599,161
488,343,589,146
499,338,577,150
500,334,576,151
505,312,573,170
527,283,562,200
494,269,589,229
488,265,588,239
478,269,584,224
458,268,584,232
488,281,567,218
484,287,570,213
495,340,580,195
473,471,623,143
449,554,643,93
461,538,641,146
452,538,640,158
455,536,643,155
458,538,643,150
457,543,640,142
456,540,643,132
461,538,643,157
460,541,642,154
457,530,640,171
462,534,634,162
459,530,637,171
461,531,639,172
460,528,640,183
459,528,637,190
460,527,628,170
460,531,627,146
470,527,624,171
483,512,616,163
493,516,604,157
517,561,588,78
494,550,602,101
518,519,560,151
506,520,562,152
505,522,566,147
492,535,580,133
479,551,594,97
484,552,589,86
490,554,587,98
