643,1,241,719
642,1,239,720
641,1,242,720
642,1,240,720
641,1,241,720
644,1,240,720
643,1,238,720
641,1,241,720
643,1,239,720
640,1,244,720
641,1,242,720
641,1,242,720
640,1,243,720
641,1,242,720
641,1,243,720
641,1,241,720
640,1,241,720
640,1,243,720
641,1,241,720
645,1,237,720
647,1,235,720
646,1,236,720
637,1,244,720
642,1,240,720
640,1,242,719
645,1,237,720
644,1,237,720
641,1,239,720
640,1,241,720
641,1,240,720
641,1,241,720
642,1,240,720
640,1,243,719
642,1,241,720
640,1,241,720
637,1,240,720
632,1,244,720
632,1,243,720
634,1,242,720
