930,303,305,129
918,287,296,133
893,278,243,130
830,288,253,110
784,288,245,112
751,286,238,117
730,270,236,117
702,263,238,115
682,253,246,117
665,248,249,118
655,246,246,115
647,238,242,116
633,230,245,116
626,218,242,118
620,210,241,118
614,201,242,118
598,205,243,118
573,205,247,131
556,198,228,137
573,244,167,91
546,240,154,93
498,235,152,103
468,232,163,97
421,244,191,89
405,275,192,84
372,314,224,107
389,328,221,116
404,323,209,112
393,297,202,135
385,289,196,123
374,290,203,136
366,306,190,127
359,308,170,128
351,315,164,127
334,324,157,123
316,361,151,92
295,358,171,102
284,348,159,123
283,361,169,123
272,367,150,137
282,409,122,94
251,417,195,92
244,411,261,103
297,389,264,130
348,392,252,132
372,383,247,148
364,379,275,149
378,380,277,150
387,387,282,141
400,385,281,144
409,384,285,145
425,383,281,139
492,393,209,136
561,307,139,226
605,295,103,165
632,252,88,140
630,228,107,146
645,204,99,128
646,214,96,103
619,243,103,105
583,253,82,121
573,278,63,111
576,304,70,89
594,307,49,84
605,312,34,76
612,291,39,86
613,268,37,103
616,286,33,90
615,255,46,111
606,254,90,97
613,252,105,67
623,252,103,72
622,222,119,86
635,223,105,81
637,220,111,89
636,200,112,105
641,196,113,99
653,181,108,99
659,166,112,100
678,158,102,95
679,155,105,94
699,159,91,86
697,155,99,89
695,150,104,94
709,153,79,87
742,151,52,94
744,152,62,99
723,166,80,85
700,171,130,87
667,171,149,98
644,177,174,108
630,191,164,107
618,201,140,97
611,207,108,99
607,220,72,71
521,229,135,121
501,258,129,106
500,311,62,69
497,320,61,75
499,297,78,116
501,313,64,105
495,299,61,111
486,281,67,135
480,258,69,144
470,241,81,129
471,216,78,134
460,206,77,135
446,179,101,130
