785,267,242,166
792,270,248,169
797,291,250,150
808,294,249,154
824,297,245,155
835,301,250,151
851,304,250,153
855,305,258,159
867,313,255,156
877,299,257,173
887,303,257,170
902,305,256,169
908,302,258,173
912,298,261,173
919,301,257,173
925,301,256,172
932,301,260,173
940,302,261,171
949,303,267,172
961,304,257,178
965,303,254,182
966,304,265,176
971,305,267,173
977,305,274,173
988,308,270,170
992,307,276,175
1005,310,269,175
1014,305,261,179
1017,305,260,175
1020,304,255,178
1024,308,254,172
1032,306,246,176
1039,309,239,176
1035,311,244,177
1052,312,226,176
1068,312,210,177
1078,314,200,179
1085,315,194,173
1094,312,185,175
1090,309,188,176
1089,310,190,173
1095,308,185,174
1106,308,171,171
1113,309,164,168
1122,310,155,165
1128,311,149,169
1126,312,151,169
1129,323,149,161
1137,327,140,165
1144,335,132,163
1158,336,122,164
1162,343,116,160
1160,345,118,162
1151,352,126,158
1152,355,124,158
1154,360,122,158
1153,357,125,160
1149,357,131,162
1150,357,127,160
1155,360,124,162
1153,358,126,162
1156,356,121,162
1153,354,125,166
1152,357,126,159
1149,353,128,166
1152,359,126,162
1155,360,122,162
1161,362,118,160
1168,360,110,161
1174,360,103,159
1175,359,101,162
1177,359,99,152
1181,358,96,157
1190,358,87,148
1192,362,87,137
1199,363,77,128
1192,376,86,92
1202,373,74,88
1204,376,70,84
1209,376,68,84
1214,380,62,79
1218,383,60,79
1226,382,50,80
1232,388,45,72
1236,389,42,69
1237,391,39,66
1242,392,34,65
1249,396,28,59
1255,402,23,48
1259,405,20,37
