665,310,167,73
612,296,159,68
604,283,164,75
606,296,163,63
608,313,160,62
606,316,165,63
636,300,161,74
653,287,159,83
663,280,161,83
619,284,155,78
607,289,156,76
614,291,155,84
640,297,157,82
666,289,156,88
661,294,151,85
667,318,145,69
673,335,134,60
690,329,137,61
682,328,143,77
675,337,179,86
663,304,251,120
573,306,313,161
459,354,360,172
421,381,352,158
461,389,345,161
433,383,361,167
396,404,379,174
336,414,403,173
222,459,363,177
492,331,369,190
660,247,318,182
506,296,333,180
488,289,316,196
446,310,337,200
402,308,345,207
351,309,340,221
401,295,308,218
398,307,297,217
369,303,288,206
368,287,304,210
312,295,317,211
219,316,330,221
236,305,315,215
204,278,325,206
321,248,288,210
346,174,271,218
347,172,270,229
262,250,287,230
210,208,296,230
306,190,294,215
309,186,289,197
343,184,282,192
588,31,245,212
803,8,192,176
816,1,198,177
600,26,231,222
476,111,229,218
452,137,222,223
489,91,205,251
448,58,191,277
410,5,161,292
476,1,114,245
463,5,113,255
445,6,114,286
470,18,110,321
478,39,124,324
497,59,149,310
474,75,180,288
461,67,210,293
466,58,189,301
488,32,139,319
515,49,95,338
535,63,116,322
541,58,140,327
545,69,150,320
540,69,144,320
540,65,134,330
548,57,123,336
564,50,116,332
568,43,119,330
566,49,125,318
563,37,128,325
554,27,129,321
564,14,115,320
574,4,101,321
556,11,113,325
564,52,124,307
577,89,117,283
537,143,113,273
548,214,110,248
590,240,123,228
541,260,138,241
555,206,129,273
641,61,135,321
601,17,126,306
603,67,118,307
651,72,125,313
696,57,176,286
737,39,218,249
802,56,291,238
845,61,321,219
706,192,337,211
614,196,321,209
597,162,311,216
522,157,319,209
604,126,334,185
700,156,351,158
714,160,356,145
685,122,358,149
684,118,351,144
777,93,347,152
768,123,345,150
702,154,342,144
690,143,345,140
732,134,348,130
721,173,351,137
665,194,295,122
658,237,236,103
652,279,182,75
663,296,131,55
662,290,150,64
619,304,158,66
630,290,155,67
622,282,153,66
625,281,152,65
621,276,153,69
650,282,153,63
659,289,152,59
644,284,151,55
644,285,153,51
656,279,154,51
652,274,154,54
642,271,152,54
653,260,153,58
644,257,156,58
660,256,155,54
654,251,157,57
652,251,158,56
657,248,157,57
666,251,156,56
645,253,158,58
643,260,157,57
633,253,157,67
614,241,148,82
595,220,136,106
580,196,122,131
573,185,102,146
585,182,77,151
583,179,62,156
580,178,54,158
582,183,55,154
579,177,55,159
573,176,58,154
552,159,58,154
539,145,56,157
552,134,59,157
551,134,58,152
570,143,54,149
589,156,57,150
604,164,58,150
624,171,58,150
639,177,55,154
638,183,60,152
660,192,59,146
653,194,57,147
643,200,57,145
650,201,59,144
659,204,57,144
662,207,59,142
672,189,62,155
686,132,81,206
661,96,109,260
675,72,128,309
658,72,142,314
612,85,140,310
580,83,146,314
571,82,142,310
553,119,146,308
534,115,147,307
509,105,153,309
519,105,154,312
521,110,156,313
530,122,159,316
541,135,159,316
548,142,157,317
545,146,160,315
549,141,161,313
562,104,162,319
561,95,164,319
539,100,165,316
548,82,165,322
549,83,167,320
507,100,169,320
501,75,167,320
547,45,162,313
580,36,164,320
570,50,169,325
572,41,173,328
581,36,172,325
586,29,167,323
587,20,172,318
594,6,167,325
