28,452,201,192
1,526,196,193
1,551,179,168
1,584,168,135
1,586,181,133
1,595,190,124
1,610,216,109
1,611,243,108
1,615,257,104
19,635,235,85
26,639,235,81
48,629,227,91
62,621,234,99
83,629,221,91
82,637,219,83
88,644,209,76
95,638,203,82
107,642,197,78
112,642,191,76
108,648,197,72
114,646,192,74
114,644,192,76
114,650,191,70
99,653,192,67
83,644,210,76
75,636,220,84
75,636,217,84
77,645,214,75
74,644,216,76
69,641,218,79
75,636,216,84
75,637,215,83
73,634,218,85
72,634,218,85
72,632,220,87
71,630,219,89
71,630,217,89
70,630,220,89
67,627,222,92
65,625,225,95
62,622,227,98
63,619,225,101
65,616,224,103
66,613,226,106
65,618,229,101
65,618,229,101
64,620,232,99
64,623,230,95
62,622,227,98
58,623,231,95
60,626,230,93
62,626,229,93
63,626,229,94
65,625,228,94
67,614,228,105
68,617,227,102
70,617,227,103
72,614,226,105
73,618,231,101
75,616,230,103
77,620,224,100
78,623,224,96
80,618,223,101
82,621,222,98
83,619,222,101
85,618,221,101
87,619,221,100
91,616,220,102
90,615,225,105
96,619,226,99
100,614,226,105
97,614,226,105
97,616,224,104
98,612,225,107
100,618,223,101
97,619,225,101
93,620,223,99
79,628,217,92
71,639,216,81
69,638,215,82
77,634,218,86
105,637,206,83
89,638,209,82
92,626,214,94
117,613,216,107
124,608,219,112
130,601,221,119
123,590,216,130
125,572,223,147
128,560,223,159
106,555,228,165
120,560,216,160
115,559,215,161
52,579,221,140
3,583,231,136
1,600,230,120
0,0,0,0
26,596,137,123
19,597,187,122
53,619,168,99
59,627,176,93
45,633,173,87
46,659,138,61
35,685,53,35
92,673,64,47
108,677,86,43
112,669,85,51
110,670,98,50
123,662,98,58
132,663,142,57
114,655,177,65
117,655,146,65
124,658,131,62
134,662,152,58
136,656,171,64
129,663,164,57
128,668,155,52
124,660,165,60
125,660,162,60
130,659,160,61
134,658,155,62
126,653,175,67
132,650,169,70
128,649,138,71
127,648,148,72
132,647,148,73
125,648,163,72
134,637,171,83
107,626,195,92
114,632,164,88
119,616,171,104
119,622,172,98
118,604,194,116
109,595,198,125
100,595,159,125
102,598,150,122
98,592,219,128
97,610,211,110
97,605,208,115
89,632,75,88
0,0,0,0
0,0,0,0
0,0,0,0
0,0,0,0
0,0,0,0
0,0,0,0
0,0,0,0
0,0,0,0
117,584,75,136
119,570,115,150
130,586,63,134
124,606,43,89
0,0,0,0
0,0,0,0
0,0,0,0
0,0,0,0
0,0,0,0
0,0,0,0
0,0,0,0
0,0,0,0
0,0,0,0
0,0,0,0
0,0,0,0
0,0,0,0
0,0,0,0
0,0,0,0
123,578,63,142
130,572,67,148
129,574,73,146
131,561,98,159
