204,18,121,221
191,49,114,213
216,154,63,156
217,335,89,88
270,338,82,259
370,332,70,148
419,268,115,56
439,188,164,124
462,226,205,98
371,339,263,101
304,336,88,259
101,308,192,119
125,124,148,155
216,18,36,214
239,1,60,214
247,1,68,210
250,1,61,211
250,1,61,214
250,1,58,217
250,1,58,219
250,1,62,224
250,1,66,224
249,1,71,219
245,1,83,222
245,1,86,227
244,1,86,224
247,1,80,222
250,1,73,218
251,1,71,216
253,1,72,214
255,1,72,213
254,1,77,214
253,2,78,214
248,4,80,214
239,5,81,219
225,8,71,233
217,30,44,228
198,93,54,204
170,238,117,103
202,339,126,177
354,331,38,268
404,328,142,104
445,200,152,112
474,129,152,173
491,117,155,181
514,80,146,202
525,46,138,253
520,38,124,260
519,34,91,267
536,24,60,274
518,32,86,266
507,40,101,268
519,23,98,276
522,7,92,282
520,5,88,283
519,1,91,282
514,1,101,281
518,7,101,277
514,12,108,276
516,9,106,278
513,6,104,279
515,3,94,281
513,1,90,281
513,1,83,281
514,1,77,278
512,1,77,278
512,1,79,278
509,1,90,283
510,6,103,279
515,8,106,278
519,6,99,280
518,3,96,281
519,1,101,279
525,1,103,275
531,1,113,266
549,1,151,259
553,60,228,217
485,301,302,45
371,352,148,259
104,344,209,156
112,175,150,134
231,107,32,179
198,214,127,157
188,379,198,202
450,392,113,154
512,299,183,56
472,234,223,136
468,350,178,42
355,406,53,191
81,367,195,113
127,138,109,124
259,16,80,168
260,44,208,113
269,125,217,39
240,132,223,40
210,69,246,89
212,28,239,137
234,46,238,149
244,88,237,135
242,79,229,148
236,81,240,143
240,83,240,144
240,84,234,142
238,89,234,131
245,89,223,127
253,90,205,120
263,92,181,112
269,99,166,102
270,100,164,101
269,101,165,100
272,100,160,102
273,101,158,102
276,127,100,76
276,125,103,77
278,124,100,77
279,122,100,82
279,119,101,89
293,112,93,105
326,76,98,166
386,71,63,170
426,53,52,174
434,40,60,171
429,41,71,162
416,55,68,141
402,77,61,121
382,94,67,117
374,95,68,122
371,104,71,110
426,152,152,200
453,160,127,181
444,166,134,151
384,128,317,165
336,123,405,193
337,94,393,268
335,96,391,264
335,95,389,268
338,85,376,285
368,58,322,323
408,50,258,334
431,147,150,238
457,119,135,264
482,62,123,308
512,60,107,297
542,54,89,293
566,53,74,286
583,42,66,304
597,33,61,320
