243,43,72,76
240,47,62,89
238,48,59,91
238,46,59,93
238,43,61,96
237,43,61,96
236,45,64,94
241,48,65,88
236,53,76,83
233,66,71,71
238,107,15,63
238,105,21,70
239,101,18,73
240,98,16,75
240,94,16,80
241,95,15,78
243,95,13,77
243,94,13,78
245,95,11,77
242,98,17,75
243,117,22,58
210,147,74,26
170,149,124,15
160,150,132,14
178,149,108,58
190,150,103,64
199,151,95,64
198,151,96,65
198,151,95,63
201,150,94,64
214,151,87,59
251,134,62,20
316,70,114,64
344,62,52,53
318,86,55,13
310,86,60,18
308,84,59,19
307,82,61,21
306,81,62,22
307,81,62,22
308,82,62,20
310,82,61,21
309,84,59,20
309,85,59,18
310,85,59,19
311,82,59,21
310,83,60,20
311,86,58,17
312,87,57,16
