367,334,387,48
396,304,407,50
458,341,379,144
502,402,349,304
539,467,222,253
561,482,159,236
584,465,115,213
569,466,144,167
561,473,178,102
614,358,132,240
648,292,98,212
652,248,67,208
637,223,29,203
588,201,27,134
535,230,69,156
581,431,9,13
567,516,45,136
569,495,72,109
534,299,55,182
494,232,69,202
476,225,94,255
456,277,107,193
567,545,65,142
553,507,37,39
0,0,0,0
511,494,80,70
510,518,157,166
537,486,76,44
468,247,64,190
417,188,94,187
385,192,149,190
367,237,177,117
357,281,193,55
353,306,207,29
356,310,223,31
382,286,175,56
431,257,143,121
440,243,153,185
392,247,166,157
549,430,53,19
220,284,193,61
317,273,120,58
283,250,52,87
343,357,108,52
585,474,129,83
504,327,107,128
403,222,166,180
357,255,203,103
334,311,222,40
356,318,222,48
418,295,202,96
421,278,189,136
394,305,187,81
410,383,216,39
293,345,171,21
436,293,218,59
510,331,203,120
462,530,64,122
327,508,105,104
402,355,17,19
474,326,17,99
510,208,20,154
484,180,76,233
399,178,173,212
335,266,250,87
410,278,219,109
445,262,203,142
436,310,204,67
622,399,128,63
442,315,92,53
615,308,172,76
602,452,191,49
496,541,69,179
397,482,92,67
426,339,34,58
498,303,13,23
521,192,29,212
455,173,94,233
348,188,197,184
310,285,250,56
396,279,221,96
423,259,201,127
408,320,218,67
451,359,49,24
381,304,202,34
527,258,203,167
531,478,161,46
350,516,149,190
386,385,41,91
453,246,14,87
504,207,23,170
530,197,21,223
478,173,75,238
381,182,184,189
351,302,241,44
411,275,217,118
404,289,210,96
452,375,186,46
301,338,166,47
444,283,245,94
548,330,203,140
505,542,117,168
312,510,123,105
343,319,17,131
0,0,0,0
459,184,60,226
421,177,114,232
328,200,217,169
333,307,247,49
403,266,214,137
406,267,200,125
409,342,219,66
332,338,163,43
376,286,260,43
505,289,194,143
455,532,93,132
295,511,106,147
343,410,24,72
381,358,12,43
0,0,0,0
511,570,75,125
517,527,43,83
403,249,158,204
398,229,177,169
421,254,159,148
397,289,187,93
565,418,131,60
375,310,55,36
385,294,252,61
330,313,196,53
126,415,186,43
0,0,0,0
503,463,192,43
521,299,138,203
477,183,44,201
331,206,211,171
322,316,239,29
380,271,214,122
395,259,173,153
359,309,207,85
544,417,131,60
385,331,34,19
396,334,131,41
371,383,75,47
552,520,52,68
336,313,171,107
365,331,165,85
299,307,155,75
356,318,152,52
348,285,168,49
202,235,158,106
507,472,43,24
580,477,79,58
401,249,133,155
363,261,188,129
536,412,50,48
332,341,77,41
410,313,230,52
384,346,48,23
541,446,40,26
521,413,79,33
380,281,142,85
372,349,210,64
311,350,153,45
414,330,177,31
390,331,156,48
280,346,154,55
584,455,100,89
426,315,197,123
405,311,207,106
603,387,77,47
450,316,73,32
457,319,160,25
307,371,160,69
584,475,101,65
437,273,165,152
383,294,190,86
568,404,39,41
325,330,87,47
400,297,203,22
418,332,64,26
437,417,33,22
558,449,51,33
417,266,196,134
432,347,209,61
341,341,140,35
460,308,169,31
421,322,103,21
407,394,72,33
602,456,39,53
406,273,192,127
404,312,197,69
0,0,0,0
440,315,122,74
457,326,175,30
314,332,140,51
568,456,132,66
458,342,161,81
393,282,190,108
510,408,97,26
288,343,125,25
446,312,172,41
393,325,97,54
0,0,0,0
592,450,36,49
399,272,195,135
390,302,193,93
0,0,0,0
438,320,137,39
432,325,154,53
335,338,140,58
591,453,68,97
403,297,152,100
406,278,140,101
553,413,115,48
409,327,123,59
451,328,172,40
329,327,126,52
583,470,127,77
452,348,177,90
431,271,121,87
