415,83,186,99
414,84,184,101
413,86,182,98
412,90,181,94
411,92,178,91
410,96,177,87
408,99,177,85
407,103,177,80
406,106,176,77
406,109,175,74
405,112,175,71
404,115,174,68
404,117,174,66
404,119,173,64
404,120,173,63
403,122,174,61
403,122,174,62
403,122,175,62
403,120,176,66
402,118,179,69
402,116,179,72
401,114,182,76
401,108,184,83
401,103,186,90
401,98,187,98
402,92,189,107
401,87,192,113
401,81,194,121
402,76,196,128
402,70,198,138
403,65,200,146
404,60,201,154
405,57,202,159
406,54,204,165
407,51,205,171
409,48,205,176
411,49,205,177
413,48,204,180
415,48,205,183
417,47,205,186
420,48,203,188
423,49,202,189
426,49,201,191
431,48,198,193
437,46,194,196
442,44,191,198
447,41,189,202
453,38,184,206
459,37,177,209
467,41,163,209
478,55,138,204
493,77,102,195
523,112,41,126
497,174,50,100
454,248,122,61
438,313,186,57
480,341,210,111
667,326,66,130
753,315,119,105
775,311,200,64
812,282,207,35
811,241,202,55
809,217,156,50
803,192,93,51
777,169,49,50
718,142,39,43
660,128,51,40
605,103,110,66
553,80,134,79
497,59,161,94
457,41,134,86
412,28,155,102
372,22,196,120
335,21,191,110
312,28,256,140
290,42,205,98
275,59,209,87
271,80,198,67
273,105,183,49
279,129,168,30
284,150,150,26
298,162,126,35
311,168,106,52
327,176,84,64
341,182,64,73
354,190,47,81
366,194,32,85
373,197,24,89
377,201,24,89
378,203,24,88
375,204,25,84
370,204,26,79
363,203,29,73
352,201,40,66
338,197,55,57
325,194,68,48
308,188,87,39
292,186,104,26
278,171,118,24
262,151,138,37
250,133,151,48
237,116,168,61
228,97,179,74
224,82,188,83
221,65,195,96
220,52,201,104
478,157,63,14
478,155,62,19
480,155,61,24
481,155,61,26
482,154,63,28
479,156,65,26
479,157,65,21
478,158,67,20
474,156,70,23
470,152,73,30
467,128,142,57
462,117,153,71
457,103,163,87
451,91,173,103
445,82,182,104
439,76,186,111
433,72,188,115
428,71,188,115
422,74,188,110
418,79,184,105
414,84,182,99
411,91,180,92
411,96,177,87
408,103,176,80
405,109,175,74
405,115,173,68
404,120,173,63
404,122,173,60
402,122,176,62
403,118,178,68
402,114,181,76
402,104,184,90
401,92,191,106
402,84,192,116
402,74,197,132
403,62,201,150
406,56,203,161
408,50,205,173
411,48,206,181
416,47,205,186
421,49,202,188
429,50,198,190
440,46,192,196
452,39,185,203
460,37,176,207
478,55,137,205
522,113,44,130
451,252,102,42
469,343,216,99
765,334,121,86
810,282,208,36
813,216,148,54
782,170,40,42
662,128,49,37
553,80,98,59
476,49,129,82
391,25,152,94
323,24,197,112
284,49,205,92
271,91,192,59
282,139,156,27
305,165,115,43
333,180,75,71
360,191,40,85
375,198,24,91
377,205,24,86
367,203,24,77
345,200,46,61
314,192,80,43
287,178,108,25
256,142,144,43
232,104,174,70
