594,263,34,146
593,271,40,138
583,263,55,137
576,248,61,146
575,251,58,148
566,317,66,109
565,428,82,25
566,446,90,72
580,446,73,80
617,443,36,63
648,428,65,19
645,373,142,61
642,350,159,88
677,339,129,115
711,346,94,133
707,348,98,132
692,349,113,128
676,349,122,126
666,352,126,128
662,355,127,125
660,356,128,127
656,359,130,121
648,366,136,113
641,372,144,101
635,373,149,93
622,380,160,75
628,397,152,49
613,435,156,25
583,446,142,67
556,447,107,116
542,465,81,144
531,489,74,162
532,502,62,174
533,494,42,169
484,480,52,133
419,425,110,44
395,309,112,119
366,262,115,142
359,248,105,154
426,253,52,155
512,310,26,112
559,403,49,28
562,435,89,25
569,438,82,28
560,438,85,25
557,438,81,20
552,430,74,20
532,415,62,24
516,419,52,22
516,423,45,21
516,421,47,22
516,423,48,21
514,426,44,18
514,427,45,20
523,410,100,32
569,360,126,77
629,294,93,108
652,243,43,130
637,231,36,111
597,255,68,72
570,286,112,47
549,270,133,61
558,230,101,86
594,207,80,106
610,236,99,86
590,263,122,45
577,242,140,70
589,206,102,102
606,199,86,116
580,201,94,110
542,222,109,95
534,226,112,96
539,222,115,97
569,220,92,106
624,235,44,110
646,289,56,117
645,314,80,96
645,310,78,101
645,305,77,105
644,305,77,106
643,308,80,104
642,308,77,104
643,304,73,107
643,300,72,110
644,298,71,111
645,292,64,115
646,288,56,118
651,286,48,117
651,286,46,117
653,283,38,121
653,281,36,122
652,277,33,125
654,276,29,128
658,276,23,127
658,277,22,128
658,277,21,128
657,279,21,125
658,278,20,128
650,282,32,125
638,294,59,116
633,326,84,84
622,364,115,45
629,402,141,34
578,409,176,73
536,397,54,42
398,357,114,37
386,350,120,42
385,356,121,36
385,357,121,36
385,353,121,40
387,353,120,40
388,351,120,42
386,354,123,40
391,357,121,38
393,359,121,37
389,364,123,33
397,364,115,33
505,357,30,38
527,379,128,32
559,396,172,58
541,396,221,79
555,398,212,76
559,397,212,63
561,394,210,42
566,378,207,49
547,389,218,64
546,386,223,83
543,391,218,72
548,392,223,76
552,391,219,79
555,391,217,75
559,392,214,71
563,391,215,71
569,390,213,72
574,388,213,74
576,390,214,75
578,390,215,76
582,391,217,75
587,390,218,77
589,389,222,82
590,393,224,80
591,394,223,83
594,398,225,81
601,392,228,88
605,392,230,87
605,386,231,94
600,386,229,87
586,387,229,76
574,391,229,68
558,391,228,79
541,398,224,102
525,401,219,111
511,403,221,103
546,414,172,79
536,407,161,64
529,402,145,47
529,400,112,30
531,400,89,26
537,402,66,26
536,400,51,26
535,394,39,29
524,396,43,27
524,398,42,28
521,405,47,29
522,408,49,28
526,409,53,27
532,412,56,24
539,412,59,26
545,416,68,26
555,420,70,26
557,421,74,30
557,417,75,28
556,414,77,28
549,413,83,28
545,410,89,28
518,399,116,36
516,412,105,28
516,426,100,30
514,428,105,40
514,428,108,51
514,426,110,52
520,426,112,50
527,426,116,44
534,425,122,41
541,426,124,43
535,420,133,42
535,416,140,42
538,416,144,37
535,413,147,37
528,411,147,39
523,413,142,42
518,413,140,48
516,412,142,47
517,411,145,43
520,410,148,41
521,411,146,40
519,411,146,40
514,412,149,39
510,413,148,42
510,414,149,48
512,415,149,49
511,415,148,47
509,416,146,46
508,415,143,46
504,415,143,42
519,401,141,27
511,366,161,62
507,332,123,140
510,329,68,176
505,337,48,181
494,349,109,152
494,372,156,79
505,402,158,42
511,420,154,55
512,427,163,50
513,426,128,43
509,425,118,36
507,426,119,42
504,425,119,42
502,425,120,37
502,425,119,37
500,426,120,36
496,426,130,26
454,424,172,28
419,452,188,78
428,473,167,137
452,502,134,158
468,506,117,176
472,483,130,178
475,459,129,119
470,357,87,100
466,305,27,156
447,456,27,33
483,475,55,197
472,442,77,92
467,327,32,99
436,231,20,26
397,202,110,133
373,219,145,84
397,229,161,67
458,195,137,105
534,171,95,141
566,176,79,137
557,196,95,119
540,229,121,86
536,259,139,59
550,257,141,61
584,235,134,84
632,210,114,111
671,203,92,128
687,210,80,128
678,214,84,124
654,222,98,113
631,229,106,108
614,233,114,107
611,235,117,101
612,235,117,101
608,230,117,102
603,224,113,104
598,222,114,104
593,224,113,101
588,224,116,103
584,224,117,100
582,227,117,98
578,229,118,96
575,230,119,94
575,232,116,95
576,233,112,94
580,236,101,92
584,242,118,119
611,257,73,113
649,280,26,94
627,305,85,66
605,332,138,34
579,341,182,38
615,349,152,57
600,344,161,91
585,340,143,116
569,338,105,124
553,331,66,121
545,329,32,112
534,327,27,111
533,326,26,113
533,326,26,114
529,325,25,116
529,331,25,112
527,330,25,117
526,330,25,118
526,330,26,118
529,329,25,117
530,311,28,139
534,314,26,139
539,317,25,135
539,317,24,142
539,318,24,145
538,319,26,145
537,326,29,134
541,340,32,118
539,340,38,118
523,333,25,49
467,205,58,124
396,160,121,162
339,247,217,104
328,326,177,26
325,329,180,30
318,300,198,63
327,325,186,67
355,391,173,36
391,433,158,53
415,448,133,84
417,447,130,105
407,441,139,114
394,439,150,112
392,440,150,115
398,442,144,131
409,447,133,144
404,445,132,146
393,443,136,143
432,443,84,171
503,452,21,191
524,467,65,193
560,473,76,189
593,475,71,191
610,484,70,191
614,502,70,194
605,499,73,196
587,492,39,194
483,473,98,108
430,328,135,116
412,239,133,171
383,231,148,171
347,321,194,122
409,480,189,129
647,471,72,199
707,436,96,41
723,294,52,93
694,238,36,125
637,230,76,95
592,250,107,66
571,265,119,46
572,243,123,70
604,207,105,108
639,201,82,114
639,236,87,81
622,263,107,57
627,245,110,87
645,227,100,112
639,232,99,105
648,256,83,98
700,304,38,82
724,350,56,84
