965,327,74,141
946,328,61,146
901,344,119,133
873,359,104,150
835,365,134,145
796,374,72,150
725,362,110,147
663,362,90,146
619,351,81,151
591,329,68,143
571,300,67,148
547,286,83,159
492,289,90,151
460,284,73,145
439,276,62,151
387,275,86,124
382,251,82,142
389,242,71,129
400,218,119,142
436,214,85,125
454,196,59,141
476,194,49,121
481,189,76,116
561,187,33,53
565,175,89,120
636,178,75,117
676,174,81,120
0,0,0,0
805,185,64,122
874,200,49,121
917,203,52,122
0,0,0,0
1043,212,29,64
1065,215,47,139
1089,221,65,133
1113,224,89,139
1175,226,93,137
1211,257,69,84
