231,288,25,23
229,264,21,21
225,263,22,21
226,263,22,22
226,258,22,21
229,258,20,21
233,253,20,20
240,233,21,19
244,194,22,23
207,190,21,20
211,179,20,23
268,140,19,19
0,0,0,0
0,0,0,0
0,0,0,0
524,92,21,20
484,107,15,17
441,142,21,22
430,111,21,20
423,79,18,21
413,74,21,21
402,85,20,21
392,111,22,21
386,109,19,19
367,125,20,23
365,141,18,20
395,121,16,22
405,120,21,21
433,86,17,21
464,61,19,21
486,56,22,21
509,63,22,18
543,90,20,18
0,0,0,0
541,129,24,22
562,163,17,21
0,0,0,0
583,274,20,17
593,279,17,16
599,236,21,22
608,205,22,26
618,198,22,20
630,206,18,21
646,236,12,18
0,0,0,0
659,277,14,16
669,244,19,23
0,0,0,0
364,54,28,27
346,39,28,28
350,42,30,29
359,73,30,29
367,112,30,30
393,100,32,29
429,109,28,29
456,133,29,35
430,122,32,30
369,122,29,32
