347,311,114,156
363,312,94,145
323,345,112,99
352,337,35,34
249,332,166,142
297,288,97,167
304,281,159,129
356,289,131,120
379,282,129,170
428,269,117,173
487,269,86,155
484,300,112,128
457,338,145,108
421,351,160,77
402,349,141,76
371,323,149,96
351,320,152,94
346,336,123,69
337,334,81,66
332,338,69,57
328,324,78,65
305,315,103,64
288,303,116,76
265,301,103,81
228,289,117,90
219,278,107,91
186,259,114,113
194,254,97,124
169,248,129,130
189,245,94,133
190,243,89,137
215,244,96,145
266,251,73,150
324,270,77,141
363,266,117,133
429,264,123,143
517,280,101,127
589,291,87,137
602,259,121,184
633,248,95,181
681,204,42,247
686,241,95,197
712,237,69,163
741,255,106,238
777,335,96,215
754,326,115,216
752,268,102,238
767,251,91,222
