789,189,131,161
803,180,115,164
855,170,93,173
878,173,115,166
880,186,149,152
889,191,124,147
856,184,139,149
816,179,98,152
784,168,98,164
748,166,75,162
705,163,91,160
669,166,79,159
628,162,69,158
596,169,76,151
595,164,68,156
590,157,69,146
574,152,67,154
571,146,71,149
583,145,77,140
589,145,124,142
630,137,93,139
651,133,99,142
690,133,103,141
753,130,82,149
793,143,65,146
806,139,80,156
818,127,69,105
838,126,61,92
828,140,96,162
797,146,151,176
811,144,129,194
833,170,121,158
854,203,110,224
864,216,95,249
838,247,134,271
877,277,131,276
907,292,114,306
872,288,126,310
838,285,121,292
796,270,106,294
750,282,139,274
701,278,159,273
641,255,129,276
579,247,84,271
523,263,115,247
478,266,115,235
451,253,96,241
423,257,96,223
400,250,84,230
360,251,98,216
346,242,87,212
326,237,75,207
310,238,74,202
294,235,73,194
