1010,339,156,193
965,354,107,206
877,351,147,213
786,363,161,199
757,360,101,206
702,346,106,190
666,337,96,201
626,326,102,203
625,320,77,190
579,310,105,189
546,319,117,176
554,305,89,189
564,286,79,205
554,285,88,206
552,280,90,207
558,290,102,198
539,291,121,198
544,283,107,200
573,296,91,173
608,300,76,163
636,303,72,154
665,308,87,119
705,299,70,145
731,301,90,100
699,298,116,141
747,301,74,86
701,291,110,128
697,285,105,123
688,284,80,78
665,274,97,110
672,273,64,112
640,277,93,86
669,271,51,105
616,262,89,108
621,269,59,109
591,265,93,107
616,265,58,115
599,263,96,121
621,259,69,122
615,257,107,129
656,256,49,124
644,256,103,125
683,261,53,121
695,265,86,122
695,261,73,129
683,251,75,137
667,239,72,153
655,240,60,161
