99,259,126,167
117,256,81,167
109,256,86,169
106,259,88,164
102,255,95,166
103,256,80,164
86,257,89,162
71,256,93,155
89,253,95,152
111,248,72,154
100,253,92,156
106,261,101,155
156,256,65,157
170,255,71,161
164,261,93,159
197,262,88,160
236,256,70,165
241,260,85,160
266,265,90,156
303,264,82,156
341,261,58,157
368,261,65,157
397,261,81,157
441,259,66,157
479,260,53,162
503,254,54,168
523,252,52,170
533,250,65,164
541,252,99,165
572,246,77,169
617,239,52,171
638,249,87,161
649,258,83,154
631,243,90,157
633,232,67,158
622,219,55,153
609,206,58,145
580,204,69,143
551,192,72,155
556,177,60,156
564,168,44,142
568,168,47,141
555,163,69,150
550,144,61,156
551,137,72,165
556,145,51,159
552,137,49,162
536,134,62,164
521,123,76,164
523,115,78,174
536,112,65,172
543,113,55,170
553,115,52,171
562,119,56,167
