833,310,115,207
853,299,89,220
853,286,85,235
850,260,88,260
842,259,98,266
845,259,95,267
854,255,88,272
863,249,78,276
866,249,75,275
862,249,75,273
870,249,69,274
885,266,53,254
878,279,61,238
871,303,109,201
868,287,113,211
870,267,98,187
805,254,117,174
809,242,90,162
804,234,69,124
784,222,76,131
741,211,118,127
735,210,122,118
702,192,141,119
677,188,139,153
667,198,103,139
639,185,107,159
644,167,83,164
641,158,92,172
619,163,100,162
620,172,68,153
577,159,114,155
531,188,102,126
508,196,63,133
477,211,60,127
421,221,100,136
389,228,86,144
378,242,91,122
382,250,62,114
367,272,72,146
366,300,91,155
351,310,121,145
365,316,104,151
413,345,93,139
413,371,92,104
408,383,92,134
399,361,86,156
387,362,71,133
336,342,101,149
296,276,118,204
273,243,120,215
262,263,94,195
232,318,103,184
173,337,84,225
110,381,97,184
