486,205,17,20
464,189,16,15
0,0,0,0
470,126,14,18
454,92,14,17
430,71,15,18
404,62,14,15
376,68,18,17
351,89,18,16
0,0,0,0
0,0,0,0
0,0,0,0
0,0,0,0
296,236,13,15
294,241,14,16
270,277,14,13
0,0,0,0
0,0,0,0
0,0,0,0
305,241,14,16
277,276,15,19
242,261,15,17
225,258,17,17
255,260,16,16
0,0,0,0
255,245,15,16
230,240,16,16
220,234,16,17
237,233,18,17
270,237,19,19
312,234,15,15
344,206,17,18
335,241,16,16
290,229,19,18
251,210,18,18
223,206,18,20
215,246,17,19
242,294,24,25
221,239,25,24
283,173,24,25
376,194,25,24
417,212,24,23
456,212,23,19
432,151,34,26
401,93,30,30
359,50,35,32
319,17,43,44
302,5,54,53
306,32,61,59
336,118,60,58
389,233,52,51
406,236,45,46
411,238,31,29
415,245,22,20
0,0,0,0
190,243,14,18
197,241,16,19
200,236,18,19
191,226,21,21
185,232,17,17
176,233,19,17
0,0,0,0
0,0,0,0
0,0,0,0
0,0,0,0
0,0,0,0
0,0,0,0
0,0,0,0
0,0,0,0
0,0,0,0
0,0,0,0
0,0,0,0
304,231,18,16
326,216,16,16
0,0,0,0
0,0,0,0
0,0,0,0
0,0,0,0
0,0,0,0
367,255,22,20
384,220,18,20
0,0,0,0
504,207,23,19
500,251,15,14
536,234,23,25
521,199,24,22
527,139,22,22
0,0,0,0
542,104,20,20
536,104,23,21
513,123,24,22
0,0,0,0
484,182,22,23
516,200,22,22
556,204,22,24
579,198,20,19
