485,303,54,109
472,306,57,114
463,324,52,115
446,325,61,117
441,340,63,122
448,345,68,122
453,358,60,131
479,366,44,122
464,377,70,129
465,379,91,129
498,387,62,133
502,383,85,135
539,386,64,133
556,379,76,138
582,383,80,136
617,372,70,147
638,370,79,138
678,364,57,148
692,363,92,131
743,362,59,142
770,366,58,129
792,378,86,112
806,371,76,118
807,372,69,124
800,372,79,118
783,374,81,118
769,375,66,134
751,380,66,142
713,385,80,134
683,391,84,139
684,390,78,143
702,377,56,156
698,386,65,147
685,371,71,165
692,357,60,165
690,344,74,153
694,343,82,155
694,349,77,150
721,346,64,156
754,344,49,156
767,354,73,154
775,360,91,153
808,358,64,157
831,361,67,159
842,363,76,159
853,351,63,156
842,343,66,156
830,343,72,156
821,351,77,141
794,348,90,146
793,342,49,150
752,349,109,138
738,358,140,146
714,361,178,138
762,360,121,149
773,371,94,163
799,374,74,162
821,367,74,171
833,368,76,171
840,366,68,173
845,360,49,175
850,354,48,172
850,347,65,169
866,341,67,163
885,334,60,162
910,327,53,157
927,323,52,151
950,316,50,147
982,308,42,147
1010,306,38,143
1036,305,42,133
1057,305,40,125
1075,306,40,124
1089,308,43,119
1098,306,40,115
1101,308,32,108
1097,310,31,102
1079,310,43,99
