9,205,48,150
9,205,51,150
5,204,56,152
2,206,56,150
1,207,58,153
1,213,58,138
1,233,48,117
1,251,20,46
1,266,13,33
0,0,0,0
0,0,0,0
0,0,0,0
0,0,0,0
0,0,0,0
0,0,0,0
1,359,13,43
1,265,29,131
1,241,50,156
22,240,52,154
44,239,47,154
58,238,54,147
70,238,64,140
75,242,88,135
85,247,99,130
131,244,95,128
155,232,96,127
192,237,81,136
216,253,64,108
236,269,68,110
247,265,68,116
244,248,71,116
234,244,96,106
256,238,88,109
305,233,51,76
320,241,66,117
320,250,93,108
349,252,69,109
353,250,69,112
344,256,104,107
387,255,92,124
411,254,108,124
500,267,61,134
555,269,65,111
611,246,42,129
643,207,48,153
665,178,64,182
713,174,47,204
733,191,63,187
782,256,96,167
811,297,107,159
816,310,106,145
823,286,96,157
802,266,111,162
768,269,107,128
762,249,101,165
734,248,95,155
701,236,90,166
661,236,103,148
609,238,68,124
562,228,104,140
504,237,63,96
441,234,79,94
377,241,73,107
305,240,69,128
244,253,70,126
172,253,94,128
