344,215,81,147
312,219,98,171
283,226,85,173
210,246,119,164
171,242,116,175
109,230,62,179
1,236,109,175
1,241,73,164
1,227,38,95
1,235,45,90
1,253,85,145
68,247,85,148
105,255,85,139
129,258,75,137
129,271,87,129
104,286,112,124
70,285,130,125
45,279,108,130
9,278,109,148
1,273,112,153
4,267,124,158
64,243,123,177
139,245,110,171
213,242,138,180
275,243,125,179
348,240,89,189
363,264,102,170
420,286,105,156
535,293,74,170
620,319,100,167
778,254,72,227
889,243,55,181
961,239,74,201
1061,264,81,205
1139,317,96,208
1213,331,67,203
1231,343,49,116
1238,363,42,93
1273,401,11,102
1256,483,26,24
1266,509,14,20
1193,407,87,284
1093,400,187,283
1038,383,137,292
1004,360,147,275
990,341,107,279
943,320,120,269
894,315,119,255
886,295,93,263
862,301,83,186
839,290,77,234
802,283,102,230
781,273,82,219
748,269,87,232
717,264,78,225
663,257,90,228
583,258,138,229
539,264,160,224
517,262,158,226
467,258,148,218
