371,282,27,25
439,322,24,24
469,349,25,23
480,365,23,28
479,395,19,22
486,414,13,25
459,361,25,25
387,305,19,23
318,274,24,22
267,269,25,23
271,316,27,19
293,417,22,26
317,377,22,21
394,369,22,20
482,383,20,25
538,403,25,26
566,368,24,27
0,0,0,0
0,0,0,0
516,328,20,20
560,294,19,24
623,315,27,25
667,221,19,28
668,159,29,23
740,153,22,27
794,205,19,23
801,254,27,30
848,282,24,22
888,327,27,27
927,397,25,31
956,403,28,26
983,352,24,28
1001,328,30,28
1039,331,21,29
1057,330,28,31
1071,321,28,28
1071,325,25,27
1023,296,28,26
991,266,32,25
988,276,30,27
996,304,29,26
977,280,25,26
901,290,21,23
831,317,26,26
770,362,27,27
717,375,18,23
685,421,22,21
711,387,21,25
751,339,25,25
784,341,26,24
798,391,22,24
828,447,24,21
886,386,24,24
921,370,25,25
926,399,27,25
928,483,24,24
958,435,21,22
0,0,0,0
0,0,0,0
0,0,0,0
608,298,56,50
808,344,53,54
1014,404,50,50
1011,320,51,52
910,266,49,47
806,314,54,48
713,92,48,56
0,0,0,0
618,1,38,27
616,26,53,58
0,0,0,0
664,278,57,55
669,365,54,58
706,412,57,56
742,467,58,59
784,534,56,63
825,627,61,59
0,0,0,0
0,0,0,0
0,0,0,0
926,661,78,58
941,594,86,82
953,544,98,91
991,539,102,98
1080,592,117,100
1198,634,79,83
0,0,0,0
0,0,0,0
298,330,22,19
317,339,21,21
0,0,0,0
0,0,0,0
0,0,0,0
0,0,0,0
0,0,0,0
253,401,22,21
242,431,19,20
211,406,22,20
198,369,23,23
201,353,24,25
0,0,0,0
0,0,0,0
251,355,18,20
0,0,0,0
306,405,23,24
279,355,18,19
267,326,23,26
273,324,21,20
0,0,0,0
0,0,0,0
0,0,0,0
455,375,23,22
0,0,0,0
0,0,0,0
552,352,22,22
577,266,23,23
579,202,27,21
599,176,22,23
648,185,22,23
