691,191,107,134
666,191,97,135
657,191,88,135
651,204,97,118
677,207,76,124
695,220,62,122
679,224,83,126
668,239,84,123
664,261,64,129
600,272,111,126
567,281,122,127
566,266,97,143
561,273,134,156
620,284,73,157
638,277,136,159
678,265,101,175
672,191,95,234
686,179,70,206
667,170,98,225
744,218,70,205
782,275,83,188
786,338,94,144
802,360,163,113
839,341,174,121
870,370,170,85
900,350,171,95
916,317,181,121
928,315,148,120
933,314,134,120
921,314,140,119
880,331,178,99
863,340,193,86
860,333,151,89
859,316,141,105
859,304,133,116
860,302,134,110
851,296,150,106
880,291,122,110
890,282,94,114
895,262,96,132
890,247,103,144
886,231,111,157
877,215,86,172
856,222,91,168
853,241,131,153
863,250,127,144
884,253,94,140
886,257,94,157
