113,227,18,18
0,0,0,0
76,235,19,17
61,218,15,17
47,217,20,17
47,221,19,18
57,236,17,18
67,284,17,16
68,278,19,19
66,255,18,17
77,239,20,20
71,208,19,21
38,207,24,20
67,163,16,17
0,0,0,0
0,0,0,0
188,101,13,12
208,109,17,17
219,140,15,17
230,108,16,19
0,0,0,0
269,106,13,16
0,0,0,0
356,206,14,19
391,183,15,14
422,161,14,20
0,0,0,0
0,0,0,0
415,170,16,15
375,121,16,17
368,92,17,19
0,0,0,0
455,24,20,21
506,7,18,21
556,3,21,23
605,22,20,20
653,57,19,19
0,0,0,0
705,144,18,21
708,196,21,19
0,0,0,0
306,170,19,20
304,182,20,21
295,232,20,20
259,242,21,22
214,217,22,21
176,214,21,20
153,225,19,21
138,245,19,20
128,319,20,21
105,270,20,20
98,261,22,21
129,266,21,23
0,0,0,0
224,242,19,21
293,257,23,25
366,294,21,19
413,336,24,22
0,0,0,0
0,0,0,0
0,0,0,0
324,331,23,22
331,292,24,23
341,289,21,26
355,289,23,23
381,231,23,21
412,191,23,22
436,179,19,22
453,186,20,19
479,199,21,21
509,236,22,19
534,262,19,21
548,259,18,21
564,290,22,19
577,313,19,20
586,316,19,20
619,312,14,20
0,0,0,0
0,0,0,0
689,296,20,19
664,248,21,21
637,275,22,23
0,0,0,0
0,0,0,0
608,227,16,19
603,181,22,19
607,157,22,21
613,124,17,17
622,85,18,20
632,65,21,20
636,61,23,21
627,74,15,23
0,0,0,0
612,139,27,27
629,195,24,25
643,276,24,26
637,276,19,20
615,275,20,21
590,322,20,22
597,287,18,19
605,263,20,17
614,253,18,19
619,248,17,22
616,251,19,19
608,289,17,19
620,292,17,16
634,259,15,17
644,249,12,18
644,254,19,19
636,295,21,17
644,299,14,16
0,0,0,0
0,0,0,0
0,0,0,0
662,276,19,21
