123,264,16,18
149,248,16,15
174,246,14,14
145,296,15,14
125,271,15,19
98,284,16,14
96,299,18,18
0,0,0,0
0,0,0,0
0,0,0,0
0,0,0,0
0,0,0,0
187,254,10,20
193,301,18,18
233,270,20,19
269,241,20,20
301,251,19,20
333,295,20,20
372,263,20,24
393,251,19,20
369,267,22,20
370,185,22,23
386,222,26,27
447,141,26,28
339,86,30,20
0,0,0,0
398,349,22,25
456,248,23,25
443,241,25,25
400,288,27,24
364,337,23,25
347,262,23,27
326,219,24,21
381,189,41,42
454,131,41,41
494,164,43,44
497,320,41,39
500,261,40,40
471,248,39,38
436,322,35,40
390,234,42,41
369,212,45,40
465,310,42,46
572,254,44,44
546,152,48,52
0,0,0,0
0,0,0,0
0,0,0,0
0,0,0,0
0,0,0,0
785,415,66,62
251,184,12,13
0,0,0,0
0,0,0,0
416,202,13,15
0,0,0,0
500,139,17,17
503,187,20,19
525,204,17,17
491,190,12,17
485,122,16,21
483,122,15,15
473,129,19,17
0,0,0,0
0,0,0,0
0,0,0,0
0,0,0,0
0,0,0,0
509,290,21,19
504,245,23,22
522,238,19,20
560,251,19,20
607,264,26,24
636,261,25,24
0,0,0,0
168,138,43,33
183,155,42,33
0,0,0,0
455,268,37,41
599,283,20,32
583,194,39,40
526,133,36,38
452,133,31,32
352,162,43,40
338,197,40,39
373,253,41,45
259,274,59,54
204,76,69,61
0,0,0,0
282,1,71,54
294,66,81,86
258,162,79,85
227,203,73,77
224,185,69,72
240,131,66,68
282,81,66,59
