658,271,23,19
658,267,21,20
659,266,20,20
660,267,21,20
660,275,21,20
663,231,21,19
663,192,22,23
664,176,24,21
668,179,22,20
641,197,24,21
0,0,0,0
0,0,0,0
437,354,18,20
415,284,20,20
398,231,18,19
388,196,20,22
377,184,22,24
371,190,25,25
374,219,21,23
376,271,22,21
378,284,21,20
314,359,27,25
303,341,26,26
299,337,25,26
306,337,22,22
273,279,26,24
222,236,22,24
0,0,0,0
143,225,27,25
128,256,31,28
140,274,27,27
173,373,25,25
184,322,26,26
193,322,23,24
225,320,24,26
202,231,27,28
209,183,21,26
0,0,0,0
0,0,0,0
183,299,23,24
0,0,0,0
0,0,0,0
0,0,0,0
0,0,0,0
734,232,29,31
692,245,29,27
664,284,22,29
628,334,23,25
607,259,20,23
598,313,25,23
583,258,26,25
553,255,23,25
536,208,18,29
0,0,0,0
0,0,0,0
500,161,21,23
526,159,26,26
544,187,24,27
533,258,28,22
515,267,25,25
