571,302,24,25
0,0,0,0
0,0,0,0
0,0,0,0
0,0,0,0
618,255,18,22
0,0,0,0
593,261,17,21
0,0,0,0
492,285,20,18
477,277,17,18
475,275,17,19
498,302,21,20
495,346,18,21
469,308,19,24
503,302,22,29
564,363,22,22
594,358,20,22
589,321,26,16
586,317,25,23
553,321,27,24
480,253,18,21
435,212,21,21
0,0,0,0
0,0,0,0
0,0,0,0
0,0,0,0
0,0,0,0
0,0,0,0
0,0,0,0
0,0,0,0
0,0,0,0
0,0,0,0
0,0,0,0
859,255,24,27
871,313,25,25
883,379,24,23
895,453,25,25
906,382,24,21
671,309,20,18
701,394,20,20
783,421,26,26
851,356,27,28
837,323,28,26
800,318,29,26
781,210,30,27
771,161,33,31
767,149,27,33
765,182,26,31
753,213,41,40
748,208,47,47
749,141,61,63
740,30,87,83
711,92,114,109
643,394,102,98
644,100,82,75
625,46,82,75
609,120,81,66
0,0,0,0
717,453,32,30
