949,350,23,25
885,389,25,22
851,367,24,23
857,326,22,20
0,0,0,0
872,333,21,21
890,414,20,19
939,395,21,21
962,376,20,21
964,380,22,22
944,387,22,19
887,386,22,19
813,413,20,21
753,451,21,21
0,0,0,0
676,468,23,24
719,407,20,23
715,313,18,24
0,0,0,0
0,0,0,0
0,0,0,0
0,0,0,0
523,53,17,17
486,67,13,15
445,101,15,15
0,0,0,0
426,188,18,19
426,188,20,22
0,0,0,0
433,215,18,20
0,0,0,0
436,308,17,19
433,377,18,17
428,346,17,18
0,0,0,0
390,414,21,20
338,397,16,21
288,387,17,19
249,387,17,18
249,398,20,21
246,395,17,19
229,375,20,20
224,355,23,21
253,317,17,19
284,276,19,15
313,232,21,21
0,0,0,0
386,170,17,18
428,155,20,16
467,148,14,18
506,152,16,18
547,172,14,18
587,204,15,16
615,240,15,15
630,269,20,16
0,0,0,0
0,0,0,0
0,0,0,0
0,0,0,0
0,0,0,0
0,0,0,0
460,236,21,35
476,206,19,41
494,174,50,50
507,155,47,50
511,144,54,46
520,134,50,54
533,126,43,51
544,122,42,47
552,120,41,44
561,115,42,46
575,118,38,38
588,113,35,40
597,105,39,33
610,86,35,36
623,71,32,26
639,63,27,29
645,75,29,27
658,91,27,28
675,118,23,25
696,135,21,23
727,165,24,23
759,217,27,24
768,238,22,26
0,0,0,0
1080,221,19,21
1090,218,20,21
1087,236,22,24
1050,272,21,23
1020,335,23,25
1034,302,21,23
1024,296,21,24
991,305,24,26
951,388,21,20
936,357,24,27
865,337,26,24
0,0,0,0
737,353,25,24
710,327,26,26
700,383,31,26
690,356,28,30
722,341,28,28
730,359,28,34
729,375,28,25
759,374,22,19
0,0,0,0
839,307,24,28
877,273,26,23
898,259,23,24
901,267,23,23
886,296,22,22
871,331,20,24
862,342,20,21
856,396,22,23
0,0,0,0
0,0,0,0
779,313,20,21
763,343,18,18
0,0,0,0
700,261,22,21
706,276,17,16
702,299,16,16
669,250,17,17
641,218,20,20
629,214,18,16
624,238,17,17
610,250,15,15
596,220,14,19
598,193,19,21
0,0,0,0
0,0,0,0
0,0,0,0
602,191,18,20
847,138,22,18
898,156,19,21
