649,451,90,24
520,419,149,51
402,406,188,89
275,341,130,195
265,277,85,210
211,336,112,179
203,329,104,106
206,275,74,42
222,259,24,77
202,334,20,88
165,429,28,63
40,445,176,14
61,368,191,39
175,335,73,13
237,291,33,9
287,272,52,93
263,461,55,44
319,454,23,157
358,251,81,149
428,244,19,100
335,420,69,30
308,446,116,84
382,386,32,184
405,323,76,179
416,298,128,144
457,367,149,74
431,409,180,112
629,384,96,23
361,270,151,72
365,272,95,144
286,478,105,39
455,484,168,89
439,290,37,193
394,382,88,63
290,305,132,136
319,297,59,73
375,307,59,182
525,422,79,42
595,350,158,131
564,271,165,138
519,207,106,212
425,284,205,79
479,190,24,201
374,294,145,84
294,290,162,144
283,286,110,174
283,444,165,91
415,439,131,177
414,377,190,106
451,266,110,204
393,341,213,89
403,298,123,200
357,257,187,150
284,366,220,50
323,343,203,96
423,220,50,216
359,302,219,40
439,220,20,206
327,318,211,32
398,213,57,216
319,267,176,114
304,283,200,92
442,335,72,37
423,225,51,181
360,242,189,148
487,334,19,15
426,198,27,174
400,206,127,155
426,170,99,216
430,196,32,238
398,227,104,231
379,256,175,174
439,209,179,186
474,171,106,185
414,232,182,97
480,174,55,211
429,233,216,57
485,164,154,142
530,150,22,102
430,230,169,37
428,156,126,179
430,163,104,200
377,248,232,63
479,164,35,216
362,249,223,31
433,134,70,206
358,212,131,69
420,164,108,187
373,253,169,29
401,150,117,188
387,150,65,149
321,249,224,58
409,159,44,216
327,239,214,44
423,137,51,201
359,217,125,52
474,145,71,107
375,234,107,33
401,156,115,189
370,198,89,111
371,165,167,159
388,130,170,112
429,106,112,202
395,265,209,53
447,146,99,194
391,162,177,90
380,155,158,177
387,232,100,154
350,222,174,145
415,163,50,168
383,249,217,13
472,136,70,221
403,204,198,84
427,135,131,175
432,152,109,183
404,195,207,117
456,155,95,184
395,182,190,111
464,110,29,205
386,228,214,34
513,139,31,87
546,229,35,32
445,139,117,179
430,180,110,151
436,137,144,173
434,141,190,39
537,73,19,197
464,176,191,110
546,141,22,185
481,239,76,76
457,229,58,179
509,309,31,99
491,363,64,65
658,258,27,27
688,277,84,47
678,128,17,38
565,146,182,55
568,189,151,51
565,185,183,22
571,229,182,39
614,353,151,8
597,413,158,48
591,446,150,15
612,427,149,30
794,361,29,90
0,0,0,0
0,0,0,0
560,290,32,8
539,295,45,34
517,318,55,53
571,313,12,50
555,312,15,71
423,322,151,38
596,227,159,38
634,231,141,24
714,293,147,26
708,204,38,47
593,183,87,31
593,186,101,26
654,242,145,31
802,306,49,17
655,238,129,11
646,177,125,27
645,161,78,42
633,191,37,27
597,230,67,29
589,264,39,11
572,270,28,48
503,286,59,37
471,284,86,42
478,244,88,63
485,236,79,19
459,255,92,40
474,329,43,133
480,364,10,30
440,351,21,151
346,350,107,112
285,409,135,32
247,453,130,24
240,510,111,36
255,562,140,50
258,566,138,47
254,572,165,22
280,537,179,28
410,421,79,139
477,344,115,143
533,388,172,21
626,340,96,102
642,266,105,64
704,276,21,23
672,288,19,129
0,0,0,0
629,341,89,125
703,401,22,60
854,309,16,10
838,193,101,89
767,201,110,62
705,267,26,146
730,366,107,164
814,262,112,163
816,311,191,62
782,368,188,44
826,277,136,128
842,217,127,127
851,227,117,137
852,280,118,129
828,346,23,176
650,166,57,176
590,216,141,186
696,232,48,230
731,327,128,174
747,196,149,167
766,124,158,167
784,131,167,152
806,224,175,132
816,221,65,233
726,421,119,162
810,428,77,107
766,303,162,66
788,319,151,108
788,397,27,228
589,389,200,13
734,139,153,152
577,12,189,171
587,1,147,139
610,1,112,247
558,256,214,36
511,226,165,207
421,254,185,180
417,374,183,51
594,392,20,249
709,431,154,185
823,270,76,152
772,92,155,160
837,6,25,186
756,44,154,81
794,54,93,228
776,268,112,104
766,250,81,192
726,225,131,148
796,320,103,16
776,343,102,185
726,374,76,224
698,262,95,131
630,97,145,107
668,1,63,219
577,56,189,95
635,104,70,259
519,308,194,102
417,299,181,162
393,389,157,39
513,372,34,243
611,414,137,225
695,310,146,120
685,93,176,175
762,1,27,183
678,27,185,65
728,14,123,227
741,190,100,153
688,168,95,211
686,147,16,223
671,190,90,215
670,198,63,271
706,277,32,280
662,155,90,268
611,107,135,249
563,160,174,211
0,0,0,0
0,0,0,0
0,0,0,0
0,0,0,0
670,62,66,227
565,322,177,166
378,334,122,187
347,239,117,273
369,414,121,29
519,418,89,284
658,449,198,127
773,184,37,222
676,71,173,71
743,1,79,141
693,1,90,76
651,11,183,187
727,150,24,220
674,167,23,246
585,184,128,180
648,304,120,15
620,358,131,197
569,407,77,264
417,248,210,173
542,220,177,99
458,1,81,222
341,44,238,75
415,59,80,275
298,262,234,136
170,380,246,69
176,411,165,183
321,363,81,279
357,327,209,183
520,372,33,267
575,125,23,247
517,1,29,55
0,0,0,0
0,0,0,0
0,0,0,0
0,0,0,0
0,0,0,0
545,1,56,165
565,229,30,319
587,476,99,22
589,457,136,22
540,428,230,63
511,417,233,75
445,452,245,37
440,396,178,137
486,375,72,114
518,328,16,94
468,424,120,98
480,440,128,59
492,398,86,147
499,383,71,119
471,363,113,78
553,353,38,118
629,390,64,83
559,431,95,59
508,486,39,54
421,418,26,179
383,404,66,202
390,400,78,196
361,443,144,84
369,427,149,70
359,354,106,174
278,348,167,147
217,372,179,137
218,281,33,201
140,230,129,135
210,288,43,108
238,367,53,130
210,427,47,76
132,504,43,59
146,353,99,114
262,300,171,72
480,273,22,14
543,296,65,16
471,393,132,60
488,414,27,160
543,349,119,156
469,185,147,139
329,168,117,148
286,236,97,158
328,396,65,175
463,340,186,61
393,215,184,29
338,238,178,20
244,259,122,123
288,475,103,168
576,445,141,31
541,299,33,96
512,325,32,210
503,302,67,74
335,472,79,90
390,273,69,114
368,294,76,50
0,0,0,0
483,173,13,111
374,373,80,58
523,386,118,84
538,312,25,89
529,252,156,53
604,199,24,174
574,337,130,19
620,429,35,58
555,345,144,129
391,167,115,130
331,220,123,112
301,231,70,146
250,429,83,100
454,435,98,64
436,142,73,172
395,175,60,123
280,392,162,11
473,444,107,49
418,149,98,139
420,190,112,145
329,318,55,18
373,400,31,195
368,375,141,153
332,315,159,165
393,402,177,141
380,16,218,51
0,0,0,0
0,0,0,0
0,0,0,0
0,0,0,0
0,0,0,0
0,0,0,0
0,0,0,0
0,0,0,0
409,1,107,158
409,168,85,239
391,350,123,199
469,337,69,235
568,436,58,92
558,474,132,22
572,434,130,42
574,395,179,93
631,376,134,49
638,282,173,21
603,128,200,124
595,74,161,182
629,63,156,202
628,112,67,242
477,274,234,156
