450,267,50,157
448,260,56,149
446,198,84,139
548,124,102,149
590,209,149,46
589,204,154,46
578,190,149,59
525,177,149,33
525,220,124,55
525,207,121,51
521,172,122,101
571,155,43,186
628,336,40,168
628,354,41,143
621,350,35,151
621,345,44,141
607,324,73,140
627,336,70,138
579,370,59,146
509,335,86,78
519,187,124,89
732,64,71,171
809,294,95,103
576,387,62,29
522,275,89,119
515,223,93,121
509,238,142,63
482,309,134,80
624,372,131,61
724,353,48,38
611,364,97,35
538,283,118,64
469,358,67,41
528,349,69,25
525,299,94,116
463,353,161,63
502,301,134,97
543,362,104,74
595,297,31,94
546,355,90,78
483,305,124,80
465,355,129,51
489,347,106,58
457,347,138,27
471,364,146,27
475,301,157,66
573,375,74,99
599,393,144,27
597,347,154,55
588,363,148,41
558,297,157,39
570,283,155,43
557,279,161,38
557,273,156,39
573,208,163,35
558,197,156,45
572,258,22,37
599,257,106,34
589,182,142,70
569,214,30,182
618,337,20,145
596,357,24,33
537,385,83,76
542,331,66,53
573,313,68,126
589,307,36,161
563,281,57,188
558,300,74,174
558,291,60,180
584,323,70,171
611,326,119,94
584,188,58,47
648,111,26,126
674,154,23,74
0,0,0,0
576,350,39,97
550,382,84,79
592,339,49,122
616,289,37,185
623,281,42,185
591,269,48,191
626,293,49,173
574,300,64,143
590,331,85,70
534,317,62,74
607,347,28,90
581,350,152,42
575,370,149,45
561,289,155,38
567,250,147,51
575,310,144,31
574,304,140,45
555,200,145,41
552,200,137,30
570,237,125,31
561,203,126,58
543,251,96,29
555,232,60,62
506,232,76,137
458,302,121,112
456,336,134,70
462,328,140,72
511,300,52,140
479,293,84,130
438,346,148,33
481,331,105,106
485,327,78,143
525,442,159,42
730,376,57,154
752,283,136,102
704,173,153,44
567,110,106,141
539,158,28,160
473,246,108,127
483,346,131,94
586,429,144,41
750,352,38,138
784,255,25,130
710,278,123,117
730,316,137,49
706,317,131,63
718,319,147,71
711,280,124,116
763,265,51,147
685,293,51,125
591,346,136,33
565,351,134,38
553,273,146,29
563,255,146,61
591,281,143,90
588,294,131,109
589,329,123,49
590,318,94,55
565,319,99,72
549,313,102,72
537,316,100,82
534,318,102,60
522,333,101,51
493,315,91,63
444,284,58,115
461,197,51,111
510,192,35,138
539,211,31,138
556,214,24,137
553,208,51,124
568,191,47,137
587,217,42,138
593,239,29,48
589,277,126,66
558,321,54,52
512,259,100,69
537,298,85,50
593,218,77,144
597,232,68,130
538,300,79,29
524,280,96,68
583,275,25,36
574,224,50,145
591,216,36,143
586,347,140,55
516,326,74,140
444,292,130,38
468,226,123,75
498,190,97,111
552,203,53,144
574,225,40,136
570,194,73,141
611,284,154,55
482,372,135,101
434,284,80,140
448,262,35,154
423,249,60,145
405,268,104,130
399,287,137,85
392,320,148,50
422,269,132,62
449,145,135,98
565,203,138,40
569,186,150,39
582,210,141,49
553,173,138,42
523,209,131,31
519,214,127,28
521,214,121,30
519,171,96,57
541,286,93,30
595,361,63,134
591,349,37,133
599,349,21,132
599,341,47,138
592,335,59,139
591,345,28,141
516,364,63,129
478,330,54,81
448,173,131,71
673,77,71,151
734,300,125,88
564,401,52,47
475,314,117,56
513,245,38,134
498,261,79,109
582,334,34,45
559,323,120,63
549,318,106,92
523,305,94,92
517,310,76,96
521,319,47,62
518,334,35,41
480,322,72,70
424,290,65,114
438,189,59,123
493,187,37,145
527,205,27,142
537,208,35,139
536,198,52,130
558,186,37,137
570,214,33,138
605,248,21,46
573,318,112,31
514,310,92,57
497,266,111,58
544,300,66,41
591,201,43,155
583,246,56,109
505,281,59,27
513,286,102,52
566,275,44,63
566,227,50,130
604,211,30,150
593,336,122,97
514,318,88,123
446,277,146,40
480,206,111,96
514,187,106,115
558,201,73,135
533,193,50,52
617,179,51,123
681,276,33,163
465,328,65,146
431,266,85,119
385,273,141,87
395,293,149,56
391,305,145,54
413,280,120,115
426,257,60,142
457,192,49,154
540,94,32,176
563,215,158,32
567,198,156,37
565,202,142,54
527,166,148,41
497,216,139,49
506,200,134,38
499,137,122,115
557,152,53,185
605,342,24,173
609,355,29,149
601,349,30,151
603,349,33,152
605,345,38,154
568,358,42,150
504,359,63,132
449,317,72,53
478,145,109,114
676,57,52,161
753,255,146,56
605,417,25,38
470,262,105,107
527,214,50,152
519,257,111,94
599,305,35,69
585,316,140,69
581,329,113,103
583,327,127,96
583,318,130,58
543,309,91,89
539,318,40,113
580,336,28,73
540,327,82,32
544,338,88,53
595,321,24,57
565,321,75,118
569,333,88,101
571,319,128,105
561,320,108,98
554,318,46,109
586,337,22,94
563,334,59,46
559,339,68,49
580,335,36,46
573,336,69,87
557,336,110,96
566,327,109,101
561,322,120,98
557,323,79,106
585,344,51,85
579,328,35,61
574,339,43,61
592,337,28,49
582,330,28,71
552,322,66,73
547,323,72,87
550,330,56,51
554,358,46,106
551,341,54,135
535,302,68,131
556,335,61,123
558,267,91,87
540,176,32,154
537,187,33,153
526,203,47,146
542,217,40,138
551,355,68,114
541,325,75,132
525,300,76,122
549,339,87,111
552,218,89,138
530,193,44,151
535,188,31,152
522,215,52,144
541,259,57,107
544,354,74,115
531,317,71,129
531,282,47,109
510,267,56,103
548,207,101,128
549,183,74,126
548,194,87,147
609,189,49,154
635,209,76,131
621,189,77,125
645,195,66,137
657,196,79,144
599,223,18,21
560,199,40,47
601,194,28,35
527,201,54,128
485,211,77,135
534,195,30,134
521,199,91,128
519,209,67,149
553,289,60,70
532,294,120,107
549,287,110,115
540,305,119,101
540,298,132,86
544,310,123,89
543,297,127,89
546,299,124,92
544,301,123,89
547,296,125,95
554,305,117,89
547,298,132,82
553,310,121,86
551,302,132,89
551,313,122,88
543,307,129,82
548,317,129,81
549,322,133,63
559,321,132,65
553,211,90,97
475,314,109,26
585,339,23,80
583,184,35,65
570,155,40,124
525,173,75,118
495,321,102,94
549,329,149,52
577,281,142,57
534,326,135,47
438,310,112,23
455,335,95,29
539,296,162,70
580,261,124,100
525,334,132,36
493,321,81,30
491,318,107,33
500,271,102,61
539,219,105,141
609,299,184,57
522,425,178,45
404,309,156,94
436,198,59,159
447,167,116,118
526,151,68,153
537,158,64,146
529,160,72,144
542,171,64,150
555,193,58,151
568,185,51,146
563,165,51,153
569,154,57,154
573,161,62,147
581,155,47,152
590,156,27,151
581,154,60,150
587,161,34,142
589,159,96,144
581,144,62,149
593,159,100,136
579,139,79,151
596,141,71,157
