754,190,231,52
817,202,24,10
726,202,91,11
908,235,60,20
823,232,48,57
784,304,104,69
656,214,122,252
542,81,162,148
655,1,116,120
795,1,100,171
789,106,85,149
767,383,17,97
795,378,26,128
764,376,15,116
0,0,0,0
457,161,181,106
488,230,127,85
490,199,83,42
519,48,154,395
0,0,0,0
552,2,16,42
584,1,20,67
0,0,0,0
0,0,0,0
0,0,0,0
792,162,61,60
795,212,35,35
726,53,82,121
700,175,12,120
664,167,180,254
521,269,346,203
843,336,85,310
944,397,43,250
905,407,70,240
914,450,109,196
799,264,190,109
739,84,220,224
707,347,126,69
735,279,93,160
765,45,65,296
618,93,161,260
605,169,235,58
593,181,83,22
373,187,171,90
316,74,140,52
515,27,56,20
0,0,0,0
429,258,61,168
512,199,20,61
466,195,25,194
425,219,57,61
421,123,115,34
514,5,48,148
497,53,64,122
428,233,144,36
537,260,47,177
604,221,53,217
703,228,35,234
648,131,86,49
0,0,0,0
0,0,0,0
0,0,0,0
0,0,0,0
422,160,175,103
487,151,135,24
557,126,37,144
447,124,127,50
344,124,210,110
488,301,64,148
588,243,209,88
694,199,55,20
438,184,154,96
450,204,64,91
460,373,66,65
572,345,101,206
682,209,189,274
669,247,133,256
497,41,65,291
436,283,81,187
478,304,133,326
447,315,224,298
480,406,229,64
490,231,222,345
469,379,220,225
434,395,154,250
428,330,253,250
450,289,226,277
502,211,110,248
569,1,32,165
501,87,125,54
465,142,56,60
368,151,136,245
502,317,63,205
521,433,232,104
800,297,117,202
829,127,107,263
615,3,167,295
382,11,125,145
560,267,30,32
683,173,100,202
491,2,211,114
495,11,99,55
563,12,21,92
491,31,61,191
432,277,79,107
496,256,47,166
484,191,122,19
