380,33,201,132
392,2,173,171
357,43,198,116
379,48,230,122
357,1,189,186
404,2,115,206
400,1,99,213
379,1,158,208
371,1,206,164
348,1,216,146
361,19,180,94
360,60,200,62
443,75,141,70
361,68,201,71
363,28,212,125
354,18,196,189
373,26,178,221
396,1,128,227
405,11,118,230
364,46,215,139
341,97,211,96
377,24,167,219
395,1,88,221
319,62,225,100
362,3,137,202
349,7,189,181
317,89,225,59
399,8,107,234
348,21,184,200
294,80,237,76
345,6,142,216
289,3,179,187
150,49,240,95
172,15,119,233
183,84,184,131
212,126,229,159
406,115,52,261
354,179,223,74
447,254,63,87
349,79,149,207
347,149,225,124
358,88,128,222
302,58,163,208
283,115,230,92
343,19,95,236
297,48,183,178
285,39,231,167
358,14,67,243
298,102,213,154
349,78,196,185
440,32,132,221
404,101,218,63
485,39,102,214
447,157,88,65
414,95,202,139
484,55,61,218
413,124,219,69
458,73,121,213
442,104,180,175
494,95,182,155
534,10,57,230
454,75,189,153
467,76,193,158
511,40,118,222
445,98,213,117
493,93,170,181
505,42,129,225
427,109,215,89
461,52,134,207
431,54,179,159
549,172,51,38
486,52,54,226
420,93,226,89
466,31,164,204
477,16,179,198
473,47,169,141
492,2,101,218
422,76,213,75
502,11,102,228
456,30,222,144
434,21,194,173
478,16,102,217
424,89,217,70
462,12,94,222
414,52,189,146
446,47,195,179
486,1,84,232
411,61,225,99
456,8,150,211
439,28,179,174
406,81,208,121
540,120,21,64
570,253,85,84
0,0,0,0
640,302,192,25
609,318,209,27
567,309,204,47
558,306,195,84
688,399,90,33
654,277,126,161
798,316,54,32
730,68,154,197
775,8,31,221
761,6,50,218
752,23,98,207
698,70,210,81
771,30,64,218
724,131,222,69
770,39,130,224
757,13,165,182
706,26,124,200
671,80,198,121
697,69,169,184
725,31,133,216
678,101,225,90
774,20,61,183
716,74,190,134
734,57,159,186
716,76,181,161
732,69,176,178
761,78,155,180
754,83,172,175
770,97,151,184
749,130,205,128
828,71,75,203
767,133,213,91
812,38,105,214
734,85,205,108
805,13,86,229
727,51,223,120
795,21,40,119
705,110,221,47
768,6,115,215
711,62,203,120
721,50,137,201
695,48,188,157
709,57,156,184
685,62,190,175
669,65,194,175
794,148,56,74
717,66,176,143
726,46,157,184
690,79,200,112
756,29,81,230
675,130,234,54
745,77,91,230
703,98,196,167
794,143,110,72
762,102,70,140
682,228,155,78
