507,332,96,69
519,327,85,33
479,374,85,39
624,440,36,33
650,274,29,110
626,206,63,96
599,214,111,33
595,236,102,69
628,312,37,119
563,316,11,116
518,326,61,108
610,412,70,102
603,371,103,63
647,318,84,97
680,179,32,119
684,133,37,119
672,152,73,102
667,245,100,79
672,388,110,50
708,412,78,31
742,384,27,10
614,344,55,85
708,360,27,112
778,382,38,100
774,334,38,100
762,369,25,92
730,377,59,98
709,405,39,98
723,429,42,21
707,389,56,81
692,394,108,44
692,369,109,54
739,317,56,102
740,345,23,104
715,331,76,88
731,382,26,13
696,348,43,96
652,487,11,22
628,484,127,8
662,469,73,34
642,450,111,36
615,386,42,115
688,270,17,121
695,292,49,118
769,355,38,108
727,374,106,33
720,366,113,19
706,317,69,36
663,315,86,92
600,329,109,78
625,344,94,29
622,374,93,63
626,257,12,89
481,285,85,48
425,329,107,46
440,315,78,90
501,334,46,116
562,424,23,53
528,372,62,30
527,421,28,45
510,384,11,71
466,410,72,34
426,390,80,82
373,331,29,117
352,370,46,103
395,386,9,26
358,381,29,111
372,384,18,117
376,387,16,118
353,390,52,113
453,381,77,107
519,245,43,56
415,317,126,19
411,383,73,117
489,385,23,128
586,400,40,30
484,213,37,61
474,246,80,94
366,229,37,119
423,411,30,129
417,280,83,114
316,317,114,69
392,417,21,76
401,378,27,86
402,384,79,109
493,387,49,94
537,50,70,124
0,0,0,0
0,0,0,0
0,0,0,0
0,0,0,0
0,0,0,0
0,0,0,0
0,0,0,0
0,0,0,0
684,267,83,140
721,469,78,54
689,464,135,45
671,457,82,10
0,0,0,0
539,501,39,29
407,514,130,18
514,514,86,61
536,477,88,72
349,469,139,46
355,451,108,95
333,451,120,91
318,452,124,92
312,455,123,93
310,459,122,93
308,461,127,91
312,464,126,88
313,466,125,85
305,465,125,87
291,467,127,87
281,468,128,85
276,471,132,84
258,491,138,81
