718,316,186,22
0,0,0,0
419,87,170,104
703,21,104,160
717,227,176,64
689,251,140,114
677,237,47,152
652,267,176,34
595,191,181,49
460,231,137,98
831,368,108,151
797,1,50,127
482,70,153,82
651,261,82,161
656,171,112,122
584,194,172,52
614,115,16,119
483,137,97,109
436,228,142,46
485,300,124,59
638,294,50,100
701,262,110,140
672,245,172,20
628,175,110,89
501,194,89,62
374,314,55,41
0,0,0,0
473,138,146,101
443,80,27,169
343,187,149,68
442,283,92,152
559,261,134,99
543,122,135,126
538,79,73,179
496,152,148,108
513,143,156,121
522,90,117,157
454,136,73,87
409,148,99,163
275,205,161,20
271,72,94,156
333,123,158,126
479,159,35,119
422,245,168,34
483,255,22,42
400,235,196,53
434,286,13,22
393,273,19,20
293,206,100,123
320,244,101,90
326,391,219,25
340,461,41,75
134,330,138,192
113,288,185,136
128,273,211,105
205,365,227,30
506,415,105,160
615,345,216,58
650,173,23,216
553,227,182,86
526,167,156,163
572,127,109,150
559,107,112,165
599,153,73,50
540,115,119,177
627,125,73,66
571,98,42,81
516,207,120,61
470,113,99,181
342,147,159,134
312,106,114,145
391,107,67,174
337,193,207,28
393,88,154,168
471,65,69,162
419,164,205,43
484,98,114,178
518,103,134,128
515,122,156,145
520,86,153,150
524,99,92,124
498,152,163,134
435,145,119,132
379,114,162,121
423,95,72,198
495,154,170,118
542,128,96,176
518,136,160,108
550,85,45,123
536,169,182,74
614,96,57,189
539,211,196,37
598,96,43,197
523,168,180,84
599,96,86,183
576,184,136,89
589,111,72,96
515,93,28,81
433,194,196,59
446,116,44,170
331,208,159,44
331,62,93,179
357,112,175,103
519,118,49,115
453,216,201,25
504,181,53,92
547,217,125,17
531,223,182,33
572,215,53,49
538,240,152,50
749,214,179,23
601,243,159,35
767,258,28,29
733,218,179,42
700,218,81,56
683,337,60,23
679,288,31,167
607,441,81,99
497,416,116,120
470,299,196,51
611,221,59,162
662,187,29,157
523,217,142,71
524,410,24,27
749,439,22,110
893,392,85,76
901,336,176,59
848,316,95,191
668,353,70,82
603,151,174,44
649,35,111,122
649,66,62,146
477,211,148,41
417,214,165,70
403,246,192,43
425,279,205,29
446,320,190,65
515,314,133,139
616,305,79,200
682,366,151,180
630,367,221,48
777,243,80,214
847,176,39,218
750,318,177,125
677,289,194,67
856,261,72,142
810,355,100,90
0,0,0,0
0,0,0,0
0,0,0,0
0,0,0,0
0,0,0,0
0,0,0,0
0,0,0,0
0,0,0,0
0,0,0,0
0,0,0,0
0,0,0,0
0,0,0,0
545,1,20,67
520,252,145,127
556,390,49,63
531,383,69,96
457,399,35,74
202,263,187,25
380,275,138,63
528,285,71,74
623,281,12,10
635,272,15,13
656,261,13,21
657,265,56,16
659,263,69,14
661,266,79,20
648,257,75,25
616,241,40,18
442,196,116,69
312,294,196,37
333,341,171,101
469,334,85,168
634,322,54,182
666,337,27,106
0,0,0,0
612,261,15,163
616,272,13,163
611,295,19,87
579,363,17,46
510,322,12,189
455,293,15,141
534,259,121,49
560,260,105,96
489,282,33,131
517,292,21,58
653,299,122,122
634,308,9,12
469,131,203,26
603,83,207,62
644,75,196,87
632,150,209,19
654,62,180,112
631,121,163,94
0,0,0,0
882,387,130,34
823,349,156,73
801,276,125,105
808,296,139,91
784,392,215,49
773,401,206,78
797,422,122,23
782,440,51,16
0,0,0,0
650,447,13,11
609,436,36,73
0,0,0,0
737,285,186,55
580,311,82,41
511,203,135,80
740,1,203,81
696,6,95,52
644,17,217,19
605,11,198,35
865,198,53,94
836,455,171,42
820,583,163,17
833,590,23,12
753,588,41,11
718,586,33,11
655,582,117,15
659,583,183,16
664,584,184,17
665,582,193,19
657,578,202,22
665,582,198,19
672,581,195,22
659,581,187,19
602,548,175,49
673,381,109,98
678,165,166,40
568,1,54,109
427,114,116,51
438,176,105,57
451,196,120,63
424,230,184,53
461,290,219,27
574,320,203,26
715,203,50,57
715,194,193,98
767,231,183,21
680,132,173,21
607,140,171,22
678,186,185,20
537,196,127,65
658,257,193,43
813,310,94,17
652,183,170,28
597,123,157,26
574,164,60,31
454,303,195,16
629,344,67,20
581,286,143,61
659,304,181,54
784,308,32,17
764,298,26,24
599,349,200,20
463,189,199,71
452,111,155,39
421,70,154,71
459,69,201,33
571,154,110,47
634,108,90,102
581,249,14,16
537,403,14,47
0,0,0,0
605,411,21,18
0,0,0,0
0,0,0,0
500,466,33,28
384,398,148,31
483,400,34,35
474,372,40,74
341,374,211,43
585,361,219,17
731,350,208,34
858,319,138,37
845,284,37,27
691,155,135,49
595,119,190,48
0,0,0,0
627,451,193,22
842,133,34,44
626,142,235,451
0,0,0,0
0,0,0,0
0,0,0,0
0,0,0,0
0,0,0,0
0,0,0,0
0,0,0,0
0,0,0,0
0,0,0,0
626,281,37,14
631,395,90,48
435,381,117,83
561,305,17,25
614,260,175,88
0,0,0,0
230,250,194,57
632,306,132,147
650,231,121,30
488,192,83,35
368,224,183,34
383,240,193,26
415,236,196,23
428,227,206,29
456,142,197,51
461,71,197,94
464,62,194,95
465,82,189,89
467,107,188,95
471,111,172,116
463,126,170,156
447,192,191,146
423,232,204,132
409,249,219,124
407,244,217,127
402,258,220,127
394,298,225,113
380,417,243,46
415,495,238,42
410,499,254,30
410,486,260,33
406,481,264,34
396,479,270,34
384,477,276,36
386,475,281,39
382,476,289,41
377,479,293,39
371,482,301,40
371,486,307,43
375,479,321,57
387,401,314,144
417,328,262,236
466,288,189,292
553,262,87,324
584,249,34,337
546,258,76,359
550,282,52,344
569,448,38,183
569,334,101,344
593,368,80,352
587,372,76,348
572,400,81,320
544,426,107,293
543,430,105,291
588,618,26,102
569,480,156,240
540,511,373,185
696,453,124,267
732,547,58,173
792,566,14,154
770,536,88,184
745,471,127,249
739,484,77,236
685,489,130,231
501,520,381,129
466,533,373,151
