589,501,18,18
589,500,17,18
589,499,17,18
589,500,17,18
589,499,17,18
589,500,17,18
589,500,17,18
710,404,29,21
852,295,22,21
908,247,21,18
900,247,20,19
880,256,19,18
860,266,20,20
836,280,19,19
817,290,19,19
800,299,19,19
781,310,19,19
764,319,19,19
742,329,19,19
726,337,19,19
711,346,19,19
695,354,19,19
680,361,19,19
666,368,19,19
649,379,19,19
636,386,19,19
624,391,19,19
611,400,19,19
601,406,19,19
588,412,19,19
575,418,20,20
567,426,18,17
557,432,18,17
550,436,18,18
541,442,18,18
534,446,18,18
524,451,18,18
519,456,18,18
513,459,18,18
508,462,18,18
504,466,18,18
500,468,17,18
