606,378,22,23
606,377,22,22
663,318,29,24
808,241,20,15
809,215,21,20
763,191,20,18
720,178,21,19
679,169,19,18
637,159,18,18
597,151,18,18
559,143,17,17
511,132,20,17
503,143,16,15
511,155,17,18
525,165,18,18
539,174,18,18
552,175,19,18
569,169,20,20
580,163,20,20
586,159,20,19
587,161,20,20
578,168,20,20
561,178,21,20
535,192,19,21
513,207,20,20
491,220,20,20
472,233,18,21
455,250,20,20
443,266,19,20
429,288,18,19
419,305,18,19
413,321,18,18
409,332,18,20
408,345,18,18
408,356,19,19
411,369,17,18
