722,233,18,17
722,232,17,17
722,232,17,18
722,233,18,17
721,231,18,18
722,232,18,17
722,232,17,17
720,232,19,17
601,262,23,18
508,286,22,17
431,288,18,16
386,259,18,18
320,232,18,18
267,213,18,17
290,201,18,16
322,184,18,18
346,189,19,17
377,197,18,18
400,205,18,17
422,210,18,18
443,216,19,18
466,223,17,17
488,228,17,17
515,237,18,17
536,242,18,17
555,248,18,17
574,253,18,18
594,258,18,18
613,264,18,18
637,270,17,16
655,276,17,17
670,280,18,17
688,284,17,17
704,290,18,17
721,293,18,17
741,299,18,17
