468,263,19,21
429,273,26,23
327,310,26,24
257,372,22,22
226,424,24,22
270,462,25,23
315,509,23,23
351,547,22,21
385,525,22,22
418,505,22,24
451,485,24,24
481,466,27,25
522,444,24,23
553,425,23,25
581,410,25,23
610,392,25,24
639,376,26,22
667,360,26,23
702,339,23,22
728,324,22,21
754,309,23,21
775,289,31,30
802,276,25,24
831,260,25,21
855,245,23,22
875,230,25,24
897,218,25,23
920,204,22,23
940,191,21,20
963,175,24,23
983,163,22,22
999,152,26,23
1017,141,23,22
1034,134,24,22
1047,138,26,23
1060,141,24,22
