454,270,207,176
479,255,207,183
510,255,193,192
524,255,208,197
535,266,224,195
571,264,210,189
581,269,217,182
550,273,241,189
448,152,303,297
313,33,284,223
251,20,274,193
270,56,127,129
298,109,144,124
298,174,147,106
299,184,161,98
302,183,184,105
324,203,168,114
349,241,151,104
382,306,138,82
410,327,134,100
438,367,135,83
449,378,126,82
458,402,119,64
464,403,84,68
460,405,104,65
468,404,117,73
474,414,106,68
472,412,105,69
463,416,97,65
451,416,98,73
402,422,98,88
335,443,109,85
282,447,125,86
233,432,146,93
136,438,139,103
32,419,157,120
