445,383,208,111
456,387,208,115
500,382,141,112
481,375,132,121
487,373,122,128
494,378,104,125
497,384,117,130
485,371,147,145
509,354,136,162
509,348,149,159
503,365,180,130
487,364,231,128
471,375,273,129
476,362,281,142
497,360,274,141
503,358,266,137
510,358,260,125
506,352,244,125
514,350,228,120
516,345,214,117
529,341,205,119
550,347,198,116
538,344,219,123
538,339,233,128
546,352,240,110
551,355,254,124
576,353,252,133
602,367,223,110
581,355,245,118
580,356,250,116
587,356,248,121
597,367,252,114
605,380,254,119
604,380,259,119
606,380,259,134
612,376,262,150
622,381,268,130
650,398,257,117
637,398,280,123
706,402,218,110
705,396,235,128
670,417,298,107
677,410,306,118
681,414,310,99
683,429,297,91
699,412,283,109
714,413,277,111
715,418,273,114
712,413,280,106
706,422,286,114
709,417,270,127
688,424,281,130
701,427,246,138
716,429,223,152
709,429,225,163
723,442,211,163
742,459,199,156
736,467,222,153
727,482,233,133
689,480,276,134
678,488,280,112
674,487,274,93
653,475,286,91
656,468,279,93
663,463,272,95
721,463,209,84
700,450,198,117
719,425,173,148
750,411,120,158
764,402,90,133
783,396,80,127
785,394,56,35
796,404,26,21
0,0,0,0
0,0,0,0
0,0,0,0
758,382,61,115
734,384,68,107
725,373,80,112
685,365,119,94
749,348,58,40
753,355,66,37
763,350,59,43
763,337,60,43
668,337,145,151
768,331,57,31
776,332,35,19
780,324,26,31
0,0,0,0
765,343,63,48
765,322,66,67
774,327,58,55
782,319,46,31
778,318,62,68
757,320,81,59
773,312,70,67
758,306,80,70
746,301,102,81
757,316,100,58
756,328,99,34
0,0,0,0
0,0,0,0
0,0,0,0
0,0,0,0
0,0,0,0
0,0,0,0
0,0,0,0
670,313,49,31
668,306,56,42
671,298,58,56
668,295,73,58
672,289,65,63
663,292,69,59
664,286,64,69
663,281,63,75
649,284,53,67
641,288,57,67
643,291,46,60
629,296,65,56
619,287,64,71
620,287,67,68
611,289,69,66
603,285,71,80
617,292,55,67
617,303,49,33
616,297,44,30
