687,306,39,38
692,301,43,38
703,293,65,33
710,269,56,45
677,252,60,48
646,238,75,55
626,230,66,46
624,208,43,61
628,202,39,56
601,199,66,41
579,199,74,43
558,192,71,44
526,178,69,47
512,160,66,45
487,143,63,41
453,117,71,49
433,97,64,51
425,88,71,41
420,82,71,38
420,76,69,42
409,61,79,51
408,54,71,45
420,52,66,46
436,43,67,55
437,56,57,34
414,53,74,34
404,34,58,50
400,23,63,44
421,7,46,57
444,1,36,53
443,1,69,31
408,1,75,23
400,1,77,16
406,1,36,11
399,1,75,28
378,10,77,31
361,21,74,23
329,15,80,29
314,16,78,26
312,18,63,29
285,24,76,31
248,30,77,29
254,13,66,44
260,8,49,38
254,6,48,32
234,6,66,28
258,15,33,31
270,17,45,25
306,17,65,50
347,45,29,32
345,58,36,48
338,91,49,43
352,117,59,37
368,131,73,39
392,147,81,28
421,149,77,28
426,148,81,33
432,152,62,36
444,159,51,29
468,165,60,59
491,199,65,59
461,267,86,38
419,246,73,55
388,221,79,57
360,199,81,43
334,192,83,31
320,181,68,33
323,167,37,32
327,161,63,30
360,153,64,28
383,150,59,28
406,150,45,32
407,149,54,37
391,163,48,31
366,166,51,36
359,175,37,31
364,163,64,41
407,170,71,43
460,185,69,39
453,185,75,42
466,190,73,39
507,202,79,37
577,211,62,39
634,231,56,49
678,257,54,50
707,273,50,52
731,295,50,51
748,321,45,40
766,337,40,56
776,376,44,44
781,392,56,60
804,417,56,57
826,442,49,63
831,480,56,55
830,513,56,57
824,530,52,49
817,530,54,60
813,533,52,56
814,540,50,52
825,552,40,50
828,531,34,65
806,541,51,51
807,543,56,47
808,550,77,31
813,549,77,36
822,549,68,37
839,553,71,37
849,561,68,34
851,554,61,36
866,564,65,34
881,567,70,27
889,563,61,31
899,560,69,45
909,550,50,37
916,548,50,45
912,542,57,56
910,546,58,45
914,552,63,43
926,562,65,36
927,567,71,29
962,574,38,21
957,570,55,31
956,564,61,39
961,552,61,53
986,543,35,63
970,557,60,45
967,568,67,34
972,574,68,32
977,571,67,37
977,566,72,41
979,566,68,41
982,554,66,52
995,551,46,59
999,538,45,65
996,547,49,58
987,557,59,46
991,570,67,34
998,574,62,27
