264,478,144,51
264,468,141,49
268,452,142,55
261,450,147,56
246,447,150,56
230,439,153,60
212,426,156,63
201,413,155,65
188,404,158,64
183,401,156,55
176,410,158,62
164,411,166,60
162,413,159,61
163,415,133,63
123,433,157,45
130,425,150,52
126,410,147,73
129,415,141,58
133,412,130,72
137,400,118,78
150,375,98,78
154,356,75,68
109,314,95,83
94,300,80,71
94,292,71,77
100,287,55,65
102,295,58,68
118,280,49,84
114,256,64,73
122,239,50,65
111,221,60,74
124,207,65,57
106,183,103,65
129,161,105,76
135,139,116,77
135,126,129,73
144,117,140,71
153,111,146,73
166,103,146,71
177,92,145,75
186,79,146,73
189,70,147,76
200,58,147,73
215,48,145,69
228,41,149,66
249,28,147,73
264,23,146,71
286,19,144,70
303,13,146,73
324,9,143,67
342,2,141,69
355,1,148,66
377,1,140,64
396,1,132,61
415,1,147,58
427,1,136,49
441,1,131,47
452,1,127,41
458,1,139,48
460,1,144,47
469,1,138,58
466,1,142,60
472,1,136,67
476,1,137,69
481,8,145,76
486,24,148,73
478,39,166,75
500,54,153,70
510,60,152,67
521,66,135,68
528,67,139,66
535,76,153,63
541,82,136,56
549,65,153,73
557,62,152,74
562,60,148,74
572,58,149,74
576,74,153,61
588,73,148,58
598,69,148,61
613,69,144,59
621,56,151,66
624,50,149,68
635,41,151,67
681,31,112,50
686,27,117,47
700,30,106,55
701,29,114,56
703,30,114,69
710,30,113,71
710,31,114,69
707,31,118,71
717,30,111,70
713,34,115,65
710,31,119,67
708,30,126,72
713,30,124,70
719,31,115,72
709,30,127,68
713,32,123,72
709,31,125,76
712,30,125,77
711,32,122,71
716,34,120,67
703,34,131,72
699,34,133,71
713,33,117,68
705,28,127,71
718,26,118,71
731,19,122,73
743,12,129,72
761,6,127,78
790,1,118,68
802,1,114,47
