523,165,50,29
520,164,59,28
519,166,55,29
517,163,64,34
513,169,53,37
506,171,52,37
502,169,53,47
510,160,71,70
520,152,72,73
530,144,64,79
547,134,53,90
551,133,55,92
557,131,63,95
573,117,55,107
580,131,43,95
581,140,52,87
581,155,61,84
581,160,70,81
583,156,71,82
578,174,80,66
585,166,81,81
595,170,55,86
571,181,80,87
561,189,85,73
539,219,90,43
525,242,109,24
523,241,88,43
522,232,84,53
515,236,87,34
503,237,106,31
500,232,109,30
497,231,115,33
496,210,96,56
489,228,74,40
464,233,92,42
468,231,89,32
453,232,83,54
446,228,77,49
418,233,94,55
414,244,91,37
416,237,94,47
418,238,86,45
416,241,91,45
417,245,86,37
419,246,83,42
410,237,97,58
402,259,82,51
406,263,97,50
