393,309,57,30
403,298,50,34
410,290,45,38
413,281,35,43
408,280,31,40
396,283,29,34
378,286,28,34
354,290,29,34
324,296,34,31
296,298,31,32
263,306,36,31
232,311,40,21
203,316,37,19
173,316,35,26
144,314,32,30
116,308,29,35
90,300,24,36
63,290,28,37
44,276,35,42
35,268,42,41
33,261,52,44
44,257,54,41
64,260,55,35
85,265,64,32
126,276,56,22
165,285,59,17
206,294,60,23
245,300,63,30
282,307,58,34
308,321,56,33
329,336,52,24
340,350,50,20
341,356,60,19
345,363,61,20
352,368,58,21
357,376,59,19
365,370,51,36
371,382,44,32
371,393,42,25
