774,455,54,58
764,446,56,63
748,448,59,58
736,446,62,59
741,450,65,54
765,449,63,53
815,444,54,49
859,431,51,52
888,421,42,55
905,412,36,56
902,402,43,60
904,403,34,61
894,401,34,61
879,402,30,63
861,404,34,64
851,409,28,57
837,399,29,65
823,395,34,64
814,396,34,61
862,411,46,78
905,430,54,115
888,440,48,106
876,446,52,107
858,448,46,107
846,447,42,114
835,450,51,112
820,462,59,101
813,457,51,102
797,448,55,118
784,463,57,109
778,449,68,142
787,451,58,154
767,445,79,148
760,445,62,148
748,445,82,165
737,439,76,166
715,439,78,171
705,439,86,168
686,422,84,168
676,390,83,178
651,376,88,178
635,366,86,183
630,404,85,141
624,356,98,183
620,364,92,158
632,356,86,157
626,353,91,162
620,348,81,155
608,353,101,148
601,350,97,154
580,399,111,109
568,399,109,116
546,373,129,144
556,384,110,131
567,380,99,140
586,435,72,87
574,402,99,118
569,426,116,110
576,472,116,94
553,479,153,97
542,502,160,122
531,530,160,138
524,575,161,135
507,611,157,108
503,609,172,110
530,576,155,125
570,522,130,105
590,500,126,101
608,499,124,91
599,490,130,89
574,479,135,86
588,455,126,98
592,455,134,88
599,459,146,95
619,467,145,93
660,456,144,99
687,441,154,87
714,431,154,95
731,430,155,100
748,447,158,91
774,478,142,72
731,479,176,74
698,473,197,76
681,461,193,94
657,436,201,102
636,411,206,92
636,388,202,109
642,384,198,102
652,380,197,100
664,356,199,121
670,373,264,129
665,375,288,141
625,376,316,137
622,368,297,133
600,350,312,125
596,332,344,137
583,325,358,133
590,318,360,130
611,312,322,113
621,307,293,102
640,307,243,86
638,303,248,86
645,295,243,88
651,296,239,82
648,296,242,89
655,302,242,88
658,301,248,93
674,310,251,95
