523,417,29,14
542,409,28,16
554,402,29,15
561,394,27,19
554,395,28,20
538,391,30,11
527,386,29,13
511,380,31,14
513,367,30,13
545,352,27,13
567,346,29,13
597,350,29,14
666,488,26,11
687,701,30,10
0,0,0,0
576,595,25,12
586,297,18,16
600,262,27,15
565,310,28,14
551,374,28,11
585,411,28,13
599,398,26,13
598,370,29,13
605,314,26,12
545,296,28,10
569,424,28,13
596,473,30,11
661,425,38,16
730,307,39,23
775,227,34,28
812,229,33,27
899,277,31,30
900,352,29,34
770,469,29,34
587,557,32,30
481,580,37,23
425,507,40,20
387,471,40,13
412,446,40,13
447,401,35,17
475,386,38,16
493,382,38,15
510,376,35,17
521,371,37,16
540,359,39,20
536,360,37,18
504,360,38,16
500,332,36,17
527,326,35,14
575,328,38,14
613,346,37,12
660,386,37,12
662,399,40,14
621,409,35,13
572,386,38,14
522,429,35,12
480,477,40,12
462,501,39,17
455,512,38,19
445,515,34,22
447,513,36,23
494,506,30,27
548,507,30,30
585,519,31,32
586,503,25,34
558,523,24,38
542,543,24,40
568,542,22,37
615,537,19,16
648,537,23,23
655,530,29,31
622,533,35,25
622,521,32,24
640,520,31,26
643,522,28,27
653,522,32,25
662,500,35,19
679,491,36,21
704,464,37,16
711,447,39,14
535,450,39,11
369,428,39,14
390,372,37,18
436,318,37,16
457,261,34,22
495,223,33,24
568,208,36,20
613,215,38,20
646,229,35,18
670,158,34,21
684,172,33,25
661,199,38,24
637,206,33,25
590,211,35,23
547,255,33,25
533,308,34,26
527,335,35,25
503,336,36,25
526,333,35,24
566,312,36,21
521,255,33,25
344,263,30,32
573,281,31,33
733,228,29,35
838,170,25,35
879,162,21,38
819,157,24,40
720,135,21,36
637,170,28,36
529,312,26,33
444,440,25,34
414,555,25,36
409,531,31,32
405,467,29,32
566,426,29,31
534,439,36,26
487,439,38,19
468,418,40,16
494,395,37,15
533,446,38,17
515,484,41,11
513,468,35,14
461,432,38,13
427,438,36,15
384,440,38,15
354,417,36,19
355,344,32,24
339,327,29,25
249,340,30,31
160,380,29,29
123,432,22,32
72,539,23,30
56,623,17,32
197,626,16,32
353,587,16,31
462,491,15,33
558,380,14,34
618,280,14,34
652,224,16,36
688,192,19,32
718,179,24,33
747,181,27,32
733,187,29,29
692,201,32,29
649,228,33,30
615,245,34,28
605,246,32,33
612,259,32,30
623,271,33,28
639,274,35,28
644,335,35,25
511,436,35,26
447,480,37,30
464,464,34,30
504,402,38,25
598,305,35,30
687,256,33,28
766,238,33,25
811,232,35,30
809,240,37,27
775,201,34,29
795,151,36,29
800,116,35,30
693,106,35,31
592,94,37,36
864,166,29,22
925,210,33,30
911,250,35,29
814,235,38,27
698,223,36,26
631,222,41,21
600,228,44,22
575,221,34,22
601,214,34,19
632,215,35,23
660,213,38,22
660,223,42,17
694,241,39,17
762,274,39,14
845,275,39,15
