425,428,18,11
426,428,16,12
425,426,19,13
426,425,18,13
424,426,18,12
424,426,19,12
423,426,19,11
424,425,17,12
422,425,18,13
421,425,17,13
420,425,18,12
420,424,18,13
420,425,19,12
420,424,17,14
419,425,18,13
420,424,17,13
421,423,17,14
421,424,18,13
422,424,17,13
422,425,17,13
424,423,16,14
423,423,18,13
422,424,17,14
423,421,17,15
423,420,17,16
423,420,17,16
422,421,17,15
419,419,17,16
419,421,17,15
420,420,18,15
421,420,16,15
420,420,16,16
419,420,17,15
418,419,17,16
418,419,18,16
417,419,19,14
416,419,18,15
416,418,19,15
417,419,19,15
417,420,18,12
418,419,17,12
418,420,18,12
417,421,19,10
419,422,16,12
426,422,9,13
425,422,10,14
427,423,11,14
429,424,12,14
434,428,14,12
439,431,14,13
441,431,19,10
447,430,18,10
455,429,20,10
463,427,19,11
468,427,18,13
474,422,15,14
472,417,16,17
479,413,17,14
479,411,15,14
478,406,13,16
479,404,14,14
482,399,11,16
479,393,10,19
477,395,10,16
477,397,12,15
475,396,16,14
476,396,14,15
475,396,16,13
478,395,18,11
479,394,19,14
481,392,17,16
481,390,14,16
480,390,13,16
480,390,14,16
483,386,17,18
483,388,19,14
483,386,15,16
482,383,8,20
480,387,12,15
479,387,11,15
478,386,8,13
479,382,11,14
481,380,14,15
483,380,12,15
484,380,11,13
482,377,17,15
480,376,17,16
484,374,14,15
484,374,16,14
483,373,18,14
484,379,15,10
486,381,17,11
485,381,18,12
489,383,17,11
495,383,16,13
493,387,17,10
491,384,15,11
490,381,17,11
489,378,16,16
489,377,16,17
488,374,15,18
489,371,14,20
489,371,13,17
489,370,15,18
488,368,12,20
485,368,13,19
485,368,13,16
486,367,12,18
486,366,14,21
486,367,14,19
486,367,14,19
485,369,15,15
486,369,14,16
484,366,16,18
486,365,14,18
484,367,15,17
483,368,15,16
484,366,14,17
484,366,13,16
480,366,17,16
478,368,18,15
479,370,16,14
478,372,16,15
477,374,16,15
478,376,14,13
477,375,15,13
474,374,14,14
475,373,15,14
473,375,16,11
472,373,16,14
470,373,17,15
467,375,17,14
462,373,17,16
460,375,18,12
460,374,16,14
459,373,16,14
459,372,14,16
459,371,14,17
458,371,15,15
457,369,13,20
457,371,13,18
458,372,12,18
457,372,14,18
459,373,12,16
458,372,13,18
459,371,12,17
460,372,11,18
460,373,9,17
458,373,12,16
457,371,12,18
