1136,323,139,164
1021,287,167,206
1015,314,150,179
1015,325,173,172
1017,306,177,189
1076,289,134,166
1070,281,134,178
1062,298,134,162
1067,296,135,177
1053,298,138,169
1039,280,133,190
999,250,146,169
925,302,142,169
817,304,171,162
667,254,355,197
647,286,321,155
685,293,216,226
712,309,129,224
705,314,124,241
677,318,205,216
574,307,310,199
504,303,341,269
405,302,347,234
268,301,352,253
218,301,363,265
242,299,368,267
282,297,364,255
316,292,342,265
330,293,353,263
321,293,355,269
327,294,334,262
322,291,306,266
351,283,280,273
349,274,270,304
344,275,287,308
348,274,261,308
374,281,225,301
420,285,171,299
453,286,125,269
423,296,130,275
405,294,149,276
394,295,148,274
391,293,147,278
403,287,175,293
392,284,211,292
363,289,239,289
346,300,266,280
334,302,292,261
324,302,296,263
362,305,259,257
372,299,237,268
349,317,228,260
357,315,298,267
382,332,358,201
396,338,390,219
411,339,356,215
444,324,364,210
484,330,337,243
502,333,319,264
508,337,202,264
511,329,191,263
507,334,232,256
497,331,231,270
500,329,225,269
514,312,193,286
519,305,169,274
521,311,136,261
524,315,132,245
520,315,134,230
539,321,129,216
541,334,152,200
524,339,155,186
479,343,200,182
429,339,269,190
410,334,323,193
406,298,323,234
376,304,356,250
375,318,332,232
379,335,307,260
413,349,213,196
478,357,147,207
481,361,144,233
477,356,140,237
407,375,248,224
454,363,155,235
478,358,138,229
480,364,145,229
458,386,160,206
444,391,142,200
434,377,147,210
450,374,170,212
457,366,161,217
462,360,154,220
460,361,136,218
426,362,180,212
460,364,159,201
406,384,229,196
371,381,248,195
327,375,293,208
339,366,288,210
309,361,333,235
314,355,346,235
310,352,371,238
343,347,373,232
394,349,343,226
412,338,367,245
457,326,331,251
502,325,302,228
556,321,267,241
584,317,233,260
568,315,224,262
589,313,196,266
621,308,154,253
639,314,133,270
643,313,133,284
648,312,129,269
649,314,138,281
659,318,141,274
666,319,142,273
653,326,189,258
648,332,208,250
646,335,219,238
624,336,247,221
627,350,236,208
595,362,209,193
565,365,236,173
567,356,226,184
575,346,227,194
574,342,235,208
545,394,266,172
481,395,341,178
439,370,330,207
429,366,364,211
415,388,368,196
372,381,380,204
336,395,405,178
275,413,369,166
272,403,354,181
237,409,388,184
258,426,387,161
284,428,345,149
306,437,213,155
350,430,198,158
384,413,160,170
347,400,257,177
287,396,347,179
