539,319,325,371
505,356,381,363
498,362,408,355
439,354,451,365
481,337,356,374
638,333,214,365
688,326,184,354
670,335,182,343
654,347,227,310
657,333,209,285
603,298,249,317
542,272,409,301
525,243,423,297
493,231,435,310
452,220,453,308
464,206,391,323
468,198,345,329
483,197,304,330
490,197,268,331
473,192,193,321
486,193,231,328
490,189,256,328
483,192,264,326
487,196,256,323
487,194,256,326
492,189,260,332
507,178,238,337
508,171,238,348
507,164,246,349
504,164,228,348
495,160,229,346
459,157,239,347
435,160,279,346
417,175,293,348
399,198,303,345
395,208,314,343
396,208,304,343
379,204,317,346
383,193,309,343
374,175,320,349
361,186,328,336
369,201,367,329
366,207,351,330
365,214,347,327
384,217,327,330
385,222,321,330
428,241,253,317
462,274,170,293
470,294,158,293
418,302,216,308
321,309,350,309
272,319,439,298
282,345,468,279
295,353,480,274
292,351,485,270
296,354,478,255
305,340,479,250
321,240,413,331
347,183,370,369
358,156,359,389
363,150,350,388
384,141,311,392
391,132,280,393
412,121,252,407
433,115,246,413
430,156,242,403
411,188,251,396
372,210,298,376
356,223,321,365
357,238,328,353
