759,601,16,25
706,600,23,18
682,597,21,26
677,587,17,30
671,593,11,29
667,570,22,31
686,579,20,28
721,564,25,23
742,563,22,21
726,580,28,21
700,576,30,29
708,576,24,33
719,602,29,30
728,582,26,30
724,565,22,34
685,565,18,32
730,536,11,33
715,541,15,31
670,571,26,25
681,587,28,20
0,0,0,0
575,488,19,30
555,478,25,31
548,474,22,25
530,460,28,29
545,483,18,31
533,497,15,30
0,0,0,0
461,479,20,23
479,466,12,30
484,444,13,29
463,424,17,30
470,407,14,31
517,394,20,28
547,333,13,30
528,340,18,29
505,340,17,34
500,372,19,33
517,389,23,27
554,404,20,26
548,382,19,26
543,370,20,28
0,0,0,0
478,344,15,32
506,318,10,28
505,295,11,31
496,309,14,25
470,307,14,32
466,326,11,27
465,356,13,27
487,377,12,21
518,401,10,22
511,400,14,22
507,397,15,17
509,400,14,19
494,385,13,21
