446,227,20,19
455,187,20,19
453,160,21,20
447,146,22,20
446,142,21,20
446,144,21,21
445,145,22,21
446,155,22,20
446,159,21,20
442,163,21,20
440,168,22,19
438,173,22,20
429,187,20,19
410,214,20,19
404,257,21,17
404,302,19,11
408,350,20,12
0,0,0,0
426,357,20,12
421,344,21,19
412,333,22,20
411,321,22,20
407,307,30,31
413,303,26,26
410,301,26,28
418,298,27,27
418,300,24,20
421,312,20,9
423,306,22,14
413,302,25,25
401,311,24,25
386,323,20,24
359,341,23,21
335,363,20,18
309,399,19,21
279,437,21,22
253,479,20,16
0,0,0,0
0,0,0,0
0,0,0,0
0,0,0,0
182,574,22,9
167,582,29,24
159,583,32,27
148,589,34,27
140,590,34,30
130,589,38,31
122,586,39,37
125,589,34,30
124,584,33,34
111,582,38,34
106,583,37,34
89,585,38,33
93,586,36,35
95,582,37,32
91,581,36,32
85,583,38,35
81,588,38,34
85,586,39,35
82,585,37,34
78,580,41,35
83,582,40,35
76,585,37,35
86,586,40,40
89,588,38,36
88,589,36,38
98,583,38,36
98,581,39,33
92,574,35,33
81,573,34,34
78,571,39,37
75,572,38,34
73,574,39,35
65,580,42,39
59,582,37,39
45,583,42,38
36,590,38,37
29,590,42,41
17,588,42,37
16,586,39,38
22,582,36,36
20,571,36,38
30,547,40,35
43,521,34,34
57,492,38,33
67,464,32,30
100,446,35,32
0,0,0,0
0,0,0,0
0,0,0,0
0,0,0,0
0,0,0,0
248,349,27,20
257,312,23,27
280,287,20,23
326,277,20,20
393,286,19,19
457,306,17,21
499,318,12,15
527,320,15,15
544,325,13,10
