563,502,11,12
558,467,14,12
554,491,11,12
559,476,15,14
531,455,13,13
504,470,15,15
524,485,14,14
528,505,13,14
524,510,12,13
539,501,14,13
561,504,12,13
557,500,13,12
557,506,13,12
565,511,11,12
558,527,13,13
516,553,15,16
495,586,13,13
523,608,15,13
553,618,16,13
579,622,16,16
594,625,17,14
611,614,17,17
603,623,17,18
613,624,14,16
619,631,15,18
626,642,15,16
632,672,14,16
635,697,17,14
0,0,0,0
0,0,0,0
0,0,0,0
0,0,0,0
0,0,0,0
0,0,0,0
0,0,0,0
0,0,0,0
0,0,0,0
596,699,17,14
607,691,17,17
605,687,16,17
599,690,13,18
596,691,18,17
595,685,16,16
576,685,17,15
596,691,17,17
615,682,18,17
620,687,18,16
636,690,16,14
644,690,18,16
649,685,16,19
656,685,15,20
637,696,16,17
650,690,18,16
664,690,15,15
675,689,18,19
680,691,14,17
676,687,16,16
673,689,14,15
676,680,16,15
678,679,17,17
687,682,17,19
0,0,0,0
680,687,18,16
687,689,19,17
691,695,14,15
694,693,16,18
689,670,19,18
660,651,17,19
0,0,0,0
0,0,0,0
631,640,16,14
616,635,15,19
607,631,17,18
599,632,15,12
575,628,14,14
566,627,16,14
563,622,16,17
563,621,15,18
563,620,12,16
560,619,14,18
561,621,12,12
559,619,15,14
558,624,14,13
541,623,14,14
520,610,12,18
513,619,14,14
519,612,15,16
510,620,14,16
502,616,13,13
496,619,14,15
484,624,12,13
493,632,17,15
485,650,14,17
501,653,16,15
504,655,17,17
511,651,14,15
511,649,15,16
504,645,15,17
502,647,17,12
506,641,15,16
504,640,16,15
512,641,16,14
526,639,12,13
555,634,13,14
561,628,16,13
580,654,18,19
581,681,13,14
0,0,0,0
0,0,0,0
0,0,0,0
0,0,0,0
0,0,0,0
0,0,0,0
0,0,0,0
0,0,0,0
0,0,0,0
0,0,0,0
0,0,0,0
0,0,0,0
0,0,0,0
0,0,0,0
0,0,0,0
0,0,0,0
0,0,0,0
0,0,0,0
0,0,0,0
0,0,0,0
0,0,0,0
0,0,0,0
0,0,0,0
0,0,0,0
506,678,12,13
525,666,17,12
538,663,16,17
592,654,13,15
635,653,16,14
637,664,17,14
632,674,17,16
537,664,19,20
582,654,17,16
581,654,15,16
582,657,15,14
572,664,16,15
580,649,13,13
