364,526,384,44
390,528,380,42
408,534,378,34
551,342,234,170
702,189,149,36
570,179,251,158
541,76,230,237
609,149,182,128
633,142,178,258
613,270,176,161
532,355,237,72
515,355,268,68
513,364,284,39
510,371,284,26
533,371,295,18
664,285,75,144
527,154,130,204
481,209,87,160
432,294,171,96
452,309,166,74
471,306,264,62
533,325,304,43
551,317,302,91
520,301,292,135
467,274,273,178
433,264,268,198
409,268,288,194
409,287,297,185
433,283,308,204
459,270,309,222
463,273,308,235
441,293,326,224
389,302,346,210
352,312,366,180
349,313,376,184
369,323,394,169
385,343,407,142
399,339,413,138
413,345,413,124
432,335,416,129
461,326,413,139
492,319,415,142
503,321,415,129
489,316,419,122
471,307,418,128
461,306,424,118
447,318,427,93
442,311,431,97
447,306,428,106
449,309,430,96
465,313,434,80
503,308,438,88
508,246,406,185
551,111,155,164
502,170,418,75
848,234,67,185
684,102,446,96
0,0,0,0
516,16,287,375
725,157,167,207
318,3,316,331
551,1,336,265
617,219,405,253
445,232,503,241
420,140,167,460
422,1,180,432
283,168,479,66
449,163,467,95
541,155,351,92
554,149,325,109
623,158,38,55
423,188,388,27
550,153,351,101
534,161,202,65
805,210,336,85
0,0,0,0
412,15,536,77
715,34,157,143
555,141,70,68
390,163,403,202
351,287,477,101
487,265,330,68
356,254,406,75
