337,6,430,627
326,20,441,601
314,38,458,565
305,47,488,527
290,77,548,448
271,112,603,376
298,120,589,379
323,105,554,404
331,117,540,387
341,114,534,385
340,113,543,387
331,115,550,384
333,105,528,413
322,93,517,429
301,96,531,423
298,93,507,442
302,29,484,528
321,2,446,580
342,11,431,601
363,13,414,614
394,12,407,626
398,18,425,605
373,29,484,568
348,49,521,524
347,40,511,536
355,34,497,529
366,37,478,518
387,56,441,490
409,66,404,469
423,72,379,457
425,67,369,469
425,63,370,481
415,63,386,492
413,54,387,504
418,53,383,511
419,58,381,505
416,68,380,485
417,75,378,467
423,73,372,472
434,77,358,468
438,73,350,473
439,74,345,474
437,74,352,476
430,79,361,469
420,81,380,466
409,84,394,465
404,88,395,455
402,85,396,458
401,87,397,461
402,66,402,467
400,50,401,485
397,47,409,500
377,53,452,494
319,92,586,422
278,157,686,298
253,203,721,203
228,238,732,122
217,267,734,75
209,275,744,53
211,243,743,42
236,150,611,57
550,101,35,35
531,85,35,40
534,123,32,35
426,1,334,520
513,88,109,364
477,89,136,359
491,71,124,381
493,66,122,390
514,61,104,399
486,190,204,300
200,235,619,204
188,270,765,135
269,261,715,108
393,253,510,123
509,245,288,146
590,260,146,158
640,265,77,108
668,284,17,73
677,278,21,74
0,0,0,0
346,95,684,30
359,105,684,57
335,117,687,44
286,128,677,95
457,50,240,477
144,77,575,365
138,88,573,361
133,91,582,360
134,92,579,357
238,45,515,452
274,118,494,377
278,164,487,366
339,191,394,431
347,198,366,439
335,176,391,445
311,155,434,455
300,147,479,465
310,149,518,460
314,156,571,420
316,167,619,365
316,187,637,323
310,182,637,337
305,159,621,382
299,151,603,406
296,142,597,425
310,99,559,471
360,31,436,548
399,26,359,592
433,2,290,625
489,1,203,636
485,4,208,662
446,1,277,677
407,13,323,657
192,59,242,661
192,71,254,645
192,66,255,653
