210,390,961,61
192,338,968,135
192,316,983,167
188,313,980,184
188,308,977,202
183,310,975,205
181,310,971,213
176,302,966,227
171,297,963,242
161,288,948,298
184,276,906,399
304,253,743,466
468,217,544,501
518,202,463,516
509,203,462,514
467,209,501,510
401,222,589,493
233,314,853,299
218,325,885,315
333,116,446,603
584,40,70,677
610,101,206,618
589,185,310,534
609,245,303,474
601,259,309,460
605,253,289,466
613,239,257,480
642,233,178,486
636,225,209,494
618,210,249,509
643,197,197,522
643,201,230,518
633,192,289,527
663,180,218,539
641,176,260,543
611,174,321,545
599,157,314,562
578,78,241,641
581,1,129,720
594,1,46,720
595,4,36,709
606,73,39,646
622,61,43,658
615,79,63,640
618,81,74,638
614,94,84,625
606,103,86,616
601,99,79,620
582,107,82,612
586,106,77,613
587,75,73,644
592,36,73,683
589,17,72,702
591,17,59,702
570,121,28,598
581,122,33,597
586,119,28,600
587,120,28,599
588,119,34,600
594,118,31,601
597,117,34,602
592,121,38,598
595,116,32,603
591,112,32,607
590,117,30,602
587,117,30,602
591,114,26,605
587,111,27,608
585,109,26,610
583,106,28,613
580,105,33,614
582,103,24,616
577,100,34,619
580,100,23,619
581,95,25,624
580,93,28,626
577,92,26,627
574,91,30,628
572,92,30,627
576,92,26,627
572,87,33,632
574,92,28,627
572,94,29,625
570,92,27,627
559,87,37,632
544,73,47,646
548,58,36,661
512,82,58,637
502,82,64,637
506,83,61,636
503,83,63,636
510,84,57,635
516,87,56,632
518,89,55,630
521,87,53,630
521,88,53,629
553,101,30,618
590,126,52,593
593,92,167,627
446,76,542,639
385,126,755,371
354,349,784,57
391,262,682,367
478,220,559,499
504,296,687,331
588,172,591,455
695,132,406,474
594,128,493,416
727,197,323,387
587,135,534,345
603,121,400,441
671,130,214,437
414,281,672,86
652,89,170,502
496,119,416,414
468,167,591,257
700,37,109,579
626,95,289,426
395,223,690,186
413,129,536,292
719,96,177,521
566,80,385,473
373,252,782,131
516,149,604,337
680,107,192,493
629,81,241,638
450,196,752,252
396,130,719,422
637,160,296,559
621,115,170,604
325,129,794,507
300,198,889,320
599,110,222,522
662,189,101,530
371,97,681,572
222,343,872,55
438,2,669,662
718,22,103,693
446,108,702,573
313,316,933,120
567,95,462,581
696,102,193,617
390,265,885,166
566,40,537,606
783,44,90,675
483,108,732,414
416,171,766,310
768,167,166,552
511,61,685,574
316,297,798,98
490,85,596,531
666,14,138,703
539,103,345,613
358,247,799,190
456,134,584,384
713,192,252,465
703,89,184,630
486,114,695,475
462,196,817,217
761,79,337,553
883,151,59,568
668,74,392,537
463,182,780,300
522,136,757,340
776,46,259,565
838,84,64,623
672,41,362,563
463,112,738,471
412,291,867,71
616,90,539,468
789,58,265,590
834,115,75,555
711,155,316,564
662,171,617,253
493,216,786,194
729,136,550,369
826,79,359,533
948,87,170,631
846,11,249,597
715,152,397,556
672,106,607,404
461,193,818,264
479,179,800,183
635,83,510,386
738,82,389,490
803,90,196,494
885,114,70,561
762,49,290,572
651,138,502,384
579,251,657,108
558,87,721,362
885,137,232,445
827,10,227,584
509,183,728,119
834,78,296,468
723,67,314,582
622,97,509,319
505,194,601,275
454,252,699,60
685,1,354,533
745,1,214,630
508,103,692,373
458,245,748,98
469,177,705,173
470,177,701,95
483,213,690,70
501,183,684,144
511,179,679,154
501,198,688,114
492,221,695,68
488,246,676,27
497,247,656,33
519,235,617,50
526,229,592,66
523,235,589,53
523,239,596,48
522,244,604,39
518,255,619,27
520,233,621,79
534,186,613,173
556,130,591,286
588,59,534,421
660,1,418,509
712,3,288,563
789,1,145,574
853,1,30,539
814,1,121,507
755,1,227,460
660,1,364,392
554,59,513,260
528,205,544,29
551,128,518,240
607,34,448,433
690,1,296,533
769,1,158,567
848,1,35,564
821,1,121,555
762,1,246,527
696,1,363,484
631,3,463,442
601,31,516,367
576,68,568,281
553,126,610,186
540,200,647,40
589,49,601,337
730,1,256,519
840,1,91,519
694,1,366,460
509,80,628,275
484,223,675,58
542,96,619,333
652,1,430,545
781,1,188,614
870,1,50,586
800,9,205,553
712,1,354,504
643,73,483,355
584,182,599,141
596,161,598,188
750,1,348,496
886,1,63,578
641,1,484,443
552,203,619,119
717,1,346,566
876,23,92,559
683,6,443,436
582,211,646,35
814,31,175,469
608,83,484,237
885,116,64,493
586,235,644,59
832,52,237,474
756,72,261,518
570,205,644,72
748,48,311,427
837,118,118,479
732,87,171,547
638,141,308,417
605,156,503,155
452,184,608,107
611,172,474,197
624,92,389,318
757,99,292,417
814,50,157,480
868,125,125,420
849,81,92,481
873,126,84,455
844,54,75,304
830,144,93,464
759,62,183,466
694,158,196,455
658,53,374,385
606,157,385,316
633,158,423,185
479,248,503,87
611,168,504,174
667,54,341,359
755,90,214,369
751,31,131,467
795,129,68,515
721,33,195,416
643,158,225,439
649,60,317,398
570,182,323,289
555,206,415,78
693,240,211,45
665,210,386,138
553,86,359,241
744,156,193,208
740,37,170,411
794,135,118,353
805,43,46,363
848,129,25,391
808,90,121,270
700,173,221,429
755,65,286,315
652,184,299,285
769,188,243,93
513,243,460,74
727,259,284,30
711,228,265,69
761,193,284,155
672,54,281,307
754,162,184,208
686,46,224,339
762,99,180,356
800,79,93,401
827,143,72,387
815,44,32,367
816,126,43,463
759,58,141,493
769,146,109,467
762,61,136,345
754,148,116,445
764,55,165,280
706,154,182,435
750,46,215,345
725,155,167,322
756,65,236,253
625,190,303,298
714,135,349,206
580,166,452,229
540,204,423,71
773,221,175,35
707,194,379,125
522,95,426,207
764,153,284,211
720,12,276,375
769,86,183,309
782,45,195,435
829,104,135,394
835,25,41,463
838,114,47,462
780,33,125,576
755,106,138,484
762,36,222,261
604,88,399,383
706,187,243,138
526,201,389,150
530,149,477,95
