487,306,530,38
485,301,505,63
460,311,494,54
431,318,503,49
415,325,510,47
397,322,520,52
400,317,531,48
417,311,520,40
452,297,480,51
487,272,450,90
507,238,440,155
517,233,426,166
510,269,443,104
497,304,467,54
466,295,502,68
439,291,523,63
435,240,509,168
446,215,485,222
462,204,460,249
478,214,430,236
485,238,432,199
479,294,470,108
479,278,527,121
589,63,304,452
460,186,424,202
451,41,99,439
335,256,277,94
453,104,162,306
456,275,194,91
550,126,99,220
473,291,354,76
726,70,49,59
525,148,290,263
508,255,387,137
686,120,115,382
632,185,255,251
744,280,257,45
757,123,283,250
796,8,206,443
891,1,19,444
788,2,204,402
617,21,440,300
525,171,557,46
499,72,547,287
539,6,366,485
641,3,90,551
441,55,385,431
401,110,422,312
357,185,288,200
465,163,146,235
443,297,208,55
545,147,74,138
533,230,297,181
625,128,42,76
562,275,294,108
746,168,39,229
748,286,245,42
784,61,196,418
718,1,277,411
485,158,577,72
561,2,312,469
542,62,255,415
411,108,412,281
364,155,272,238
429,172,198,221
391,242,239,94
567,144,88,267
477,293,159,41
719,88,41,38
545,195,272,216
579,232,282,163
739,127,38,362
730,268,250,109
738,134,332,261
814,2,125,446
567,8,369,345
365,168,610,133
408,77,515,345
449,93,413,360
460,139,375,291
464,190,362,214
429,262,422,103
377,227,474,163
458,17,274,478
528,55,206,375
465,148,610,135
757,1,157,475
740,43,396,321
718,165,278,161
799,58,62,370
