611,110,41,467
621,100,25,471
627,90,24,480
627,89,24,481
627,86,26,483
628,87,31,484
625,88,44,480
631,85,56,487
640,90,42,486
633,91,41,484
621,89,55,487
630,93,45,480
634,87,47,486
565,104,176,400
507,170,338,325
449,236,447,164
433,265,474,89
462,173,405,258
529,103,265,393
577,85,157,427
623,60,63,467
601,56,91,475
501,106,296,392
444,223,429,187
417,238,463,173
558,111,225,377
581,91,161,463
451,225,449,182
451,206,446,199
543,106,253,380
607,62,98,466
642,58,23,472
586,69,135,459
498,115,319,371
441,238,450,131
453,179,415,264
601,82,126,462
523,117,297,374
446,240,449,129
451,208,434,209
555,104,246,386
649,65,38,456
517,104,287,388
445,227,437,143
442,180,415,256
599,79,107,478
464,197,413,247
467,176,415,269
636,59,73,471
507,119,334,356
429,254,474,93
621,64,73,476
453,226,432,187
515,139,308,344
553,96,204,391
421,279,474,72
616,72,90,483
431,275,456,93
580,85,157,447
471,186,387,260
475,156,370,306
467,168,395,299
509,137,304,346
514,157,306,342
454,186,411,275
561,128,202,380
481,135,372,329
523,163,280,306
