556,145,14,550
556,151,13,543
555,150,10,541
554,149,16,543
554,151,14,542
554,154,14,536
554,151,14,540
555,152,15,538
554,152,16,538
554,153,18,540
555,151,17,540
554,152,20,540
554,153,16,538
555,151,16,540
554,153,16,537
555,152,17,539
554,248,19,332
554,154,17,537
556,152,16,539
553,153,16,538
555,153,14,538
554,153,12,539
554,154,13,539
555,153,15,537
553,153,17,539
553,154,16,538
554,153,15,538
555,153,15,539
554,153,12,538
552,150,13,541
554,153,13,537
554,151,13,539
554,153,13,539
555,152,13,542
554,152,14,539
554,153,13,538
556,153,11,539
553,151,13,542
555,152,12,538
578,132,10,528
588,91,48,542
562,93,143,524
530,132,237,484
515,189,301,418
455,208,388,358
381,262,466,241
347,328,497,135
350,316,492,156
365,317,488,165
384,316,481,169
406,313,469,180
409,315,471,171
405,304,468,188
403,306,466,186
403,314,471,172
408,313,462,173
405,311,465,177
401,305,475,190
397,315,480,175
396,324,484,161
401,321,475,166
404,319,473,169
401,320,477,167
399,320,481,166
399,323,481,161
400,325,482,158
398,325,482,160
400,323,481,163
398,327,485,159
401,327,484,157
401,326,483,159
399,326,483,160
401,326,481,160
224,252,19,321
229,246,14,327
230,246,13,326
231,246,13,326
231,253,12,320
231,253,13,320
232,252,12,320
233,254,11,319
233,253,11,319
233,253,11,318
235,253,10,321
232,255,14,321
236,253,7,320
237,247,11,325
236,254,11,320
235,253,11,320
233,252,12,320
232,253,11,321
230,245,12,320
214,193,21,329
196,123,33,330
188,59,33,327
207,27,35,314
223,16,10,318
222,20,21,307
230,25,9,288
226,24,17,277
221,28,22,276
224,37,18,267
237,103,10,204
258,173,24,140
152,319,295,60
425,273,219,168
424,269,225,178
425,267,224,182
456,197,180,240
486,103,61,321
446,241,87,268
411,345,116,118
533,280,23,225
467,231,292,212
463,236,299,213
467,235,293,219
468,233,302,213
447,210,282,98
408,221,297,55
396,293,359,60
574,325,377,25
692,274,285,50
617,168,57,65
626,206,236,221
704,261,41,227
493,274,407,161
492,298,417,118
512,302,427,92
540,326,426,26
694,137,130,362
629,279,305,246
507,249,334,157
660,260,339,143
546,181,200,183
659,66,177,225
744,45,103,312
750,319,303,139
734,381,339,108
717,396,352,98
705,390,357,105
701,384,353,113
708,359,342,127
683,254,327,150
639,243,348,150
601,284,343,134
444,346,451,46
656,381,292,15
717,371,67,14
775,370,55,18
764,379,50,53
751,292,20,233
575,209,259,170
699,86,194,257
804,392,335,98
806,392,327,98
812,387,316,103
855,368,249,11
814,226,288,82
752,71,140,261
488,142,340,216
462,232,387,92
513,214,356,136
735,150,201,291
914,170,21,65
909,190,206,53
672,355,279,60
689,372,277,81
698,368,271,86
707,343,266,105
780,353,193,44
852,230,212,211
823,284,275,45
825,280,262,56
823,281,258,53
808,290,264,42
787,317,269,12
881,221,73,276
765,275,341,141
955,165,88,354
862,171,189,188
817,70,52,373
541,346,362,53
527,355,365,45
518,345,375,78
654,273,57,62
586,287,148,200
638,215,237,267
778,166,32,137
761,166,25,141
713,175,15,146
601,237,163,256
510,331,290,154
507,339,297,135
583,271,104,194
441,374,356,83
612,210,15,286
419,375,354,101
396,313,298,208
465,231,87,335
303,334,361,172
287,365,361,176
293,363,356,181
304,365,362,179
326,412,375,75
478,372,37,34
378,338,209,66
289,359,347,31
235,372,369,32
95,386,250,34
105,400,254,9
160,342,235,44
445,149,207,311
233,287,324,88
446,85,205,369
485,116,143,378
524,150,100,333
528,138,168,355
464,281,347,208
412,396,321,214
397,413,322,207
334,388,388,231
333,389,337,181
331,393,342,177
315,410,334,168
302,392,224,179
340,334,35,254
271,280,93,293
229,238,83,321
103,229,196,268
140,375,300,24
288,170,123,263
330,137,120,285
321,131,128,293
317,120,134,298
331,122,122,307
330,270,213,123
211,149,286,275
253,251,308,225
297,175,128,372
186,295,371,93
333,374,26,154
237,188,143,231
168,128,270,267
172,157,340,137
271,167,311,98
482,121,216,353
484,324,362,199
486,329,372,187
463,312,380,184
407,304,285,282
351,67,240,346
292,32,306,265
295,123,367,33
530,236,378,265
513,408,425,115
595,221,203,288
562,58,242,365
652,215,135,291
618,172,333,198
741,78,106,168
