17,261,1199,61
20,269,1202,46
28,278,1203,36
46,278,1200,44
44,256,1204,74
39,240,1207,109
48,258,1208,82
59,275,1205,51
62,277,1200,50
62,276,1200,44
66,263,1183,78
52,279,1188,58
52,291,1186,32
60,289,1184,30
55,252,1185,95
42,242,1186,121
42,254,1186,103
47,266,1185,81
44,259,1180,87
47,276,1176,54
46,279,1175,53
45,278,1170,58
44,269,1170,70
45,269,1165,73
44,269,1160,70
44,266,1158,68
44,263,1149,70
46,263,1140,71
60,259,1123,60
112,260,1065,39
198,248,945,55
295,236,747,81
377,235,521,75
440,238,299,51
469,243,179,42
478,243,146,46
479,246,145,44
473,250,167,44
425,244,364,116
339,246,678,126
252,247,931,90
170,232,1062,93
110,215,1084,107
62,208,1051,111
20,210,1017,114
12,230,1029,92
2,217,1054,125
51,78,994,445
246,1,661,719
398,1,288,716
477,2,81,717
405,77,184,639
309,147,320,573
308,137,321,579
330,139,294,581
356,135,262,583
379,126,235,594
417,64,150,653
466,8,48,712
431,1,123,715
