233,179,824,33
260,184,840,33
274,193,849,26
258,161,855,40
233,110,845,41
214,56,821,50
234,31,792,36
268,1,766,60
291,1,552,49
312,8,722,30
330,1,696,36
335,2,685,39
352,14,668,34
363,25,661,27
371,40,651,27
381,51,633,49
390,78,617,43
393,112,603,41
393,149,603,31
400,188,594,24
400,224,592,28
398,270,600,21
384,310,614,36
365,330,631,54
362,302,622,65
377,239,598,62
388,182,601,48
391,128,613,39
384,83,632,23
373,42,653,30
351,16,686,34
323,18,726,39
290,60,774,33
277,136,795,42
279,239,797,53
284,349,763,48
281,399,718,33
266,408,710,24
238,333,768,67
236,192,816,90
257,83,811,60
272,28,775,29
284,7,724,33
292,10,698,28
312,16,667,26
329,37,647,25
351,83,610,22
364,125,600,21
372,168,586,25
369,215,586,32
365,259,591,33
361,305,598,35
345,331,613,44
334,332,623,65
343,289,601,69
359,230,589,57
363,171,592,52
369,127,596,51
361,76,619,54
351,31,648,52
