206,302,1016,316
173,293,975,326
277,229,1003,301
357,198,923,326
345,210,931,315
335,212,944,330
327,144,779,576
625,225,134,476
581,262,665,381
589,187,618,487
251,186,1029,388
237,433,1043,46
240,419,1040,71
237,436,1043,45
241,422,1039,52
172,364,1104,84
97,242,835,144
808,355,408,67
795,363,410,58
788,335,395,43
796,355,389,49
794,357,382,67
788,371,365,75
799,377,357,99
820,279,400,86
784,1,424,229
655,152,186,87
419,1,185,713
328,563,130,156
397,535,72,179
408,526,64,196
433,548,63,174
436,548,65,140
427,531,50,97
374,583,76,64
376,623,84,93
443,648,37,72
486,653,28,60
488,455,58,265
494,406,72,313
471,369,99,351
418,349,106,329
307,347,180,358
144,333,320,342
2,327,814,393
1,480,1280,176
490,1,748,718
456,3,548,717
237,347,1043,297
782,1,220,711
202,1,968,720
259,138,1021,551
635,1,203,718
27,2,1040,718
1,2,1085,714
1,1,1052,716
1,1,1042,719
3,2,1043,718
44,1,1012,716
379,2,516,718
