150,380,954,271
136,376,983,220
129,430,1003,169
130,404,990,199
130,406,973,214
132,387,967,235
143,361,965,278
163,328,948,343
204,282,906,438
264,227,798,491
278,192,827,528
264,223,910,493
248,254,996,463
239,278,963,439
236,273,880,447
252,236,734,480
270,224,688,496
246,248,753,469
232,325,842,395
265,331,823,385
309,290,729,430
332,260,659,458
342,252,640,468
359,227,685,488
381,195,788,525
376,181,900,535
360,188,920,489
340,197,936,469
328,199,952,492
324,187,935,493
318,180,936,487
320,209,948,507
337,213,828,507
342,202,715,514
341,188,656,532
325,199,658,519
302,219,714,501
269,252,818,470
214,326,972,373
152,471,1030,96
148,436,1031,204
176,406,1010,303
183,476,1052,168
212,471,1052,211
264,339,820,380
256,309,808,407
239,315,859,405
246,263,807,454
303,148,638,572
385,28,471,688
480,2,337,718
551,1,256,716
611,1,206,718
681,27,140,693
775,329,50,390
738,459,63,261
723,390,68,330
674,297,109,393
478,254,377,466
332,408,682,174
373,353,682,271
502,171,526,541
682,50,197,666
687,16,116,704
629,1,164,716
601,3,130,717
679,334,44,383
676,454,39,266
668,490,30,230
666,454,41,266
623,299,153,282
610,111,199,310
677,1,97,340
710,1,61,334
726,1,63,381
738,103,75,360
628,202,277,267
518,316,423,134
490,270,417,271
418,330,526,110
186,1,874,688
172,1,1109,544
378,1,886,687
233,2,1047,587
12,28,1264,470
6,85,1274,400
7,72,1269,438
1,91,1279,460
1,232,1276,326
4,460,1276,49
297,318,978,402
580,168,615,548
682,21,372,692
738,2,108,713
608,1,225,716
441,24,471,696
332,117,690,600
262,240,843,480
186,466,885,148
158,543,930,108
182,560,958,85
239,508,931,130
335,347,759,373
329,308,712,408
228,385,776,335
156,388,807,330
129,417,938,303
127,476,965,212
129,546,994,97
118,555,1013,118
116,530,1027,175
138,572,1017,75
178,425,929,277
176,408,896,291
