631,23,331,336
624,27,344,330
627,40,351,316
623,38,358,313
617,37,362,316
634,33,353,316
633,13,351,327
648,2,331,335
664,1,307,325
679,2,286,315
680,1,273,315
679,1,270,315
660,1,284,310
640,2,299,313
621,1,312,311
616,2,313,310
614,1,311,307
615,1,311,298
622,2,303,300
629,1,302,293
635,1,304,292
644,1,300,290
658,1,287,287
693,1,254,289
775,8,174,299
864,1,115,336
960,1,72,365
1035,2,35,379
1061,1,24,259
979,1,96,254
828,154,419,143
860,157,362,260
969,90,182,436
1082,106,22,90
1080,136,16,56
1087,133,18,60
1091,135,15,46
1087,128,17,108
1084,129,15,100
1085,120,11,95
1083,116,16,82
1072,115,32,454
1076,116,33,454
1075,116,37,456
1073,115,41,456
1065,112,44,458
1066,117,38,454
1069,117,29,459
1067,121,28,461
1066,120,24,468
1068,125,19,478
1077,126,21,420
1089,125,25,481
1099,125,30,487
1108,127,26,500
1116,128,32,498
1125,128,33,500
1131,123,33,502
1111,105,29,533
1106,105,33,536
1103,104,32,535
1105,112,29,525
1103,113,28,537
1101,115,28,531
1102,120,34,524
1105,121,28,534
1104,123,31,534
1104,128,31,523
1102,127,32,529
1102,127,30,529
1100,128,30,521
1103,124,27,521
