2,142,358,214
2,123,356,212
1,101,358,217
1,82,359,222
1,105,357,208
1,118,358,203
1,134,358,195
1,149,362,206
1,134,360,219
1,151,338,195
1,169,358,207
1,185,358,216
1,201,358,199
1,204,353,201
1,204,344,217
1,203,343,228
1,210,338,214
1,207,335,211
1,192,354,208
1,194,351,235
1,166,356,256
1,156,354,265
1,159,356,290
1,161,342,292
1,174,326,307
1,173,342,301
1,170,361,314
1,156,358,313
1,140,360,344
1,61,358,394
3,2,356,337
1,1,356,560
193,165,167,471
233,25,127,614
275,1,85,466
295,3,65,235
214,1,146,443
80,1,280,639
1,1,331,641
1,1,317,641
1,1,279,629
1,1,275,630
1,2,359,637
1,1,357,583
1,1,351,547
1,1,282,477
1,1,252,458
1,1,251,453
1,1,261,453
1,1,268,453
1,1,288,451
1,1,317,435
1,1,360,450
1,1,359,471
