186,264,163,98
81,162,224,100
270,146,90,31
0,0,0,0
189,344,78,48
215,280,16,17
236,239,11,14
241,234,10,13
244,228,10,12
238,229,8,15
223,235,8,9
221,243,7,9
0,0,0,0
0,0,0,0
0,0,0,0
0,0,0,0
0,0,0,0
0,0,0,0
0,0,0,0
0,0,0,0
0,0,0,0
0,0,0,0
0,0,0,0
0,0,0,0
0,0,0,0
0,0,0,0
0,0,0,0
0,0,0,0
0,0,0,0
0,0,0,0
0,0,0,0
149,256,7,12
148,247,8,13
148,237,10,11
153,230,9,10
163,225,9,11
174,224,10,9
186,218,9,10
194,215,10,11
202,214,8,18
205,216,9,13
205,219,9,14
200,222,8,14
197,230,10,15
196,238,9,15
196,244,9,15
195,247,9,11
194,244,10,14
193,249,9,13
193,253,10,11
194,253,11,10
192,255,12,10
191,258,11,10
191,262,10,8
191,261,11,11
191,260,10,12
190,261,10,11
189,262,9,11
187,261,11,14
187,260,11,12
187,257,13,12
187,256,13,13
186,257,16,12
186,259,18,11
188,258,22,11
189,254,24,9
189,250,27,13
191,247,27,16
192,242,28,22
187,240,26,27
181,235,35,38
173,249,69,43
136,333,197,38
165,457,150,42
120,376,240,124
124,308,236,170
122,232,175,240
107,199,153,250
112,172,158,260
115,163,157,260
116,157,160,265
118,157,163,263
120,158,165,267
116,168,159,263
87,259,163,239
94,451,117,50
0,0,0,0
0,0,0,0
0,0,0,0
241,389,119,90
216,271,144,119
149,180,108,265
158,447,51,51
0,0,0,0
279,391,81,36
122,212,180,96
110,144,250,80
0,0,0,0
0,0,0,0
203,317,21,28
228,256,15,12
242,238,7,10
250,233,8,9
0,0,0,0
233,233,8,11
219,238,7,12
241,251,7,9
0,0,0,0
0,0,0,0
0,0,0,0
0,0,0,0
0,0,0,0
0,0,0,0
0,0,0,0
0,0,0,0
0,0,0,0
0,0,0,0
0,0,0,0
0,0,0,0
0,0,0,0
0,0,0,0
0,0,0,0
0,0,0,0
0,0,0,0
0,0,0,0
0,0,0,0
148,253,7,9
147,243,7,10
149,234,9,9
155,228,10,10
166,223,9,10
175,223,10,11
178,217,11,14
186,218,9,12
187,217,11,11
189,215,9,12
193,214,9,13
194,216,11,11
197,216,8,10
198,217,12,8
202,217,7,12
200,217,11,14
202,218,11,10
205,217,9,14
204,219,10,10
204,219,10,11
205,217,8,15
202,221,11,9
201,219,9,13
201,221,8,11
198,225,10,10
197,226,8,13
195,230,12,10
196,233,10,12
196,234,8,16
194,238,12,10
196,237,8,16
191,242,14,11
194,242,10,11
196,244,10,13
195,248,12,9
194,247,9,12
194,245,12,13
194,249,12,8
193,246,9,11
192,245,12,10
194,246,8,13
192,247,12,13
191,248,12,12
195,247,8,15
192,252,14,12
191,253,10,12
192,254,10,9
195,253,7,12
193,253,10,12
193,252,13,11
195,249,8,15
193,252,11,12
195,252,9,12
194,254,8,13
195,251,8,15
192,254,9,15
192,258,9,11
191,259,10,11
191,260,9,12
191,260,12,12
191,261,10,13
190,259,9,14
191,260,10,12
192,260,11,11
191,259,13,15
190,258,14,13
192,259,13,13
191,260,9,15
189,262,13,11
191,262,11,11
187,262,12,11
188,264,13,9
190,263,9,13
187,263,12,12
187,262,14,11
189,262,11,12
185,262,13,12
187,261,15,10
190,259,11,13
187,258,12,13
187,258,16,9
191,258,12,11
191,257,9,13
187,257,16,12
190,259,13,12
189,256,12,17
188,257,18,14
187,258,18,12
188,256,15,16
192,256,11,15
187,258,20,13
187,255,21,16
194,253,12,17
188,255,21,13
189,252,24,12
195,251,16,15
192,247,15,20
188,249,28,15
189,251,26,10
192,245,16,21
194,244,20,23
185,252,33,14
182,248,35,18
192,242,21,25
182,243,27,26
176,247,44,17
179,249,43,18
179,241,27,32
179,234,38,33
162,248,62,22
152,239,69,32
174,236,41,50
144,259,76,44
122,272,157,34
137,329,200,45
231,433,75,66
153,459,168,41
163,458,151,41
131,425,209,74
129,397,222,101
108,368,252,128
92,344,268,124
128,316,232,138
132,276,228,219
128,238,202,230
113,227,161,236
109,198,149,252
113,177,156,262
118,162,154,261
118,159,156,262
117,159,161,264
118,157,157,265
118,158,157,265
