87,424,101,77
101,338,82,38
109,313,66,25
106,308,67,22
98,307,68,21
93,306,68,21
89,306,67,20
93,303,66,21
118,298,61,21
141,297,75,22
167,304,73,22
200,311,42,18
0,0,0,0
325,348,23,17
333,367,27,12
338,372,22,13
215,343,45,21
151,329,74,16
123,328,77,15
115,331,77,15
116,333,76,13
116,335,75,13
116,333,73,26
117,331,73,32
116,334,73,32
117,334,72,30
118,335,72,30
117,334,73,32
115,334,75,31
115,335,74,29
114,342,75,28
110,343,74,28
111,342,72,27
111,335,59,73
51,525,101,60
0,0,0,0
0,0,0,0
0,0,0,0
0,0,0,0
0,0,0,0
0,0,0,0
0,0,0,0
0,0,0,0
0,0,0,0
0,0,0,0
0,0,0,0
167,619,62,21
113,494,99,108
88,516,89,98
0,0,0,0
0,0,0,0
48,516,79,70
133,271,27,14
148,209,18,10
153,185,14,7
156,173,12,6
156,167,12,7
156,163,11,6
155,159,10,6
153,157,11,9
0,0,0,0
0,0,0,0
0,0,0,0
0,0,0,0
0,0,0,0
0,0,0,0
0,0,0,0
0,0,0,0
0,0,0,0
0,0,0,0
0,0,0,0
142,175,6,8
141,180,8,8
141,186,7,7
142,192,8,8
143,199,5,6
143,205,6,7
0,0,0,0
144,211,6,6
146,212,7,6
145,212,8,8
147,214,9,6
147,215,9,7
148,216,8,5
147,216,11,7
147,219,11,7
145,222,12,4
142,224,14,6
137,225,15,7
127,230,18,8
