128,328,128,312
0,0,0,0
0,0,0,0
0,0,0,0
0,0,0,0
0,0,0,0
0,0,0,0
320,66,39,91
207,195,15,36
99,219,14,18
35,220,7,14
0,0,0,0
0,0,0,0
0,0,0,0
0,0,0,0
0,0,0,0
0,0,0,0
0,0,0,0
0,0,0,0
0,0,0,0
0,0,0,0
0,0,0,0
167,247,5,7
0,0,0,0
0,0,0,0
164,256,7,9
0,0,0,0
0,0,0,0
0,0,0,0
0,0,0,0
0,0,0,0
0,0,0,0
0,0,0,0
0,0,0,0
0,0,0,0
0,0,0,0
0,0,0,0
77,293,7,17
50,285,6,13
19,271,14,15
3,242,15,17
11,202,13,28
1,136,11,31
19,73,31,30
78,57,40,22
144,71,33,31
192,128,22,39
200,187,19,31
203,228,17,18
192,256,23,8
188,264,26,10
181,268,27,9
177,268,24,7
175,265,20,5
166,257,19,6
0,0,0,0
160,243,18,8
160,237,16,8
151,235,23,7
159,236,5,9
148,239,16,6
143,236,18,8
148,232,29,9
152,231,18,7
0,0,0,0
0,0,0,0
0,0,0,0
0,0,0,0
0,0,0,0
97,194,91,16
1,204,79,35
1,326,103,152
173,359,187,117
323,341,36,92
348,312,11,41
306,255,55,81
239,248,119,91
202,237,121,84
