207,249,139,111
199,223,145,122
196,205,155,130
194,190,165,139
209,183,152,148
236,192,123,151
277,188,82,182
326,335,34,67
0,0,0,0
0,0,0,0
0,0,0,0
0,0,0,0
207,332,134,61
114,350,51,48
102,368,27,27
111,373,23,20
133,359,17,16
0,0,0,0
0,0,0,0
0,0,0,0
0,0,0,0
0,0,0,0
0,0,0,0
0,0,0,0
0,0,0,0
0,0,0,0
0,0,0,0
0,0,0,0
0,0,0,0
0,0,0,0
0,0,0,0
0,0,0,0
0,0,0,0
0,0,0,0
0,0,0,0
0,0,0,0
0,0,0,0
0,0,0,0
0,0,0,0
0,0,0,0
0,0,0,0
0,0,0,0
0,0,0,0
0,0,0,0
0,0,0,0
0,0,0,0
0,0,0,0
0,0,0,0
0,0,0,0
0,0,0,0
0,0,0,0
0,0,0,0
0,0,0,0
0,0,0,0
132,499,141,127
0,0,0,0
0,0,0,0
0,0,0,0
0,0,0,0
0,0,0,0
0,0,0,0
0,0,0,0
0,0,0,0
200,277,8,7
200,273,9,8
201,268,10,9
200,266,11,9
202,263,10,10
201,261,12,12
201,261,13,10
203,257,11,13
203,257,13,12
203,256,14,11
205,254,14,12
204,252,15,12
204,249,14,15
202,245,15,12
203,238,15,15
204,238,20,15
202,237,17,18
197,242,21,15
198,242,20,21
199,248,25,17
197,250,24,19
188,252,32,18
192,252,27,24
191,259,37,22
