93,1,265,446
63,1,250,458
135,1,226,367
0,0,0,0
0,0,0,0
0,0,0,0
0,0,0,0
0,0,0,0
207,76,52,82
185,121,19,33
180,102,13,18
160,104,14,15
141,114,18,12
124,128,17,11
120,134,13,8
115,140,11,11
119,144,6,10
115,150,11,7
117,155,11,5
119,157,9,8
118,157,7,9
116,159,10,5
118,155,8,10
116,155,11,7
117,151,11,9
121,146,9,7
120,143,11,10
122,140,8,7
122,139,13,8
124,140,11,6
122,137,15,11
128,139,12,8
131,138,18,14
137,138,16,16
134,140,23,15
141,129,17,24
142,124,29,16
149,112,17,32
141,115,33,19
132,100,26,34
124,82,27,37
120,85,41,29
126,76,21,49
114,86,42,30
106,77,36,47
103,57,35,47
100,54,57,38
111,41,31,72
94,50,74,38
91,15,59,86
83,11,86,72
112,7,106,81
145,47,85,98
99,115,157,46
108,120,97,60
43,152,165,21
60,185,175,31
119,187,75,84
140,213,136,76
141,252,136,63
164,207,142,54
206,147,73,93
152,137,154,53
139,91,117,67
172,87,100,93
95,63,136,79
68,91,194,74
119,67,105,152
94,83,197,119
42,134,254,100
21,169,294,121
3,192,344,141
1,189,360,163
