44,181,362,514
48,166,358,536
64,191,342,527
62,204,344,514
61,211,345,508
128,231,278,488
237,193,170,183
0,0,0,0
0,0,0,0
0,0,0,0
0,0,0,0
0,0,0,0
0,0,0,0
0,0,0,0
324,287,35,43
251,304,20,33
187,312,15,26
0,0,0,0
0,0,0,0
201,339,13,16
198,367,14,13
195,375,13,15
197,371,13,12
203,365,13,14
207,367,12,15
207,367,13,13
199,358,15,16
197,354,14,12
199,343,13,19
199,338,10,10
201,335,15,13
205,325,17,17
214,321,17,17
229,313,22,14
263,319,6,8
256,311,38,15
261,298,40,22
273,277,45,35
286,241,62,36
282,168,63,54
230,136,69,57
204,129,64,58
