425,210,194,195
424,163,143,235
422,153,133,300
0,0,0,0
426,107,149,190
784,288,55,39
830,134,23,36
779,50,33,21
682,49,30,30
598,82,37,23
527,57,35,23
425,269,115,114
426,296,87,111
423,274,150,169
424,277,50,53
0,0,0,0
0,0,0,0
0,0,0,0
0,0,0,0
0,0,0,0
425,88,74,100
538,240,109,101
659,296,67,73
724,300,79,55
799,275,55,45
830,237,27,29
846,178,12,29
832,130,23,39
810,96,27,44
790,73,35,35
775,54,35,34
755,41,44,30
732,43,41,29
700,49,42,28
667,60,39,26
644,72,37,23
619,80,41,28
602,83,34,25
562,86,61,27
557,79,54,22
529,53,67,30
525,98,37,24
502,146,41,46
427,208,91,66
424,316,74,116
