646,458,49,40
578,366,51,61
521,379,45,52
527,388,24,48
538,413,23,34
652,362,43,39
1009,391,23,34
1142,405,12,18
1159,384,18,22
1127,369,17,16
1069,350,16,14
1001,328,13,15
934,311,14,14
869,299,13,13
805,287,13,13
745,278,13,12
687,270,12,11
629,267,13,9
573,264,12,10
517,263,13,12
463,269,14,10
409,274,11,11
353,279,13,10
301,285,11,10
251,284,13,10
0,0,0,0
0,0,0,0
123,250,18,15
87,223,22,17
72,187,21,18
60,143,24,22
69,82,32,29
89,24,36,31
149,1,12,7
0,0,0,0
0,0,0,0
0,0,0,0
0,0,0,0
475,1,51,32
539,78,48,42
606,199,51,37
669,324,44,25
706,328,16,32
710,340,32,39
718,382,27,36
703,499,34,34
650,528,39,40
655,523,39,40
