1,353,190,116
1,420,220,120
1,475,259,164
26,552,310,169
150,569,256,153
282,624,124,95
0,0,0,0
394,306,12,28
373,288,32,53
346,251,59,92
322,251,83,98
54,289,113,49
42,311,113,53
37,328,108,56
20,340,125,64
17,344,139,62
59,334,120,53
196,286,29,47
241,243,22,34
261,235,11,22
284,226,10,23
302,207,9,27
286,210,20,35
271,216,20,27
261,234,12,16
120,143,21,24
124,121,16,32
122,118,23,17
112,106,29,16
112,94,17,33
106,94,21,32
97,106,27,21
79,112,25,26
81,124,24,29
79,140,22,29
72,163,23,29
77,176,28,23
84,199,32,22
99,199,19,34
107,215,32,22
129,240,33,18
161,261,30,18
