220,128,217,179
224,121,208,185
217,122,214,183
225,5,217,215
161,93,216,182
252,86,158,114
197,86,213,180
199,87,211,179
200,89,210,177
220,86,209,173
208,100,208,163
212,88,209,174
212,84,211,177
216,92,210,170
300,83,199,174
300,83,200,174
299,82,202,174
298,82,202,177
300,97,204,160
309,83,196,173
283,160,210,136
292,216,191,71
289,215,181,71
286,139,206,151
287,136,199,154
304,109,181,183
326,109,180,174
357,113,176,180
336,112,196,178
314,110,212,177
349,121,185,180
359,117,196,181
342,137,212,164
333,163,221,137
