283,227,142,118
286,225,143,125
288,229,140,132
283,228,144,129
282,226,145,129
285,228,141,128
288,230,142,129
282,229,144,133
285,232,145,130
284,232,145,131
283,232,144,131
280,231,146,134
280,232,149,136
277,233,151,136
277,232,153,138
277,234,151,136
259,228,153,132
274,223,144,124
278,222,141,127
281,215,137,121
284,226,142,130
274,237,150,141
279,235,146,137
295,232,138,130
291,227,139,120
289,223,139,111
286,222,139,115
279,224,142,118
279,226,143,115
285,227,142,123
285,227,142,120
286,228,140,118
286,228,140,120
282,232,140,127
278,229,143,123
279,227,142,125
279,223,143,130
279,229,145,125
280,230,145,128
281,230,142,128
280,233,144,130
279,233,146,130
281,234,142,129
280,235,145,129
281,233,141,129
279,233,144,130
276,233,148,130
274,234,144,129
276,234,143,128
276,233,142,128
274,234,146,130
272,235,146,132
272,235,147,132
272,235,147,131
269,235,150,131
268,235,146,131
273,238,149,132
271,240,150,132
272,238,148,133
271,237,147,132
274,238,147,131
274,237,146,132
275,232,145,120
274,226,139,100
275,226,141,95
274,222,147,93
272,229,147,80
267,226,147,77
267,230,145,72
268,229,148,70
272,227,146,61
271,229,148,57
273,226,147,63
277,229,144,63
275,229,147,68
271,232,149,78
267,234,153,95
269,234,150,91
283,233,144,87
290,231,146,87
291,230,144,89
291,232,142,86
295,233,140,84
311,232,135,91
310,229,138,92
312,231,134,93
314,229,135,95
312,231,134,92
310,230,139,91
304,226,138,88
284,230,146,84
271,229,153,80
272,231,155,79
269,232,156,85
272,231,156,88
287,228,144,105
289,227,143,102
291,224,141,98
295,225,137,102
295,225,137,102
296,223,138,106
300,222,132,118
303,224,128,125
310,220,120,135
315,218,115,139
321,218,110,142
334,218,101,145
363,222,78,154
373,223,66,156
374,226,66,154
379,225,62,150
375,223,68,158
372,227,73,152
376,226,70,150
376,224,69,152
375,227,71,148
374,227,80,146
374,228,102,126
376,244,122,95
383,244,123,87
364,251,132,77
366,251,130,77
363,251,131,79
366,259,127,67
382,267,95,61
387,266,89,61
374,268,97,60
365,272,114,59
362,268,131,67
374,267,136,65
385,265,138,76
393,267,143,79
399,269,139,81
395,270,140,88
390,274,141,87
371,273,140,80
374,268,118,76
368,275,120,68
367,277,125,65
365,283,122,62
365,280,139,67
389,267,145,76
404,264,145,80
397,264,142,76
388,261,145,73
386,257,145,80
380,246,140,91
388,240,125,100
390,243,119,95
384,253,124,79
384,256,134,69
387,256,137,77
385,255,131,78
389,236,128,88
401,224,133,90
413,213,134,82
408,212,140,78
407,219,132,71
403,214,124,79
402,220,124,76
402,221,136,75
407,222,138,69
412,226,139,63
329,27,208,157
307,40,214,153
230,13,233,175
182,1,222,177
192,1,215,170
201,1,220,158
207,1,229,155
245,1,222,165
234,1,216,191
215,1,215,201
203,1,217,202
191,1,221,190
172,1,232,195
167,1,222,199
159,1,235,243
141,22,201,245
419,225,122,122
455,184,111,126
447,154,114,128
451,157,112,126
436,181,118,96
390,225,131,70
351,263,147,65
344,287,143,45
331,293,150,43
325,287,147,56
313,289,152,35
319,283,151,39
225,266,226,65
258,272,202,86
251,272,223,94
253,267,232,110
252,247,226,144
261,235,215,147
263,241,212,142
256,202,197,176
245,173,207,176
247,156,227,185
265,138,221,200
259,163,224,183
238,174,235,183
236,173,231,193
230,174,243,177
246,178,241,120
221,172,246,130
194,76,247,213
165,31,234,263
175,48,238,255
174,60,233,246
201,73,243,247
224,81,242,244
220,77,242,243
208,62,246,246
234,69,244,252
263,85,235,252
253,98,243,248
271,69,239,235
263,65,246,206
367,110,148,71
363,107,150,72
359,126,151,71
356,147,135,85
327,202,132,72
308,157,135,122
325,131,139,141
335,126,140,141
341,132,141,128
321,163,136,117
316,171,134,111
345,168,116,106
353,163,130,114
363,153,132,108
361,175,126,97
342,231,139,98
326,290,142,95
326,319,144,83
331,332,144,83
335,330,146,93
335,332,147,92
334,306,150,94
330,313,156,97
329,329,154,97
328,323,149,98
326,320,155,99
326,324,152,92
322,301,154,88
324,309,154,91
331,333,150,96
330,331,153,97
329,333,152,96
329,336,154,93
329,334,154,96
331,333,151,98
331,332,153,98
214,11,429,446
220,10,445,450
213,10,455,447
216,8,453,447
212,4,458,455
218,5,447,443
209,4,451,453
212,5,453,454
223,6,440,448
238,1,450,444
345,282,150,84
348,252,151,96
346,218,159,116
353,177,154,136
349,165,158,136
342,164,161,133
361,155,161,139
382,154,155,127
388,149,156,133
394,147,155,136
397,153,153,139
389,182,144,117
373,247,140,73
363,263,136,101
347,293,137,96
347,319,134,84
351,321,135,91
348,319,139,93
336,315,159,90
340,316,138,94
347,293,139,95
360,297,144,90
342,312,145,82
343,290,143,102
312,284,153,114
310,258,142,143
305,254,133,149
304,261,133,142
304,259,126,142
303,259,132,144
303,258,130,143
302,255,140,148
304,236,153,171
344,309,152,112
391,250,144,151
428,224,113,156
435,240,151,140
474,242,155,109
461,198,152,124
346,285,166,82
309,320,152,107
306,331,159,95
313,330,158,97
313,333,153,96
311,331,160,99
313,331,159,97
315,334,157,96
314,333,154,94
314,341,158,89
316,327,150,102
310,326,159,103
310,325,160,107
314,324,160,104
312,324,160,106
311,322,153,107
312,323,153,106
312,326,151,102
314,324,150,104
314,322,154,108
309,325,152,100
319,326,150,101
333,328,136,97
332,326,136,104
333,328,140,102
310,324,157,100
313,309,156,103
314,248,153,101
324,321,168,108
327,312,165,103
329,311,163,91
325,313,163,90
320,311,166,91
322,313,161,93
319,310,166,87
332,285,160,102
331,295,162,94
331,312,165,92
330,312,164,104
331,317,164,96
332,316,160,94
328,317,166,94
326,314,166,102
327,314,165,101
328,316,160,101
330,310,162,92
329,306,166,96
333,305,160,92
340,313,160,90
331,307,166,84
331,315,166,90
329,311,168,87
335,304,160,82
340,296,153,77
332,295,162,78
325,306,164,110
326,306,156,109
313,285,154,114
297,240,144,139
308,222,144,149
308,222,139,148
311,226,143,140
328,276,159,110
326,274,158,116
324,280,156,114
322,296,157,105
317,294,158,105
313,295,163,103
320,303,160,108
324,299,168,103
328,302,160,95
322,304,160,95
325,303,163,97
324,296,167,106
329,304,164,85
341,293,164,77
333,293,162,85
319,300,158,84
319,306,161,88
314,312,164,96
317,320,160,92
313,316,165,94
310,307,166,83
306,315,160,106
305,307,165,85
307,321,164,109
308,321,163,113
308,321,164,113
307,320,164,106
313,319,163,108
