233,164,596,556
294,156,551,552
304,117,555,576
327,141,526,548
332,189,534,428
293,224,566,307
210,135,690,305
237,108,657,297
344,95,587,331
443,60,512,298
421,37,497,297
306,106,490,233
253,160,503,228
263,238,516,234
274,288,505,209
209,245,527,222
158,194,517,254
224,175,461,244
255,207,455,282
279,238,433,329
286,244,439,343
300,268,441,367
342,249,440,426
436,183,371,493
458,117,366,546
563,43,275,605
545,1,265,612
526,55,278,554
550,77,273,522
544,71,436,484
460,102,513,441
502,140,439,362
632,162,300,397
688,194,260,393
689,208,312,333
680,216,320,313
