369,244,430,304
333,228,440,298
344,222,451,294
334,226,440,276
310,219,471,275
321,209,469,266
350,195,441,257
376,202,458,255
361,208,463,262
299,217,478,256
290,206,472,261
299,209,475,260
306,213,477,264
321,225,461,262
326,213,452,266
326,206,446,262
311,195,425,259
342,178,394,236
365,180,406,253
379,179,391,243
381,173,388,246
381,164,387,241
414,178,336,245
447,195,310,235
477,185,325,256
484,183,302,259
499,164,253,272
458,168,240,282
480,192,221,266
489,218,224,259
463,243,258,251
455,224,273,263
446,226,301,264
444,214,338,274
427,226,367,275
420,260,374,248
404,260,377,244
358,271,373,242
292,267,391,227
290,303,387,233
285,322,361,203
308,320,339,199
320,308,398,247
316,321,396,247
331,303,318,254
280,273,327,288
281,292,306,251
291,244,338,283
312,251,332,315
340,274,310,301
379,221,339,330
365,211,352,328
335,183,328,366
295,195,328,390
245,193,331,415
208,210,312,436
198,210,362,421
288,233,315,394
325,217,311,402
340,216,304,435
339,255,305,392
332,262,307,420
295,257,319,430
283,242,328,438
307,229,343,444
313,206,371,423
327,223,387,422
322,192,407,426
314,211,415,389
255,224,454,379
248,218,464,348
266,199,486,370
277,156,493,302
302,132,486,369
309,139,483,369
316,132,482,380
317,147,477,364
287,137,492,367
282,154,486,372
284,166,470,366
219,181,514,374
215,187,485,374
225,165,475,376
233,154,480,380
