792,1,488,430
790,1,492,425
797,1,482,426
797,1,482,427
797,1,482,427
797,1,482,427
796,1,483,426
796,1,486,426
796,1,483,426
795,1,484,427
796,1,483,427
795,1,484,427
796,1,483,427
796,1,483,426
797,1,482,427
795,1,484,426
796,1,483,427
795,1,484,427
795,1,484,427
795,1,484,427
796,1,483,427
795,1,484,427
796,1,483,427
796,1,483,427
797,1,482,427
794,1,485,427
796,1,483,427
796,1,483,427
795,1,486,427
794,1,485,427
795,1,484,427
795,1,484,427
795,1,484,427
796,1,483,427
795,1,484,427
795,1,484,427
796,1,483,427
796,1,483,427
797,1,482,426
795,1,484,426
797,1,482,427
796,1,483,427
796,1,483,427
796,1,483,427
795,1,484,427
795,1,484,427
794,1,485,427
795,1,484,427
795,1,484,427
802,1,477,426
794,1,485,427
795,1,484,427
796,1,483,427
796,1,483,427
796,1,483,427
801,1,478,427
796,1,483,424
796,1,483,423
795,1,484,424
794,1,485,424
796,1,483,425
796,1,483,425
796,1,483,424
795,1,484,424
795,1,484,424
796,1,483,424
796,1,483,424
795,1,484,425
796,1,483,424
796,1,483,425
796,1,483,425
796,1,483,425
795,1,484,424
795,1,484,426
795,1,487,426
797,1,482,425
795,1,484,426
795,1,484,424
795,1,484,426
795,1,484,426
794,1,485,425
793,1,486,424
794,1,485,426
794,1,485,424
792,1,487,425
793,1,486,424
793,1,486,426
794,1,485,426
793,1,486,425
794,1,488,427
794,1,484,424
793,1,486,403
797,1,481,395
794,1,488,411
795,1,486,426
805,1,474,426
803,1,476,426
803,1,476,427
804,1,475,426
804,1,475,426
803,1,476,426
804,1,475,426
804,1,475,426
803,1,476,426
804,1,475,426
802,1,477,427
803,1,476,426
804,1,475,426
804,1,475,427
806,1,473,426
804,1,475,426
804,1,475,426
804,1,475,426
804,1,475,426
804,1,475,426
804,1,475,426
0,0,0,0
0,0,0,0
0,0,0,0
0,0,0,0
0,0,0,0
0,0,0,0
0,0,0,0
0,0,0,0
0,0,0,0
0,0,0,0
0,0,0,0
0,0,0,0
769,1,511,309
472,1,807,324
281,1,867,370
261,1,798,381
279,1,751,390
290,1,680,407
329,1,639,401
351,1,600,401
337,1,581,400
340,1,577,403
349,1,565,398
349,1,556,399
352,1,547,401
353,1,553,397
357,1,549,400
358,1,548,400
359,1,533,399
357,1,552,399
358,1,549,400
358,1,550,400
358,1,550,400
358,1,549,400
358,1,550,400
358,1,551,400
357,1,551,400
357,1,550,399
357,1,551,400
357,1,552,400
357,1,551,400
357,1,552,400
357,1,552,400
358,1,551,399
357,1,552,400
358,1,551,399
357,1,551,399
357,1,553,401
358,1,552,400
356,1,552,400
356,1,553,400
357,1,552,400
357,1,552,402
357,1,552,400
357,1,552,401
358,1,551,400
357,1,552,400
356,1,554,400
357,1,552,400
358,1,551,401
357,1,552,400
358,1,550,401
356,1,553,399
358,1,551,400
357,1,552,401
357,1,552,402
356,1,552,402
357,1,552,400
356,1,552,401
358,1,551,401
357,1,552,401
357,1,552,400
358,1,550,401
358,1,550,400
358,1,551,401
357,1,551,401
355,1,554,401
356,1,553,399
355,1,554,398
357,1,551,402
356,1,554,399
357,1,551,401
359,1,550,400
358,1,551,401
355,1,554,400
358,1,550,400
358,1,550,400
357,1,551,400
357,1,552,400
359,1,549,400
358,1,551,401
357,1,552,401
357,1,553,402
357,1,553,401
358,1,551,401
358,1,552,401
357,1,552,400
357,1,551,399
358,1,550,400
357,1,552,400
358,1,552,400
358,1,551,400
357,1,552,400
357,1,553,402
358,1,551,401
360,1,549,400
357,1,551,401
358,1,551,402
358,1,551,401
358,1,550,400
357,1,551,402
357,1,552,400
359,1,549,400
358,1,551,399
358,1,551,401
358,1,551,401
358,1,550,400
358,1,550,400
359,1,549,400
359,1,550,401
359,1,549,400
359,1,550,400
358,1,552,400
358,1,551,400
357,1,551,400
358,1,550,400
359,1,549,400
358,1,550,399
357,1,552,401
357,1,552,401
358,1,551,400
357,1,551,399
359,1,550,400
358,1,551,400
358,1,550,399
358,1,550,400
358,1,551,399
358,1,550,399
357,1,551,400
358,1,550,400
357,1,552,400
357,1,552,401
358,1,551,401
358,1,625,402
358,1,551,400
357,1,551,401
359,1,550,401
358,1,551,401
358,1,550,401
358,1,551,401
358,1,550,400
359,1,550,400
357,1,552,399
358,1,550,401
358,1,550,401
357,1,552,400
358,1,551,401
357,1,551,401
358,1,551,400
358,1,550,400
359,1,548,401
357,1,551,400
358,1,551,400
357,1,551,401
358,1,550,400
358,1,551,400
357,1,553,401
356,1,601,399
355,1,554,403
357,1,552,401
357,1,551,401
358,1,550,401
357,1,551,401
356,1,553,401
357,1,551,400
357,1,552,401
358,1,550,400
357,1,551,401
357,1,551,401
358,1,550,401
358,1,550,401
358,1,550,401
355,1,553,400
356,1,553,400
357,1,552,400
358,1,550,401
357,1,551,400
356,1,552,401
355,1,554,402
356,1,553,400
357,1,551,401
357,1,551,401
357,1,552,400
357,1,551,402
357,1,553,403
357,41,551,361
373,250,521,154
466,349,358,50
0,0,0,0
0,0,0,0
0,0,0,0
0,0,0,0
0,0,0,0
0,0,0,0
0,0,0,0
0,0,0,0
0,0,0,0
0,0,0,0
0,0,0,0
0,0,0,0
0,0,0,0
0,0,0,0
0,0,0,0
0,0,0,0
0,0,0,0
0,0,0,0
0,0,0,0
374,227,530,168
363,9,550,389
364,1,549,397
364,1,550,397
364,1,548,396
362,1,551,396
363,1,550,397
363,1,551,396
363,1,549,396
363,1,550,395
363,1,550,399
364,1,550,397
364,1,551,398
363,1,555,397
364,1,552,395
365,1,548,396
362,1,558,396
364,1,548,396
364,1,552,395
363,1,550,396
364,1,549,396
362,1,552,396
362,1,551,397
364,1,549,396
363,1,549,396
363,1,550,396
361,1,550,396
363,1,550,395
363,1,549,396
362,1,551,395
362,1,550,396
363,1,548,396
362,1,550,396
361,1,550,396
361,1,549,396
361,1,550,396
359,1,553,397
359,1,553,397
361,1,551,396
358,1,553,397
359,1,552,398
359,1,553,398
359,1,553,400
360,1,553,398
362,190,547,205
0,0,0,0
0,0,0,0
0,0,0,0
0,0,0,0
0,0,0,0
0,0,0,0
0,0,0,0
0,0,0,0
0,0,0,0
0,0,0,0
0,0,0,0
0,0,0,0
0,0,0,0
0,0,0,0
0,0,0,0
0,0,0,0
394,302,481,106
356,48,553,354
355,1,553,403
440,96,466,306
434,8,473,395
423,93,460,306
424,64,479,339
445,111,454,291
447,104,452,299
454,84,449,319
463,68,441,333
468,74,430,325
449,45,453,356
448,24,453,377
445,18,456,383
445,1,459,402
453,5,451,396
436,1,467,401
426,1,435,400
418,1,484,400
431,1,473,400
425,1,482,401
355,1,550,400
356,1,549,400
354,1,549,401
353,1,549,402
353,1,550,402
352,1,551,402
354,1,550,401
355,1,547,400
355,1,550,402
357,1,549,402
356,1,549,402
357,1,550,401
356,1,551,402
356,1,550,401
357,1,550,402
355,1,551,402
356,1,550,401
355,1,551,401
356,1,550,402
352,1,552,401
352,1,550,400
354,1,548,401
353,1,549,400
356,1,548,400
356,1,549,402
355,1,549,400
358,1,549,401
358,1,549,402
358,1,549,402
355,1,551,400
357,1,550,401
355,1,551,401
356,1,550,400
355,1,549,401
354,1,549,402
354,1,548,401
353,1,549,403
355,1,549,400
355,1,549,402
354,1,549,402
358,1,548,401
357,1,549,401
358,1,549,400
358,1,548,401
357,1,549,400
358,1,548,401
356,1,550,401
356,1,550,400
354,1,550,400
354,1,549,400
354,1,549,402
354,1,549,402
354,1,550,402
353,91,550,311
368,237,524,165
439,336,374,69
0,0,0,0
0,0,0,0
0,0,0,0
0,0,0,0
0,0,0,0
0,0,0,0
0,0,0,0
0,0,0,0
0,0,0,0
0,0,0,0
0,0,0,0
0,0,0,0
0,0,0,0
0,0,0,0
0,0,0,0
0,0,0,0
0,0,0,0
0,0,0,0
0,0,0,0
0,0,0,0
0,0,0,0
0,0,0,0
0,0,0,0
355,64,548,341
353,1,549,403
354,1,550,402
354,1,550,401
354,1,549,401
356,1,549,403
357,1,548,403
355,1,550,402
355,1,551,402
356,1,549,402
355,1,550,401
355,1,550,402
356,1,550,402
356,1,550,402
356,1,549,402
355,1,551,402
356,1,550,402
355,1,551,402
355,1,550,402
356,1,550,403
356,1,550,402
356,1,549,402
356,1,550,402
355,1,550,402
356,1,549,402
356,1,549,404
356,1,549,402
356,1,548,402
356,1,549,402
355,1,550,402
356,1,549,402
356,1,549,402
355,1,550,401
355,1,550,402
356,1,549,402
356,1,549,402
356,1,549,402
356,1,549,403
355,1,551,403
359,1,545,403
412,320,446,86
0,0,0,0
0,0,0,0
0,0,0,0
0,0,0,0
0,0,0,0
0,0,0,0
0,0,0,0
0,0,0,0
0,0,0,0
0,0,0,0
0,0,0,0
0,0,0,0
0,0,0,0
0,0,0,0
0,0,0,0
0,0,0,0
0,0,0,0
0,0,0,0
0,0,0,0
0,0,0,0
0,0,0,0
0,0,0,0
0,0,0,0
354,187,546,214
352,1,549,403
352,1,549,405
353,1,529,402
353,1,528,402
353,1,527,404
353,1,528,405
353,1,533,403
353,1,532,403
353,1,519,401
354,1,534,402
353,1,524,402
354,1,529,402
354,1,527,402
354,1,528,401
354,1,530,402
353,1,539,401
354,1,534,401
354,1,530,401
354,1,547,402
354,1,548,401
354,1,547,400
354,1,547,401
353,1,549,401
354,1,547,403
353,1,549,401
354,1,548,401
354,1,549,401
354,1,548,402
356,1,544,404
0,0,0,0
0,0,0,0
0,0,0,0
0,0,0,0
0,0,0,0
0,0,0,0
0,0,0,0
0,0,0,0
0,0,0,0
0,0,0,0
0,0,0,0
0,0,0,0
0,0,0,0
0,0,0,0
0,0,0,0
0,0,0,0
421,332,399,73
364,225,533,175
357,1,547,403
357,1,547,403
356,1,548,403
356,1,548,402
357,1,546,402
357,1,546,402
357,1,546,403
357,1,546,402
357,1,547,403
358,1,547,402
359,1,545,404
357,1,547,402
358,1,548,403
357,1,547,401
358,1,546,404
357,1,547,404
357,1,548,403
357,1,548,404
357,1,548,405
357,1,547,401
358,1,547,403
357,1,548,404
358,1,546,403
358,4,547,395
358,1,546,401
358,1,546,401
357,1,548,402
358,1,547,402
357,1,548,403
357,1,547,403
357,1,548,404
358,1,547,403
358,1,546,400
358,1,547,403
358,1,547,402
358,1,547,400
356,1,548,403
357,1,548,400
357,1,548,402
358,1,547,401
357,1,549,402
357,1,548,402
357,1,548,402
358,1,547,403
358,1,547,403
356,1,549,405
358,1,546,403
357,1,548,403
357,1,549,403
357,1,547,402
357,1,549,666
357,1,548,403
356,1,503,402
356,1,562,402
356,1,571,402
357,1,548,403
356,1,550,402
356,1,551,402
396,353,455,51
0,0,0,0
0,0,0,0
0,0,0,0
0,0,0,0
0,0,0,0
0,0,0,0
0,0,0,0
0,0,0,0
0,0,0,0
0,0,0,0
0,0,0,0
0,0,0,0
0,0,0,0
0,0,0,0
0,0,0,0
0,0,0,0
0,0,0,0
0,0,0,0
0,0,0,0
0,0,0,0
0,0,0,0
0,0,0,0
0,0,0,0
0,0,0,0
0,0,0,0
0,0,0,0
0,0,0,0
0,0,0,0
0,0,0,0
0,0,0,0
0,0,0,0
0,0,0,0
0,0,0,0
0,0,0,0
0,0,0,0
0,0,0,0
0,0,0,0
0,0,0,0
0,0,0,0
0,0,0,0
0,0,0,0
0,0,0,0
0,0,0,0
0,0,0,0
0,0,0,0
0,0,0,0
0,0,0,0
0,0,0,0
0,0,0,0
0,0,0,0
0,0,0,0
0,0,0,0
0,0,0,0
0,0,0,0
0,0,0,0
0,0,0,0
0,0,0,0
0,0,0,0
0,0,0,0
0,0,0,0
0,0,0,0
0,0,0,0
0,0,0,0
0,0,0,0
0,0,0,0
0,0,0,0
0,0,0,0
0,0,0,0
0,0,0,0
0,0,0,0
441,370,382,49
401,322,445,85
372,262,512,137
355,164,546,238
351,47,553,355
352,1,552,401
352,1,552,403
352,1,551,400
