687,267,283,288
686,268,281,288
688,270,281,285
686,269,282,287
686,270,283,284
687,270,281,286
686,271,280,282
685,272,279,284
684,270,280,285
682,274,277,281
680,274,275,281
677,276,275,281
674,277,275,280
672,280,273,279
670,281,272,277
671,281,272,277
670,282,273,277
670,280,272,279
670,281,272,280
671,279,270,280
669,281,273,279
671,279,272,281
669,281,273,280
671,277,270,283
667,280,278,280
670,281,271,277
670,282,271,277
670,277,274,285
670,278,274,283
669,278,275,282
668,278,275,284
669,279,272,280
669,279,274,281
667,280,275,278
667,279,274,281
670,281,271,279
670,281,272,278
669,281,272,279
668,280,274,278
670,281,271,277
669,280,272,278
669,281,272,278
668,280,271,280
663,284,269,276
662,287,266,275
658,288,264,274
652,289,264,276
650,294,259,271
647,298,259,269
642,301,257,269
638,301,253,269
633,306,252,263
629,310,251,260
623,313,249,262
619,316,246,258
615,320,242,255
612,322,240,253
608,324,237,254
603,326,236,252
598,331,233,249
593,333,233,248
588,335,230,249
582,337,230,248
581,340,225,246
579,343,225,245
579,344,222,243
581,343,220,242
582,342,220,245
580,344,224,243
581,344,222,243
581,344,220,240
580,342,222,242
583,343,220,241
579,345,220,241
575,347,216,240
573,350,215,238
567,353,215,237
565,355,211,235
562,357,208,234
559,360,207,233
559,360,202,234
553,365,200,229
548,367,199,228
544,372,200,223
543,374,195,222
540,377,193,219
537,378,192,219
535,381,189,216
533,384,186,215
531,385,184,214
529,386,182,213
526,389,181,208
526,390,177,209
524,392,176,207
521,394,175,204
519,396,173,203
522,397,167,201
519,399,167,200
518,401,165,198
518,401,164,199
517,401,167,197
516,401,167,199
517,402,167,198
516,402,166,197
517,401,165,198
515,401,168,199
517,401,165,199
517,400,166,201
517,401,165,199
515,401,167,198
516,401,167,200
516,401,167,200
516,401,166,199
516,401,167,199
516,402,167,199
516,402,167,199
516,401,167,200
516,401,167,200
516,401,166,197
518,400,165,200
518,401,164,198
516,400,167,200
516,401,166,199
517,401,165,198
515,401,168,200
518,401,165,199
517,401,165,198
517,401,166,199
516,401,167,200
516,401,166,199
516,401,167,200
517,401,166,198
519,401,163,199
517,401,165,199
517,401,166,199
515,402,168,199
515,401,168,200
516,400,167,200
515,402,167,197
515,400,168,199
517,402,165,197
517,400,166,200
516,401,168,198
516,401,167,198
515,402,168,199
515,401,168,199
515,402,168,198
515,402,168,199
516,401,167,199
518,402,165,197
517,401,165,199
517,401,166,199
520,401,163,198
516,402,166,198
518,401,164,198
517,401,166,199
516,402,166,197
517,400,166,199
516,402,167,198
517,401,165,200
516,401,166,200
517,401,165,200
516,401,167,200
516,401,167,200
516,401,165,200
516,400,167,202
516,401,167,200
516,401,167,200
516,401,167,200
516,401,166,199
516,402,167,198
516,401,166,199
515,401,167,199
516,401,166,200
515,401,167,200
515,401,167,200
516,402,166,199
518,400,165,201
517,401,166,199
517,401,166,201
