503,230,662,447
545,228,611,425
578,226,563,403
601,230,526,379
623,237,499,358
639,244,488,337
658,254,486,321
684,264,478,304
704,271,457,297
711,281,421,278
710,286,397,267
708,286,381,256
708,288,371,243
721,288,347,236
741,292,331,226
768,294,320,218
799,303,314,207
826,309,311,201
854,316,309,193
876,320,300,189
897,326,286,181
911,325,277,178
923,326,265,172
927,328,259,165
932,326,243,164
926,329,231,155
915,331,211,150
899,334,191,144
879,336,177,141
864,339,165,137
848,345,165,132
831,350,168,129
813,353,172,121
797,352,172,119
781,352,177,116
768,351,175,115
756,350,178,110
756,348,168,111
749,344,171,112
773,348,141,102
814,348,85,75
696,345,195,102
684,346,164,104
673,344,191,106
659,343,197,108
656,340,194,109
646,341,187,103
645,340,176,107
694,343,109,73
614,341,181,79
652,343,110,66
591,346,191,103
591,349,177,105
587,348,196,112
565,344,202,116
560,347,184,117
554,346,191,114
554,342,203,122
565,340,197,122
589,339,166,123
628,335,156,128
661,333,151,135
681,331,165,137
697,334,174,143
708,335,172,146
704,334,165,149
684,334,189,154
660,332,207,157
639,332,224,160
618,332,239,166
585,335,266,165
553,334,292,167
523,333,305,164
511,335,293,161
477,333,313,160
509,335,260,160
489,336,268,159
539,337,194,140
459,336,223,94
477,339,239,91
475,336,220,116
535,336,132,105
387,338,263,151
375,338,269,158
357,342,265,155
344,347,265,156
327,348,298,156
313,348,316,157
300,350,318,160
284,353,324,161
277,353,327,167
263,349,328,173
261,348,326,179
256,346,322,186
252,341,323,197
248,339,323,205
227,329,338,218
191,325,362,226
228,322,304,232
