521,156,349,206
731,183,195,245
753,157,167,267
763,163,157,264
594,9,186,350
584,146,317,302
573,251,310,242
575,400,307,171
519,573,302,95
474,548,241,165
395,312,133,340
367,272,187,124
801,294,120,160
900,221,85,183
960,306,59,116
972,314,29,122
909,322,103,124
878,318,149,115
902,314,119,107
888,315,133,105
341,217,220,288
243,184,332,313
477,173,84,318
457,184,114,311
463,180,104,315
469,191,101,313
359,305,303,370
365,344,238,361
462,259,202,434
429,249,197,347
514,245,129,339
843,301,231,123
848,316,222,141
861,319,208,152
846,339,219,128
825,339,238,130
818,342,244,103
822,356,236,78
841,343,203,104
928,357,82,98
935,391,112,148
927,448,153,162
