611,105,554,428
609,103,551,423
611,103,549,423
610,103,549,420
609,104,548,420
609,105,550,419
609,104,551,418
608,104,550,415
608,101,551,419
607,100,552,420
606,101,552,420
607,98,551,418
608,98,552,422
607,97,553,422
606,98,551,424
606,97,554,423
628,94,530,430
608,96,549,422
605,94,551,421
606,95,551,419
604,92,554,424
603,94,555,418
636,94,517,390
636,93,518,417
602,93,548,421
602,91,550,427
601,93,553,291
855,95,301,183
0,0,0,0
0,0,0,0
0,0,0,0
0,0,0,0
0,0,0,0
825,221,212,294
774,377,249,141
762,346,205,167
769,353,236,163
607,222,442,293
602,147,501,365
599,112,522,400
607,127,507,387
624,150,492,359
664,87,452,427
582,101,541,379
