177,106,42,23
186,65,39,41
197,50,33,41
195,51,41,39
198,58,42,32
198,53,41,37
196,53,42,36
200,56,43,35
201,52,29,36
166,67,24,25
0,0,0,0
0,0,0,0
208,107,41,32
143,111,31,66
111,97,35,68
136,120,52,54
178,125,51,16
191,77,48,31
201,60,37,32
200,58,42,31
202,65,43,27
200,64,46,24
201,60,44,28
205,59,37,28
200,57,27,31
166,69,22,22
0,0,0,0
0,0,0,0
195,120,61,43
142,100,35,82
147,117,43,56
173,70,32,44
119,20,59,47
109,25,71,41
186,103,50,44
135,112,50,62
111,97,46,64
126,122,23,21
128,127,60,43
130,130,65,39
124,127,66,46
121,135,48,47
118,136,44,56
117,137,38,65
115,139,38,55
120,143,36,58
119,134,42,60
122,143,37,49
114,144,36,52
109,143,29,52
106,138,21,56
100,137,22,61
96,139,19,55
92,141,18,56
87,146,19,57
83,152,16,58
80,162,13,56
76,163,15,60
77,164,13,61
78,163,15,64
81,163,14,64
83,162,13,66
82,163,12,65
79,163,16,65
78,161,13,64
76,159,15,69
76,155,19,63
77,151,19,62
79,145,23,62
83,141,25,61
83,138,32,56
90,135,32,58
101,132,37,45
102,107,72,26
118,69,60,41
120,28,43,67
123,1,22,73
118,1,16,58
121,1,18,41
128,1,17,46
141,1,14,41
152,1,15,50
158,1,15,50
158,1,16,50
157,1,14,50
157,1,14,50
156,1,14,50
156,1,16,51
158,1,15,53
157,1,16,53
157,1,17,52
159,1,15,55
159,1,14,51
161,1,15,51
163,1,16,54
166,1,15,53
168,1,16,53
168,1,17,56
169,1,18,55
171,1,18,52
167,1,33,42
0,0,0,0
0,0,0,0
135,136,36,26
153,122,41,21
154,119,55,19
158,134,51,27
143,141,49,45
128,127,42,69
135,119,25,76
157,124,24,75
190,131,24,72
221,123,19,87
236,141,19,73
