363,233,107,247
363,228,108,250
362,235,110,244
361,230,106,249
364,235,108,244
365,234,108,245
365,237,106,241
365,232,105,247
363,233,107,245
363,230,107,249
365,222,108,256
368,225,106,253
369,237,110,241
372,241,109,237
370,245,108,233
368,234,108,245
367,242,105,237
371,240,106,238
370,241,106,238
369,240,105,239
368,245,107,234
370,247,105,232
372,244,109,235
373,247,109,232
369,246,109,233
367,241,109,239
363,243,114,237
362,240,112,240
359,247,117,233
360,257,111,223
359,257,111,222
359,265,110,214
332,251,147,228
314,184,169,296
309,164,166,311
309,173,153,303
314,158,165,321
323,165,185,315
314,168,200,312
263,151,263,328
247,150,300,330
245,132,310,347
245,139,316,341
235,138,337,342
234,129,340,351
236,125,339,355
236,130,342,350
236,129,342,350
237,130,340,350
233,126,339,354
227,127,342,353
227,121,341,359
230,121,340,359
232,121,342,357
233,116,339,364
237,121,333,359
238,120,332,360
240,121,332,359
242,117,326,363
241,112,326,368
240,110,327,370
239,115,327,364
233,121,324,357
247,152,247,327
269,197,244,283
277,185,237,295
279,191,218,289
280,238,214,242
299,270,245,210
292,161,205,319
303,375,162,105
301,281,131,199
285,333,142,147
290,440,143,40
286,285,71,195
282,280,228,200
286,246,210,234
275,200,222,278
272,211,222,269
271,231,218,249
275,227,218,253
280,214,240,266
281,151,218,329
283,148,203,332
276,219,211,261
277,230,202,250
283,226,194,254
282,208,195,272
285,214,193,266
286,209,192,271
285,213,190,267
280,214,193,266
274,217,194,263
240,217,207,263
142,129,169,351
34,218,280,212
102,204,365,143
493,80,123,355
532,143,264,336
574,220,210,260
537,192,137,288
209,153,429,327
336,118,115,333
368,174,89,301
408,174,90,309
280,142,228,337
303,172,194,307
320,288,151,192
323,279,151,200
318,282,143,197
316,295,140,184
322,321,142,158
333,192,147,285
236,243,237,236
207,306,275,174
212,337,263,143
212,355,237,125
249,192,194,288
248,88,201,392
240,126,231,354
255,124,234,356
256,184,225,296
221,275,250,205
215,284,256,195
210,294,262,185
223,297,276,182
251,287,253,191
253,266,248,213
249,266,255,212
243,278,255,202
220,295,278,184
226,276,272,202
236,254,259,225
238,249,254,230
246,242,247,236
243,235,248,244
239,229,250,249
235,221,261,256
258,212,223,266
259,196,228,284
257,162,226,318
258,216,228,261
270,238,208,240
274,240,205,240
269,252,203,228
269,246,189,234
268,257,198,223
278,263,196,217
279,284,202,196
277,268,202,212
277,278,197,202
274,287,210,192
274,288,216,191
260,277,230,201
247,275,234,203
258,303,215,176
263,250,217,229
265,260,206,220
269,256,200,224
268,255,205,225
260,165,218,315
254,214,224,265
257,261,218,218
257,252,217,227
254,252,222,225
245,186,225,293
248,153,213,324
255,172,202,306
252,161,207,318
253,146,203,334
258,138,192,339
261,209,180,271
265,239,180,240
267,236,180,243
268,229,184,250
272,224,178,254
268,204,179,275
267,167,181,310
275,182,174,297
280,217,169,263
278,217,171,261
278,204,171,275
271,148,174,331
270,128,171,352
268,131,173,349
272,137,172,343
274,132,168,348
285,208,157,272
284,224,157,256
284,220,155,260
285,215,158,264
285,191,158,287
287,240,159,238
0,0,0,0
0,0,0,0
0,0,0,0
0,0,0,0
0,0,0,0
0,0,0,0
0,0,0,0
0,0,0,0
0,0,0,0
0,0,0,0
0,0,0,0
0,0,0,0
415,432,20,48
333,333,135,147
262,230,370,250
228,279,536,201
262,289,444,191
285,220,307,260
291,176,234,304
295,199,200,281
295,267,184,213
286,279,188,201
290,275,185,205
296,299,184,180
293,287,178,193
298,254,171,226
302,236,169,244
306,238,164,242
312,242,159,238
313,240,160,240
311,257,162,223
305,255,162,225
302,271,160,209
298,275,167,205
299,272,169,208
308,244,129,235
304,232,136,247
300,252,129,225
305,257,117,222
300,251,130,228
303,208,139,270
319,242,118,237
323,264,121,215
323,242,122,238
325,215,115,264
324,225,114,253
322,253,116,224
