343,220,115,31
0,0,0,0
413,164,61,38
446,172,29,24
439,173,33,22
372,202,53,47
321,198,61,49
283,190,82,44
278,186,77,45
269,204,71,36
306,197,47,32
322,136,39,34
335,145,78,48
343,174,82,29
362,123,67,59
429,122,32,38
424,194,37,55
0,0,0,0
0,0,0,0
292,170,59,82
286,174,50,90
272,198,37,74
0,0,0,0
0,0,0,0
0,0,0,0
316,225,52,30
308,210,75,28
342,122,54,41
321,77,87,66
322,78,71,30
316,48,72,63
309,57,40,82
316,181,35,50
415,263,53,70
450,107,26,29
496,164,77,32
489,132,75,42
455,115,33,32
453,133,30,34
479,152,40,67
509,124,48,44
490,142,37,45
423,146,34,27
380,152,31,21
289,164,23,48
253,209,24,30
328,260,22,30
314,214,78,30
325,118,46,47
250,104,84,17
303,209,91,23
225,95,96,53
394,95,38,70
419,75,34,92
427,144,29,37
485,219,66,36
490,133,75,39
466,123,95,39
412,122,33,25
339,141,31,31
336,202,21,31
343,235,26,29
496,173,54,39
459,148,50,26
478,168,97,28
413,203,50,46
382,255,78,39
174,68,44,81
155,211,44,34
264,241,38,85
302,253,25,63
295,233,36,26
