238,217,83,43
279,190,79,26
325,111,61,69
372,162,29,34
395,186,40,58
396,190,70,35
0,0,0,0
0,0,0,0
0,0,0,0
0,0,0,0
230,148,66,25
0,0,0,0
78,302,98,26
0,0,0,0
0,0,0,0
1,141,88,21
1,151,92,21
1,106,74,31
0,0,0,0
21,240,95,55
229,285,37,75
354,222,85,48
397,175,85,35
383,178,50,88
334,168,96,24
435,152,68,70
417,157,78,74
385,135,57,82
349,111,58,86
320,102,67,85
283,135,101,117
144,279,214,77
75,173,138,145
0,0,0,0
136,127,165,89
133,137,173,78
140,101,144,147
132,46,265,108
0,0,0,0
280,246,172,116
315,253,199,79
246,143,318,148
247,109,336,183
0,0,0,0
314,81,106,153
341,154,74,95
320,181,43,79
302,255,32,45
268,287,48,56
194,289,155,100
0,0,0,0
322,261,41,60
154,110,39,52
188,30,159,176
308,241,30,76
379,236,61,81
402,125,41,33
322,53,121,227
0,0,0,0
223,184,68,21
242,206,45,19
256,186,31,20
