148,113,128,49
147,117,131,42
149,120,126,38
150,115,127,45
146,109,127,49
148,110,124,52
148,115,125,44
148,121,127,37
145,118,128,37
147,115,127,42
140,112,135,46
142,115,132,41
146,113,130,50
146,120,126,33
144,119,130,39
142,119,134,39
145,122,131,35
141,118,136,40
148,117,126,40
148,117,124,42
143,124,129,37
146,123,128,36
146,123,126,35
143,124,130,33
144,118,130,40
146,116,124,44
141,122,130,37
145,121,129,34
145,121,127,35
146,119,126,39
146,120,131,36
145,117,126,39
147,110,126,45
144,110,127,48
146,113,126,42
146,113,124,42
143,115,127,36
144,120,127,32
145,112,126,39
142,111,130,43
140,114,130,39
142,112,129,38
144,115,127,38
147,116,123,35
145,114,128,41
145,117,125,37
145,114,128,35
142,117,130,35
143,114,128,37
143,118,129,34
143,116,127,37
142,119,130,34
143,118,127,37
145,117,127,37
146,117,127,36
146,118,126,34
143,114,128,39
145,115,126,39
144,113,126,41
144,111,123,41
140,117,128,41
142,117,126,35
145,114,124,39
148,118,121,33
141,114,128,38
146,114,123,36
143,114,127,35
145,114,126,36
141,113,129,40
142,113,129,37
146,113,125,37
147,113,123,34
142,113,130,38
146,113,124,36
146,109,124,43
146,105,125,48
143,101,128,54
145,101,126,53
145,102,124,51
143,110,128,38
145,116,125,30
145,112,126,38
146,114,125,33
147,112,124,34
146,112,126,37
143,113,128,36
144,112,127,36
146,111,124,35
144,110,128,38
146,111,125,38
144,112,128,36
146,111,126,33
148,111,125,35
146,109,127,36
146,111,126,35
146,110,128,36
146,111,126,34
145,110,128,33
145,108,127,36
144,106,129,36
143,105,129,37
145,104,126,38
142,104,129,38
145,102,129,41
143,105,131,38
145,104,128,38
144,104,130,37
144,104,130,37
146,101,128,37
146,102,127,36
148,102,127,35
145,100,132,37
148,102,129,36
145,102,131,38
146,103,128,40
145,101,129,42
146,100,129,42
145,100,131,42
145,101,129,40
147,102,127,39
146,101,127,42
143,100,129,39
145,100,125,36
143,98,128,40
140,100,130,39
138,98,130,40
137,96,130,39
137,97,130,39
135,94,130,41
134,93,129,41
135,91,125,41
129,91,128,40
127,90,129,40
126,88,128,40
120,89,131,38
126,89,131,38
137,88,130,39
151,87,133,40
158,86,132,42
157,87,134,43
158,87,131,45
158,85,134,45
156,86,132,45
156,87,134,43
157,86,130,40
158,87,130,42
159,87,128,43
160,88,127,39
158,87,128,41
158,88,130,41
157,85,132,44
158,86,131,42
157,86,131,40
158,86,129,41
157,87,130,40
158,87,131,41
159,86,130,42
160,86,128,41
157,86,130,43
157,87,131,38
158,87,130,41
157,87,132,43
156,87,132,41
157,86,131,43
158,87,130,42
157,88,130,40
159,87,128,40
157,87,130,40
158,85,129,42
160,84,125,45
158,87,129,39
157,86,130,40
157,87,130,42
157,85,128,42
157,81,128,46
156,84,129,40
157,85,129,40
157,84,128,39
156,84,129,40
156,83,129,42
156,84,129,40
154,84,132,40
154,81,129,41
154,83,130,38
154,82,131,39
153,82,130,37
153,83,128,39
151,82,131,40
153,81,126,42
152,79,128,40
151,79,128,41
152,81,127,40
152,79,126,44
150,80,128,40
150,80,127,42
149,74,132,48
145,73,133,45
143,70,132,48
146,71,129,48
145,71,131,48
139,73,137,50
144,72,133,52
147,76,132,50
148,85,132,40
146,86,135,41
145,87,137,38
146,90,135,34
147,87,132,43
147,88,130,43
146,88,132,41
145,89,132,41
143,88,134,40
143,87,134,43
143,88,133,41
144,88,131,41
143,87,131,42
145,87,131,42
141,87,132,41
141,86,134,42
142,85,131,44
141,83,133,41
140,81,132,46
141,79,132,45
143,76,128,48
140,77,132,45
142,79,131,44
142,81,132,44
141,83,132,41
140,85,134,40
140,86,134,36
143,85,128,36
143,84,130,38
143,84,129,40
143,84,131,41
140,84,135,40
143,85,131,39
143,84,132,40
141,85,137,39
142,85,133,37
140,85,136,42
138,85,137,40
140,84,134,39
139,85,134,41
138,85,134,39
140,85,132,39
137,86,132,38
136,84,133,39
138,85,132,40
135,86,134,39
138,85,130,40
138,84,130,40
136,84,134,42
136,84,132,41
135,85,133,41
137,87,128,36
136,85,131,39
135,85,132,40
136,85,132,41
136,84,132,40
135,85,133,39
136,84,131,40
136,85,132,38
135,86,133,39
137,87,130,40
135,86,130,38
138,86,129,39
137,87,129,35
137,88,130,36
138,88,128,37
137,87,130,38
136,87,129,40
136,86,132,41
137,88,130,41
135,86,132,40
139,88,130,39
137,88,128,34
135,87,136,41
137,86,133,44
136,87,134,35
137,87,135,38
140,83,132,41
142,84,129,39
143,83,128,39
140,81,130,41
142,83,130,40
144,80,129,42
144,81,130,40
145,80,129,37
145,80,131,36
146,80,129,39
147,79,129,38
146,79,131,39
148,79,130,39
145,78,135,37
149,78,130,37
150,77,129,41
150,76,129,40
148,77,127,41
152,76,121,42
151,77,123,39
151,75,128,42
149,77,132,40
152,76,131,39
152,77,132,36
154,75,130,42
154,76,132,41
154,76,132,39
155,76,131,39
154,75,132,41
155,77,130,40
157,76,130,39
157,78,130,38
157,78,130,39
156,79,126,42
154,81,130,39
156,83,129,39
153,84,132,40
154,84,129,38
153,87,129,39
151,87,132,37
151,87,131,39
151,87,131,42
150,89,132,39
151,86,129,40
150,89,131,37
152,89,127,37
150,87,129,38
148,88,129,41
147,87,130,42
149,80,129,49
148,84,132,42
147,86,133,40
147,85,132,41
147,85,132,41
147,84,130,40
148,84,132,42
148,85,131,40
146,84,133,42
148,85,129,39
148,86,131,41
148,84,130,42
147,86,132,40
148,85,130,39
146,83,132,40
147,85,129,41
149,85,130,42
146,85,133,42
148,85,131,42
150,85,127,41
146,86,133,40
147,85,132,41
148,85,131,41
149,85,130,39
150,87,127,39
147,87,132,38
149,86,130,41
149,85,131,41
151,84,130,39
150,86,131,40
148,85,134,42
