759,236,216,482
756,234,208,485
768,231,183,489
764,223,172,475
746,217,186,460
713,220,199,453
710,218,177,447
710,213,157,400
697,212,144,393
690,216,146,399
685,221,150,420
688,211,147,458
675,192,173,481
644,182,214,538
613,180,246,539
621,185,221,534
611,181,210,538
592,183,211,529
584,189,207,530
583,197,206,508
588,198,188,488
599,200,178,446
597,207,164,442
605,216,140,321
583,221,161,460
565,213,176,483
527,208,205,512
480,198,249,521
478,190,247,528
485,197,232,523
494,195,215,525
497,195,210,523
505,192,202,527
482,190,229,527
451,178,266,540
436,161,260,558
445,160,245,559
447,162,238,557
463,167,221,552
489,171,202,548
498,174,203,545
510,179,204,540
523,180,205,539
527,182,206,525
534,185,199,530
533,182,184,521
536,182,161,529
529,187,162,515
540,188,150,506
544,189,148,500
544,192,162,497
550,190,173,494
557,188,182,502
561,189,186,484
562,190,195,471
558,190,192,460
561,194,163,466
557,200,146,465
559,197,120,445
547,258,96,454
626,203,24,50
593,206,106,403
573,211,123,390
595,211,128,351
607,210,139,351
637,213,133,351
671,219,122,341
688,215,115,314
699,214,114,318
702,214,111,307
716,219,109,309
725,218,114,317
753,221,90,204
780,205,143,365
796,202,153,357
800,209,153,366
811,205,138,372
824,206,111,361
833,206,123,330
834,212,124,330
810,213,129,336
806,214,121,304
806,219,117,297
790,221,117,295
781,226,102,288
769,225,82,281
746,228,92,270
725,227,99,272
714,229,91,267
697,231,97,262
