314,182,121,99
305,198,117,91
271,187,122,81
273,198,121,81
280,206,116,81
275,213,123,83
273,226,130,83
281,237,126,82
278,246,130,82
284,255,128,83
284,267,131,81
288,279,131,81
292,291,130,79
300,302,128,75
301,306,130,82
305,315,130,83
307,324,133,85
311,336,131,81
314,347,133,84
319,354,136,86
320,358,134,90
322,369,138,91
324,380,134,88
323,391,139,91
325,405,139,91
321,414,142,99
316,428,142,98
313,442,142,97
305,457,146,99
303,473,143,98
290,489,146,103
280,506,151,107
271,520,151,108
259,536,154,109
249,554,153,108
236,568,158,103
220,585,156,87
211,600,156,71
212,612,153,58
212,621,135,49
217,636,122,35
223,643,109,29
243,656,71,15
