433,121,89,49
435,118,87,51
436,118,90,50
438,115,96,51
439,113,103,55
441,112,106,57
442,111,106,57
445,108,97,57
446,112,92,54
444,117,90,49
442,116,91,55
439,117,90,52
439,121,89,49
438,120,90,51
438,119,88,51
439,121,87,49
439,121,88,50
439,121,89,53
438,123,88,54
434,126,90,54
431,130,92,54
429,130,92,58
432,132,85,59
434,126,81,58
439,125,77,52
443,120,79,52
446,97,80,72
448,96,85,73
447,108,91,59
450,107,86,57
451,101,79,64
448,98,85,65
446,97,97,68
443,93,109,73
444,92,108,76
445,92,105,74
445,85,101,81
446,76,98,90
447,96,98,72
448,112,96,57
446,120,99,50
444,120,95,50
