624,168,27,20
614,161,28,22
618,162,27,19
620,159,31,21
621,161,28,19
623,166,29,21
629,173,28,19
633,174,27,18
636,174,26,18
637,172,28,19
640,171,28,19
640,171,29,19
640,172,31,17
648,171,30,18
647,171,28,21
645,170,30,19
644,167,29,19
645,165,28,19
645,165,28,19
644,167,29,19
642,169,29,20
637,170,29,19
636,171,31,18
635,171,32,19
637,174,29,19
633,174,29,18
635,175,29,19
637,174,29,18
643,174,27,19
644,174,28,19
640,172,29,19
644,174,29,20
647,174,28,19
644,173,29,17
643,172,28,21
639,173,27,20
643,174,27,19
640,176,29,19
640,179,29,21
636,183,31,19
635,188,29,18
629,200,31,19
633,210,29,21
619,229,28,18
615,248,29,21
610,261,30,20
603,258,28,19
604,262,27,18
602,257,28,17
603,252,29,19
604,248,28,18
606,241,29,18
607,240,28,20
604,237,27,20
603,237,29,19
603,233,26,19
600,229,27,20
604,232,26,19
605,228,26,20
607,228,29,21
607,227,29,21
611,229,30,20
602,236,25,16
554,227,27,17
558,223,26,19
556,224,26,17
554,223,28,18
0,0,0,0
555,227,23,18
0,0,0,0
0,0,0,0
640,570,4,3
0,0,0,0
0,0,0,0
0,0,0,0
0,0,0,0
0,0,0,0
0,0,0,0
0,0,0,0
0,0,0,0
0,0,0,0
0,0,0,0
0,0,0,0
0,0,0,0
0,0,0,0
0,0,0,0
0,0,0,0
0,0,0,0
0,0,0,0
0,0,0,0
0,0,0,0
0,0,0,0
0,0,0,0
0,0,0,0
0,0,0,0
0,0,0,0
0,0,0,0
0,0,0,0
0,0,0,0
388,176,24,21
385,187,25,19
385,193,22,21
387,199,24,22
385,201,25,23
383,202,23,20
390,199,24,19
391,191,25,21
397,190,25,20
401,185,25,20
407,185,25,21
417,186,25,21
423,187,27,22
427,184,23,21
423,183,25,21
422,182,24,19
420,183,28,22
418,181,26,24
421,184,25,21
419,184,25,22
420,182,24,21
424,185,22,22
423,184,26,21
425,185,26,21
420,185,28,21
418,182,25,21
415,183,27,23
415,184,24,21
412,182,25,22
413,184,25,20
411,185,23,22
407,187,23,22
409,189,23,21
405,188,25,21
405,194,25,19
407,191,23,20
410,196,23,19
407,198,24,23
407,199,25,24
405,202,27,21
401,209,24,20
399,219,24,22
399,232,24,19
391,236,25,20
385,239,23,20
377,236,23,20
379,244,25,20
385,244,21,19
386,241,24,20
385,243,25,21
386,240,24,20
388,241,25,20
387,242,23,19
382,244,22,20
379,250,25,19
380,248,22,20
382,248,21,18
382,239,24,22
383,233,23,21
385,231,25,21
384,225,22,20
389,221,23,22
389,217,21,19
379,219,24,21
366,214,22,21
368,218,26,20
371,217,25,17
373,214,23,18
373,213,25,22
375,216,25,19
381,214,24,21
388,216,22,19
390,214,24,20
394,214,26,21
396,212,25,20
403,211,22,21
395,215,25,20
389,215,23,20
391,214,23,21
394,217,24,19
386,216,24,19
389,217,22,19
389,214,23,20
393,213,25,20
392,215,23,20
391,214,24,20
394,215,24,20
390,213,22,20
392,215,22,18
384,211,26,20
383,213,23,18
381,211,22,19
385,212,23,20
384,210,20,20
388,210,21,18
389,210,22,18
388,209,24,21
391,209,23,19
385,210,25,21
390,212,20,19
387,209,23,21
395,210,21,19
393,208,24,20
387,208,25,22
391,209,23,21
390,209,24,22
391,213,23,18
387,211,24,19
387,212,23,20
388,213,23,20
391,213,23,20
390,210,25,22
390,214,26,21
388,216,23,19
390,216,22,19
391,213,25,21
389,216,25,20
391,217,23,20
391,216,24,22
393,216,22,20
392,217,24,20
395,216,24,20
395,216,25,22
395,218,27,22
396,217,25,21
396,218,24,20
395,219,23,20
395,217,24,19
391,215,22,19
392,219,26,20
393,219,24,20
397,221,25,20
395,218,26,21
405,218,25,22
411,210,25,20
416,205,24,21
416,206,25,20
413,209,23,19
411,209,26,20
414,211,26,20
411,209,26,20
412,209,24,21
411,208,21,18
411,210,26,19
409,207,25,20
411,206,24,21
411,204,25,19
411,205,27,23
410,206,26,20
411,206,24,20
413,209,24,19
417,214,27,20
422,219,23,18
425,225,25,19
427,224,25,20
426,224,24,21
427,224,24,18
425,226,25,19
428,224,25,21
427,222,23,20
431,224,25,20
431,223,23,20
435,222,23,20
431,221,23,19
429,220,23,21
429,221,23,19
431,217,23,19
429,216,23,19
425,214,25,21
427,216,23,19
432,213,22,20
434,213,24,18
433,211,25,19
432,213,26,21
431,213,23,20
433,213,23,19
433,210,22,18
432,208,25,20
435,204,24,19
449,197,23,20
463,202,24,22
472,223,22,18
476,238,22,19
483,248,21,18
479,242,24,20
481,253,25,17
473,257,24,18
459,251,25,18
453,247,25,21
