758,294,33,27
757,271,31,27
718,269,34,28
677,267,33,28
655,269,32,27
660,267,33,27
678,264,33,27
697,270,32,27
703,272,32,27
706,279,32,27
705,277,31,27
707,283,32,27
708,286,32,27
704,286,32,26
704,293,32,26
703,294,32,27
701,291,32,27
693,288,32,27
698,288,35,27
701,286,34,27
697,286,33,26
699,287,32,26
698,283,32,26
699,273,31,25
691,272,35,26
689,269,31,26
689,272,32,26
685,270,33,28
685,273,35,26
690,275,31,27
691,275,32,27
692,277,32,26
694,279,32,27
696,281,34,27
701,283,33,26
705,286,33,26
712,289,32,27
715,290,32,27
719,294,33,25
715,288,32,27
715,288,33,27
719,291,32,27
719,292,35,27
719,291,35,28
712,290,35,29
708,291,34,29
701,292,35,27
699,295,34,27
698,297,35,28
697,293,33,27
688,288,34,27
686,290,34,28
683,291,35,27
676,291,34,27
672,292,34,26
659,291,35,28
658,291,34,27
664,300,31,26
662,307,32,26
667,306,34,27
672,306,35,27
677,305,34,29
679,305,34,27
680,302,34,28
672,298,33,28
671,295,35,28
678,293,32,28
683,294,34,28
685,292,35,28
687,294,32,27
679,294,34,28
678,294,35,28
680,298,35,28
680,300,35,29
679,302,34,28
678,305,19,16
673,307,21,19
679,321,25,17
0,0,0,0
670,317,31,27
668,320,31,27
671,325,32,27
665,326,32,27
665,323,34,29
670,323,31,26
674,320,31,27
681,319,33,29
679,314,34,27
677,309,32,28
674,311,34,28
674,311,33,28
676,311,35,27
680,312,34,28
677,317,34,29
658,321,34,29
660,312,35,28
672,302,34,28
682,304,32,26
691,300,32,27
683,298,32,27
685,312,34,27
685,309,33,27
686,310,33,27
689,303,34,28
696,306,32,27
703,303,32,27
710,301,33,28
721,297,35,28
732,294,34,28
733,294,34,28
738,296,26,20
736,297,32,27
719,292,35,28
718,290,34,27
720,293,32,27
722,302,34,29
710,306,36,28
700,319,33,28
696,320,33,28
690,315,32,25
695,308,34,27
694,305,33,26
690,296,33,27
690,295,35,28
684,301,33,27
678,311,33,27
675,314,35,26
681,317,32,27
680,320,33,28
698,326,33,27
700,326,33,26
700,317,31,27
706,304,32,26
706,294,33,26
714,291,31,25
712,291,33,26
708,288,33,25
700,285,33,27
695,285,32,26
681,278,36,28
680,269,32,27
693,268,32,27
708,270,32,27
719,275,32,27
716,271,23,16
0,0,0,0
0,0,0,0
0,0,0,0
712,275,32,25
717,281,33,26
709,294,32,26
710,277,32,26
714,271,34,28
725,272,32,26
747,263,34,27
762,261,33,26
754,266,33,26
744,261,33,27
724,258,32,26
728,259,31,27
726,257,35,25
734,259,33,24
734,261,34,26
729,255,31,26
721,258,32,25
714,257,32,27
712,257,31,25
715,260,33,25
713,257,32,24
712,253,33,26
708,253,32,25
702,255,33,25
700,254,33,25
696,253,33,26
693,255,32,24
692,255,32,25
690,256,32,25
687,257,32,24
690,255,31,24
678,252,33,26
686,256,34,25
688,259,32,25
690,263,33,24
688,266,31,25
692,267,32,24
694,268,33,26
693,272,32,27
690,275,33,26
693,278,32,26
688,281,35,26
690,282,31,25
687,273,30,25
679,268,32,24
679,265,32,25
668,264,32,26
662,265,33,25
661,265,34,27
670,269,33,26
676,272,33,26
671,274,32,25
671,274,31,25
678,278,31,26
676,277,33,26
675,276,32,26
669,271,32,26
668,269,32,27
672,270,34,25
675,266,34,26
679,265,33,27
674,266,33,25
679,267,33,27
0,0,0,0
686,270,31,14
684,274,31,18
674,273,31,17
0,0,0,0
666,271,33,25
672,271,32,25
673,270,34,28
674,271,33,27
673,273,35,27
676,275,34,27
674,278,32,26
676,283,33,25
677,288,33,24
678,288,31,24
676,287,32,26
670,284,33,25
665,278,32,26
662,274,33,26
661,275,32,26
662,274,33,26
660,273,30,25
660,274,32,27
663,275,34,27
667,276,32,26
668,277,31,26
663,279,33,27
661,283,32,25
656,281,33,27
662,284,33,25
660,284,35,26
666,291,34,27
664,303,31,27
660,316,33,27
657,319,32,27
653,317,32,26
652,302,35,25
656,297,31,26
661,302,34,26
682,294,31,25
701,268,34,27
710,265,32,26
719,303,32,28
716,351,32,27
727,354,34,28
725,340,34,28
748,331,31,24
752,315,34,25
770,289,33,27
793,265,34,26
816,260,32,25
815,258,32,25
834,259,33,27
823,247,32,25
800,240,32,26
788,241,33,26
783,243,31,25
775,255,34,26
767,267,31,25
759,273,31,25
747,280,33,24
756,287,31,25
758,283,33,25
756,278,30,25
751,276,32,26
744,278,30,25
751,281,29,25
756,286,31,25
758,288,31,25
750,292,32,24
738,288,31,25
726,284,32,25
720,280,33,24
735,286,31,25
731,287,31,24
725,291,32,24
725,294,32,25
