584,409,44,38
579,410,45,35
577,409,45,39
577,410,46,38
574,414,46,38
576,418,46,38
577,418,46,38
577,416,46,38
580,417,46,37
576,413,46,38
574,413,47,38
571,417,46,38
567,418,46,38
567,419,46,38
566,423,45,36
561,421,47,39
557,425,46,39
552,423,46,39
551,424,46,38
548,422,47,39
546,419,46,38
554,418,47,39
0,0,0,0
556,408,45,34
555,406,47,33
548,405,45,37
547,406,47,37
541,406,48,37
545,408,45,33
540,406,47,39
545,404,47,38
545,403,46,39
550,419,42,20
0,0,0,0
0,0,0,0
0,0,0,0
0,0,0,0
0,0,0,0
583,292,37,31
582,293,40,29
582,293,41,29
579,287,41,30
577,291,40,31
577,293,41,32
578,296,38,29
574,292,40,30
576,295,41,29
578,289,40,30
579,284,42,31
573,280,42,33
573,285,40,31
571,283,41,31
570,287,40,30
571,287,40,32
568,291,42,31
572,294,38,30
574,287,40,32
575,291,39,30
573,291,43,33
572,290,42,31
575,290,40,31
569,282,42,30
567,280,42,29
565,285,40,29
561,283,40,30
562,284,40,28
563,283,41,30
565,284,41,32
565,287,41,32
564,289,42,30
563,299,26,23
566,290,40,29
563,288,43,30
562,290,40,30
563,287,41,31
565,284,40,30
557,279,39,30
563,282,41,27
559,278,41,30
557,276,41,31
555,279,39,29
555,278,39,31
555,279,41,30
557,280,38,30
557,284,39,30
557,282,39,31
557,282,40,29
558,279,39,35
555,282,40,30
558,283,40,31
555,275,41,32
559,277,39,30
559,276,40,29
553,272,39,33
554,281,40,28
551,280,40,30
553,285,41,31
553,284,40,32
557,282,38,32
554,284,41,30
551,284,41,30
552,284,38,30
550,285,40,29
547,280,41,30
542,281,42,31
546,282,45,31
550,278,40,28
549,279,42,30
547,282,43,28
549,281,40,31
551,280,39,29
547,278,41,32
545,277,42,31
549,279,39,32
549,279,42,29
549,277,41,33
550,279,42,33
549,282,42,30
549,280,41,34
548,280,40,32
549,284,40,31
542,287,40,30
543,285,41,31
547,277,39,34
548,278,40,31
547,275,41,33
549,275,41,34
546,275,42,34
550,276,41,29
557,268,41,31
562,267,39,33
560,266,40,31
561,261,42,32
563,263,41,30
563,260,40,32
562,263,40,32
562,263,42,33
562,265,39,30
563,265,43,30
564,268,39,29
561,268,43,32
562,269,44,31
561,269,39,32
555,272,42,30
555,272,40,32
549,270,41,30
545,269,43,29
547,271,42,32
549,270,41,30
549,270,40,30
551,270,41,31
550,272,39,29
551,274,40,30
549,272,41,32
549,273,43,32
551,272,40,28
551,268,39,30
551,268,43,29
554,267,41,32
557,267,41,33
554,260,40,30
557,257,41,29
567,256,40,30
561,252,42,30
563,252,40,29
563,249,41,33
565,246,41,32
565,250,37,30
564,249,40,31
561,249,43,30
555,248,41,33
556,248,41,32
554,248,41,35
555,246,41,32
556,246,41,30
559,237,41,32
552,226,41,32
550,226,40,33
551,228,40,32
554,232,42,31
547,231,39,32
548,233,41,31
544,231,43,32
544,234,40,32
539,233,44,34
543,233,43,33
549,237,39,30
549,234,43,32
544,235,43,33
545,237,42,31
541,233,43,33
542,241,41,30
541,236,41,31
539,238,43,33
541,236,41,32
541,238,41,32
543,238,41,34
544,237,42,33
548,235,43,33
549,237,42,33
549,239,40,32
546,243,42,28
551,240,39,29
555,240,40,30
553,238,39,30
548,232,44,33
551,233,41,35
553,230,41,35
553,232,39,31
549,231,41,31
548,232,44,33
546,233,44,33
546,234,44,33
547,233,42,37
549,237,44,32
547,236,44,30
550,235,42,34
554,232,40,34
556,230,42,35
559,231,41,32
555,228,41,33
557,232,40,33
556,233,41,30
560,237,44,31
557,238,39,30
557,237,41,31
556,241,40,30
556,237,40,31
559,240,40,33
556,242,39,31
559,238,39,32
555,235,39,32
551,230,41,33
548,231,41,32
553,233,39,28
558,228,42,31
555,228,42,30
552,229,41,29
551,226,40,35
551,230,41,31
550,229,41,31
553,228,38,31
550,230,40,29
549,228,41,30
552,226,43,32
552,226,40,31
549,224,40,31
534,218,39,31
530,223,40,28
529,223,38,28
531,208,37,28
515,211,43,29
519,233,43,31
543,233,38,32
535,239,41,31
535,245,42,31
542,245,41,32
525,238,39,30
523,238,39,29
547,257,37,31
563,265,43,31
598,291,40,30
580,304,38,30
579,316,38,30
589,270,37,28
583,251,37,32
593,194,41,32
629,169,42,33
648,168,39,29
