565,336,41,32
566,334,29,17
0,0,0,0
566,336,20,29
565,335,24,29
564,335,22,28
0,0,0,0
570,328,30,37
562,334,38,32
561,333,39,33
559,334,39,33
558,335,39,33
556,336,33,32
0,0,0,0
556,339,38,31
544,349,42,32
559,421,45,33
561,426,44,36
559,430,44,35
557,431,45,35
556,434,45,31
557,433,44,35
558,433,44,35
558,433,45,33
559,430,43,35
558,427,44,35
561,424,39,27
560,423,44,33
561,420,43,33
562,415,45,35
563,413,46,34
566,412,45,32
568,410,45,35
573,406,42,36
573,404,43,35
573,404,43,33
574,401,46,33
576,399,43,35
578,399,43,34
578,396,46,34
579,395,45,33
581,395,44,34
581,394,43,34
583,393,44,34
582,392,45,33
584,393,44,31
584,394,45,32
583,392,46,33
587,392,42,33
587,392,43,32
589,392,45,34
591,393,44,32
593,393,43,33
592,392,44,33
592,391,45,33
592,390,45,34
594,389,42,34
593,389,45,33
595,387,44,35
596,387,45,35
596,388,45,34
597,389,45,33
598,388,44,33
596,387,46,35
596,387,45,33
596,387,45,32
597,384,45,34
597,385,44,33
597,384,44,36
599,385,43,33
597,383,43,33
597,382,45,33
597,380,45,33
597,379,43,33
597,379,43,32
597,378,43,32
596,375,43,34
596,375,43,34
596,375,43,33
596,376,44,34
596,376,44,32
596,376,43,32
594,375,45,32
597,376,42,33
596,375,42,33
596,376,43,32
595,375,46,35
596,375,44,32
596,374,43,33
595,375,43,33
596,375,43,32
595,375,44,33
596,373,42,33
597,374,43,34
597,376,42,31
598,376,43,32
598,375,41,31
598,374,41,33
597,375,43,33
595,373,44,35
593,375,44,33
592,374,43,32
590,373,43,34
588,373,42,33
587,372,43,33
585,372,43,31
586,371,43,33
588,371,42,33
588,370,42,36
587,372,44,32
586,374,43,31
583,375,44,32
580,374,45,35
578,379,44,34
578,382,44,34
573,386,45,31
569,384,46,33
572,385,42,31
575,382,44,33
582,383,42,33
581,379,45,33
579,375,42,31
576,373,43,35
573,371,36,35
454,367,41,31
392,371,45,37
406,374,30,32
390,372,23,30
390,369,46,37
0,0,0,0
0,0,0,0
0,0,0,0
191,363,38,26
190,455,18,24
182,486,21,37
186,504,31,49
192,510,45,56
235,465,53,62
233,461,53,51
230,515,43,33
238,529,27,20
246,515,29,29
0,0,0,0
0,0,0,0
0,0,0,0
0,0,0,0
0,0,0,0
0,0,0,0
0,0,0,0
0,0,0,0
0,0,0,0
0,0,0,0
0,0,0,0
0,0,0,0
0,0,0,0
0,0,0,0
0,0,0,0
0,0,0,0
0,0,0,0
0,0,0,0
0,0,0,0
0,0,0,0
0,0,0,0
0,0,0,0
0,0,0,0
0,0,0,0
0,0,0,0
0,0,0,0
0,0,0,0
0,0,0,0
0,0,0,0
0,0,0,0
0,0,0,0
0,0,0,0
0,0,0,0
0,0,0,0
0,0,0,0
0,0,0,0
0,0,0,0
0,0,0,0
0,0,0,0
0,0,0,0
0,0,0,0
0,0,0,0
232,469,42,26
213,456,44,29
214,452,45,35
241,445,36,47
246,451,36,58
249,458,38,65
263,488,24,58
238,509,21,45
227,506,15,48
220,512,16,35
0,0,0,0
0,0,0,0
0,0,0,0
0,0,0,0
0,0,0,0
0,0,0,0
0,0,0,0
0,0,0,0
0,0,0,0
0,0,0,0
0,0,0,0
0,0,0,0
0,0,0,0
0,0,0,0
0,0,0,0
0,0,0,0
0,0,0,0
0,0,0,0
0,0,0,0
0,0,0,0
0,0,0,0
0,0,0,0
0,0,0,0
0,0,0,0
0,0,0,0
0,0,0,0
0,0,0,0
0,0,0,0
0,0,0,0
0,0,0,0
0,0,0,0
0,0,0,0
0,0,0,0
0,0,0,0
0,0,0,0
0,0,0,0
0,0,0,0
0,0,0,0
0,0,0,0
0,0,0,0
0,0,0,0
0,0,0,0
0,0,0,0
0,0,0,0
0,0,0,0
0,0,0,0
0,0,0,0
0,0,0,0
0,0,0,0
0,0,0,0
0,0,0,0
0,0,0,0
0,0,0,0
0,0,0,0
0,0,0,0
0,0,0,0
0,0,0,0
0,0,0,0
0,0,0,0
0,0,0,0
0,0,0,0
0,0,0,0
0,0,0,0
0,0,0,0
212,425,54,41
205,416,57,43
215,424,57,50
225,448,37,38
0,0,0,0
214,473,26,30
218,470,26,31
223,470,32,26
257,456,30,26
230,491,44,32
226,484,66,51
255,483,33,40
0,0,0,0
0,0,0,0
0,0,0,0
0,0,0,0
237,421,59,48
236,451,21,29
260,419,37,48
257,423,38,53
266,433,26,59
262,458,22,45
228,464,23,42
221,457,24,43
223,448,23,50
0,0,0,0
0,0,0,0
0,0,0,0
0,0,0,0
0,0,0,0
0,0,0,0
0,0,0,0
0,0,0,0
0,0,0,0
0,0,0,0
0,0,0,0
0,0,0,0
0,0,0,0
0,0,0,0
0,0,0,0
0,0,0,0
0,0,0,0
0,0,0,0
0,0,0,0
0,0,0,0
0,0,0,0
0,0,0,0
0,0,0,0
0,0,0,0
0,0,0,0
0,0,0,0
0,0,0,0
0,0,0,0
0,0,0,0
0,0,0,0
211,462,31,53
211,463,27,57
211,464,38,57
0,0,0,0
0,0,0,0
0,0,0,0
0,0,0,0
0,0,0,0
214,454,30,55
0,0,0,0
0,0,0,0
0,0,0,0
237,446,51,33
229,423,55,29
219,420,57,35
233,434,53,39
221,469,50,43
0,0,0,0
0,0,0,0
0,0,0,0
0,0,0,0
0,0,0,0
208,475,56,43
202,487,39,33
180,492,34,34
183,499,32,33
185,509,25,19
0,0,0,0
0,0,0,0
0,0,0,0
215,490,24,23
201,476,40,39
196,459,48,49
211,444,47,48
217,420,47,45
220,416,49,47
215,458,43,46
0,0,0,0
204,483,22,23
213,444,40,49
226,425,42,49
238,399,48,54
227,418,52,50
194,464,51,43
206,449,45,49
219,417,48,50
