800,198,25,16
808,193,24,13
806,191,25,16
806,189,25,16
803,189,26,14
789,183,25,18
792,185,27,18
792,194,27,19
776,205,28,20
728,225,29,20
698,254,31,23
698,258,33,23
706,229,31,21
712,209,31,22
718,203,33,23
731,200,32,23
735,199,31,22
734,195,31,22
734,185,33,22
673,199,24,24
664,192,34,22
666,182,32,24
668,176,33,22
668,168,31,22
664,161,33,21
677,164,14,19
666,166,28,22
0,0,0,0
655,167,33,25
656,163,32,24
653,157,34,24
652,153,33,24
652,148,33,24
650,143,33,24
648,141,33,23
649,138,33,22
654,135,31,23
658,132,33,22
662,126,33,24
0,0,0,0
680,134,21,17
666,130,32,22
663,128,34,23
0,0,0,0
0,0,0,0
666,117,31,22
671,112,32,23
674,109,32,22
675,111,31,21
672,111,34,24
672,114,26,23
0,0,0,0
667,115,25,22
665,117,35,24
666,120,33,23
662,122,32,23
656,123,33,23
654,119,31,24
650,115,33,23
652,112,33,23
656,109,33,24
663,107,32,23
666,109,33,23
667,109,33,23
668,109,33,23
668,113,33,22
667,118,35,23
670,123,35,25
672,128,34,24
684,134,23,22
673,135,31,22
0,0,0,0
477,192,34,28
431,205,35,26
0,0,0,0
422,189,21,19
