606,303,35,29
623,322,35,28
584,331,43,28
583,295,43,35
500,242,39,31
554,311,33,41
567,379,34,24
505,398,34,22
529,433,34,25
513,447,33,23
511,435,31,25
507,417,30,23
439,393,33,22
383,401,37,24
357,423,34,23
300,442,36,25
388,409,34,22
445,407,39,23
477,386,34,21
511,378,30,20
507,359,29,19
493,343,30,20
486,333,30,20
522,326,27,18
523,330,29,19
547,323,27,19
560,318,30,18
545,321,27,18
545,331,25,17
551,333,27,18
545,338,25,18
537,340,25,18
523,333,25,17
529,324,25,19
497,328,27,20
509,321,27,18
511,314,27,20
495,313,25,18
489,316,26,18
491,316,25,17
491,314,26,20
504,311,27,19
519,297,25,19
529,285,27,20
525,293,27,19
530,289,28,18
517,288,25,18
509,284,26,18
503,279,25,17
498,274,27,19
496,273,26,19
493,274,27,18
488,273,26,19
496,267,28,19
497,263,24,20
499,257,26,19
499,255,27,20
506,260,25,18
511,265,25,18
511,267,27,17
513,263,25,20
519,262,23,18
515,267,26,19
511,270,28,17
510,269,26,19
505,267,25,17
501,262,27,18
503,258,26,19
509,251,24,19
473,231,25,14
471,226,25,18
471,230,24,18
476,237,24,16
481,242,26,17
483,261,24,18
492,269,24,18
497,274,23,17
495,276,27,17
497,273,26,19
503,268,25,17
510,259,25,19
511,253,24,16
509,245,25,18
506,243,25,15
507,239,25,17
514,237,25,17
505,239,25,17
507,243,25,18
501,251,23,17
509,249,25,17
497,249,26,17
503,245,25,17
505,243,25,15
505,238,28,18
507,236,26,16
509,233,26,18
513,233,24,16
514,231,25,17
510,233,26,16
509,234,26,17
509,237,25,16
507,237,26,17
505,238,23,16
503,235,27,18
510,233,26,17
515,230,24,17
516,229,24,16
519,228,25,18
521,228,25,17
523,226,23,18
525,228,24,18
525,232,25,17
522,240,25,18
521,246,24,19
524,251,25,19
526,255,24,17
530,258,24,17
536,260,26,17
541,260,24,17
539,260,25,16
543,252,25,16
546,248,25,16
541,248,25,17
536,245,24,16
535,245,24,17
530,245,26,16
529,244,26,16
531,241,23,17
536,241,24,15
535,238,27,18
540,234,25,17
543,234,23,17
545,233,25,17
544,234,24,16
545,235,25,18
545,236,26,17
545,237,27,17
543,240,25,16
543,240,25,18
543,240,26,18
541,238,25,17
547,233,23,17
546,236,22,16
553,238,23,15
558,244,24,17
561,253,25,18
565,258,23,16
567,265,23,15
567,274,23,17
555,282,26,18
557,282,25,18
560,285,22,15
560,280,24,16
569,280,25,15
570,278,26,17
573,277,23,17
578,279,25,14
579,275,25,16
577,276,25,16
575,279,25,17
570,287,24,16
571,294,23,16
567,304,23,17
549,321,23,18
526,334,26,19
551,335,27,16
575,335,27,16
591,350,23,18
583,374,25,17
575,370,23,18
599,340,23,17
612,320,24,17
602,314,23,17
609,293,25,16
643,312,22,17
633,325,20,18
558,323,26,18
563,337,23,19
513,301,30,18
495,296,26,18
469,274,27,18
455,278,27,17
450,289,29,17
464,282,26,18
437,241,31,21
441,243,31,18
373,214,27,18
389,207,27,19
397,172,27,21
421,172,27,18
431,162,27,18
417,171,29,17
414,191,24,17
410,177,26,16
425,182,27,16
416,169,26,15
422,160,25,17
408,148,28,18
404,136,28,18
399,128,27,19
391,119,26,15
387,116,25,17
396,106,28,16
394,87,27,18
391,81,27,20
395,71,26,15
399,65,27,18
394,58,26,18
383,53,28,17
371,44,28,19
371,41,27,19
369,40,27,19
378,39,27,19
391,29,28,18
388,1,27,17
