857,410,32,20
857,409,33,18
858,408,33,18
859,407,33,18
860,406,33,18
860,406,33,18
860,404,33,18
860,404,33,18
860,404,33,18
861,404,33,18
861,403,33,18
861,402,33,18
861,402,33,18
861,401,33,18
861,399,33,18
862,401,33,18
861,400,33,18
861,400,33,18
861,400,33,18
860,400,33,18
861,400,33,18
861,400,33,18
862,402,33,18
878,401,21,19
0,0,0,0
0,0,0,0
750,373,7,9
734,367,28,16
736,367,26,16
735,368,28,16
734,369,28,16
734,367,28,18
733,369,29,15
734,368,28,16
733,368,28,16
733,368,28,15
732,366,29,15
732,366,29,16
733,365,28,15
732,365,27,16
734,363,28,16
732,365,30,15
734,363,27,16
734,364,28,16
733,363,28,18
733,364,28,16
732,363,29,15
732,363,29,16
732,362,29,16
731,362,30,16
730,362,29,16
731,361,28,15
730,361,29,17
730,361,29,15
732,361,28,16
730,362,30,15
732,361,27,16
729,360,29,17
729,360,29,16
728,360,29,17
730,360,27,16
730,359,28,17
729,360,30,15
731,358,28,18
731,358,29,18
730,359,30,16
731,358,28,16
731,358,27,16
731,357,28,17
731,357,28,16
732,358,28,15
732,357,27,16
732,357,27,17
730,357,29,15
729,357,29,16
730,356,27,18
730,356,26,16
730,356,27,16
729,356,27,16
731,356,26,16
732,354,25,17
730,356,29,16
733,358,26,16
732,358,29,17
732,359,29,17
733,360,28,14
734,361,29,15
734,361,28,15
735,361,28,15
735,361,28,16
