829,279,28,47
834,275,22,45
830,282,36,36
836,285,41,37
829,284,46,38
825,284,47,35
829,285,45,42
836,297,49,30
837,296,46,34
841,296,41,32
839,295,45,34
844,298,42,32
847,302,42,33
850,305,41,31
843,297,46,38
839,303,49,37
841,300,46,37
843,303,38,36
829,303,45,37
824,301,44,35
819,300,43,36
814,300,45,39
810,300,43,36
801,301,43,37
795,301,44,38
797,302,42,37
796,303,41,36
795,303,44,32
787,300,44,32
780,301,48,34
780,299,45,35
778,297,49,38
782,291,41,36
787,292,47,38
787,290,45,37
776,291,49,36
773,291,46,38
775,289,41,30
773,285,42,34
774,285,48,33
771,284,48,34
769,283,46,35
767,286,47,35
767,285,51,32
768,288,50,35
767,291,47,24
768,292,45,23
769,293,47,29
763,298,45,26
765,310,47,17
759,311,50,23
763,310,42,26
760,298,43,37
757,296,44,37
752,295,46,35
754,295,45,29
762,291,38,34
777,286,36,43
787,290,27,40
795,294,15,32
792,301,29,35
792,296,39,33
799,292,44,25
810,291,45,14
803,283,56,21
815,285,49,18
819,289,51,15
820,279,48,18
825,282,44,27
838,290,41,27
839,277,46,34
846,277,41,26
842,282,47,22
844,283,38,28
842,284,42,23
825,291,45,23
824,296,49,22
823,300,47,21
827,298,47,22
825,300,46,20
817,302,46,14
815,307,48,16
819,308,47,12
821,307,46,16
820,308,42,19
814,304,48,21
818,308,48,19
817,305,48,15
828,307,37,16
826,303,35,19
819,304,47,15
822,301,52,19
824,303,46,16
822,301,41,25
816,307,54,19
825,305,40,20
825,304,46,21
821,308,42,20
830,307,37,17
830,312,34,15
828,314,38,15
831,313,35,17
835,316,38,16
836,314,38,17
837,311,43,26
837,309,46,25
840,305,49,32
844,307,42,29
843,301,44,24
847,309,39,25
845,305,35,22
847,303,36,24
845,297,34,20
850,287,35,25
848,291,38,22
854,286,35,23
858,285,35,27
854,286,41,21
848,284,49,26
850,292,39,16
848,296,48,18
852,295,33,20
847,296,45,23
846,294,43,22
843,296,52,16
847,287,49,26
850,287,47,12
856,283,43,16
854,283,48,17
861,278,43,20
863,276,49,12
866,278,43,18
861,280,42,16
867,279,44,20
874,281,45,18
870,281,44,16
868,282,45,22
868,280,40,15
866,275,57,28
869,284,40,18
877,285,40,17
869,291,39,9
871,286,39,19
870,292,41,13
874,293,40,14
873,294,43,13
874,291,47,13
875,287,48,21
868,289,54,16
873,293,52,15
881,292,48,14
881,289,39,19
882,288,47,17
881,289,44,11
881,288,50,14
877,285,50,17
888,286,46,13
888,287,47,16
885,287,50,14
878,287,61,13
877,283,57,18
879,281,63,18
878,282,59,15
876,277,60,17
885,280,60,15
894,275,57,17
899,276,50,17
900,277,52,20
878,274,58,18
