236,334,62,29
244,332,60,28
251,332,57,27
257,330,59,28
259,327,61,29
263,327,59,27
268,321,58,28
274,318,59,27
281,314,58,29
285,314,58,25
289,312,60,28
290,311,59,27
292,313,59,25
294,311,58,27
295,310,62,29
301,309,68,35
305,304,65,41
309,307,55,44
308,300,59,53
311,301,52,53
318,309,37,48
307,306,48,59
311,311,42,50
316,314,39,44
314,314,38,45
311,317,37,40
319,313,27,50
309,313,40,53
313,313,36,52
307,310,36,51
313,316,34,50
309,312,38,55
315,311,35,52
312,307,33,56
315,306,34,57
314,305,36,59
315,304,38,60
314,307,31,53
316,307,32,54
317,307,31,59
318,309,32,56
312,315,37,53
319,315,31,56
317,314,40,55
319,317,32,58
319,315,34,55
318,315,36,52
315,316,40,54
316,321,40,54
317,321,39,53
316,323,33,53
318,324,37,53
321,323,32,55
322,327,34,55
323,326,33,56
324,321,33,66
324,330,35,53
322,328,40,56
322,329,42,57
326,330,34,55
326,335,42,52
326,333,36,53
324,337,42,51
326,339,41,49
328,338,44,51
321,345,50,46
