429,376,39,70
428,386,32,48
403,385,33,48
379,387,30,49
361,382,33,66
354,383,36,76
350,402,55,61
357,413,72,46
396,406,59,46
416,397,65,56
426,391,73,59
435,404,82,63
449,427,88,58
462,443,88,48
460,452,96,45
448,452,109,36
439,435,111,36
436,407,111,45
451,381,104,46
469,373,99,37
486,367,94,30
496,364,81,26
503,365,77,30
513,364,67,36
520,354,58,36
523,350,62,39
547,343,64,54
549,350,61,44
611,373,17,12
609,366,41,27
610,363,45,29
584,358,48,37
588,362,46,33
0,0,0,0
0,0,0,0
670,418,32,18
641,415,45,29
626,431,29,10
0,0,0,0
0,0,0,0
0,0,0,0
0,0,0,0
0,0,0,0
0,0,0,0
0,0,0,0
0,0,0,0
0,0,0,0
0,0,0,0
724,421,53,15
709,418,77,21
676,419,105,29
668,417,132,33
683,421,131,34
723,423,98,29
781,436,49,16
