714,517,99,100
714,518,100,95
713,518,100,96
714,518,100,96
714,518,100,96
714,518,100,96
714,519,99,95
715,519,98,95
714,517,100,96
714,519,100,96
714,517,101,96
715,518,98,96
714,518,99,95
714,518,99,96
715,518,99,95
715,518,99,96
712,517,102,97
713,517,102,96
713,516,103,97
721,596,109,110
643,572,153,104
698,269,148,164
493,105,175,139
389,111,195,185
394,106,198,196
378,52,207,196
345,27,210,202
311,1,213,193
296,1,212,181
297,1,214,191
307,15,218,203
318,13,216,202
337,8,215,201
367,15,213,201
391,37,220,203
416,62,228,204
551,49,215,180
472,96,230,187
403,180,159,203
368,139,170,229
414,97,187,204
387,121,167,224
382,121,169,219
381,108,170,218
374,111,163,219
376,120,168,210
368,106,166,213
376,98,157,219
356,117,161,216
358,95,178,212
359,112,188,201
397,132,195,199
513,116,202,173
549,63,173,227
545,3,170,250
593,1,170,196
0,0,0,0
0,0,0,0
1188,107,92,105
1186,109,94,102
1186,109,94,101
1186,105,94,106
1185,107,95,103
1184,108,96,101
1185,119,95,92
