231,165,159,167
234,164,153,167
237,164,147,170
244,164,142,181
239,164,146,173
224,160,165,177
189,163,200,143
131,84,244,117
228,1,142,184
242,144,138,139
129,29,251,152
236,134,142,118
118,28,264,152
228,136,150,117
128,40,252,138
240,137,136,99
120,72,258,102
239,124,152,62
115,115,261,59
241,58,149,116
126,144,246,83
245,1,129,173
189,148,181,165
196,2,175,174
256,151,129,128
128,115,243,61
246,14,126,160
210,153,161,165
152,40,219,136
247,64,157,111
159,144,214,144
198,1,172,177
250,147,160,74
122,149,251,53
248,1,125,170
245,152,128,166
130,86,244,88
249,1,126,175
255,134,120,149
130,124,245,51
225,1,149,173
257,14,148,157
256,135,122,172
110,141,277,101
109,134,283,86
131,137,260,121
186,136,204,187
210,144,181,139
230,140,156,73
232,131,153,117
213,128,171,149
199,133,185,114
202,128,182,103
221,133,163,144
229,130,156,157
231,125,153,124
231,126,152,124
217,131,166,155
213,136,170,140
211,135,176,127
207,137,178,145
206,137,180,151
208,124,183,147
221,88,195,156
230,84,191,187
