226,310,47,37
208,313,51,34
193,321,50,35
192,327,50,37
226,328,49,39
284,326,49,39
344,330,48,38
384,337,49,39
410,349,45,38
431,363,45,39
451,366,49,39
482,364,47,39
504,367,41,38
504,381,37,36
494,404,42,36
481,422,43,36
458,442,42,35
434,467,41,34
420,496,41,34
424,525,41,32
440,549,36,33
456,561,31,33
461,568,33,32
465,567,32,30
463,568,33,30
465,567,30,26
465,565,32,26
473,562,32,27
480,558,32,28
489,554,31,28
502,551,29,25
510,549,29,26
521,547,28,24
525,544,30,25
533,541,29,24
538,533,27,26
541,528,27,24
545,522,27,23
551,518,26,24
558,518,26,23
564,520,30,23
573,519,25,23
585,520,24,22
598,521,23,22
614,519,24,23
629,513,20,22
639,512,21,22
639,510,26,21
645,506,20,19
640,502,23,22
639,499,26,24
641,503,23,24
640,504,26,27
642,507,26,25
640,507,26,26
635,503,25,27
635,500,23,27
629,499,23,23
625,492,27,26
626,488,23,27
628,485,22,26
632,482,20,26
630,485,23,23
627,482,25,27
626,483,27,23
620,486,29,24
617,490,27,24
609,489,26,28
602,485,24,27
601,475,22,27
601,467,24,27
596,462,26,24
586,465,27,28
582,475,24,23
576,489,25,24
565,507,30,22
563,515,30,26
569,510,23,25
573,506,30,25
586,505,27,22
601,495,30,30
611,500,30,29
622,498,33,30
634,488,31,33
637,485,34,36
636,486,37,39
641,489,33,34
638,488,38,38
636,490,40,37
632,485,41,35
636,484,39,35
644,477,42,39
666,467,39,36
687,457,43,39
709,446,40,40
719,437,43,38
729,425,42,37
735,411,43,37
743,401,45,40
754,394,48,42
