518,462,62,76
519,462,60,77
519,468,61,70
519,483,60,55
517,487,63,47
519,473,56,50
465,343,79,74
422,255,69,55
395,216,76,56
397,219,75,62
397,213,73,54
397,202,71,64
426,197,38,40
420,200,38,43
416,200,48,35
410,206,57,37
408,210,60,32
407,201,60,46
402,191,55,34
433,174,11,15
0,0,0,0
0,0,0,0
447,202,20,11
0,0,0,0
439,215,23,19
427,206,27,22
422,194,31,38
414,188,39,38
415,191,36,26
413,189,33,15
418,187,30,15
508,278,63,61
504,264,79,55
501,277,49,36
486,270,47,59
474,271,57,62
470,274,60,46
503,314,43,41
497,365,68,47
502,421,68,46
488,418,75,49
520,429,47,43
514,432,50,51
496,447,59,45
498,438,64,59
497,445,69,61
508,481,55,34
0,0,0,0
520,495,39,25
494,466,70,53
495,466,70,52
510,445,61,72
509,445,62,71
509,445,61,71
509,445,61,73
509,446,61,72
509,446,61,72
510,445,61,72
511,445,60,72
515,447,58,66
510,415,58,60
510,417,61,59
511,423,58,63
526,426,43,62
542,432,25,55
530,424,29,61
514,432,54,58
506,438,64,56
504,439,68,58
499,441,69,56
502,441,66,75
507,440,72,78
506,443,73,75
506,445,72,74
507,445,71,74
500,452,74,71
504,452,72,71
505,453,56,70
