753,201,351,408
745,210,336,397
691,210,363,430
720,154,359,406
692,207,229,359
699,229,420,313
686,249,441,325
670,242,433,312
675,262,437,309
679,272,430,305
678,272,428,303
676,269,428,306
672,270,425,305
676,270,422,312
681,271,418,314
669,270,400,306
626,255,531,292
573,240,215,288
515,219,244,289
523,207,268,284
533,216,272,291
532,209,270,293
547,213,299,293
342,79,325,366
1,1,149,336
1,61,107,265
1,44,141,275
1,19,172,296
1,22,170,299
1,69,150,302
1,77,147,183
1,78,254,355
1,150,266,336
56,109,302,365
207,58,325,306
313,46,386,331
373,21,396,316
376,113,362,298
485,113,229,311
519,133,187,304
360,151,369,307
383,171,343,307
344,170,368,341
330,172,376,332
311,170,370,331
283,162,381,332
277,177,364,328
272,175,364,330
272,165,370,312
314,154,367,301
392,174,348,321
379,157,360,311
377,126,388,318
371,123,375,309
368,114,370,315
365,114,379,321
362,117,385,327
368,131,373,322
373,141,369,313
364,127,372,316
366,119,372,321
365,127,365,316
368,125,365,311
373,145,350,303
400,182,332,301
405,195,346,296
411,215,322,285
407,207,331,284
417,216,324,289
448,183,393,312
488,168,375,252
553,265,417,226
