167,75,1046,645
155,68,1027,628
152,71,1010,631
200,67,1000,629
241,47,979,629
253,37,981,644
269,36,976,642
268,38,978,639
268,33,975,648
282,35,974,656
289,37,975,664
276,43,978,652
270,50,973,639
266,49,963,644
268,45,960,650
270,48,955,657
270,51,954,643
269,51,960,636
257,49,973,644
279,49,950,654
286,49,948,657
289,51,949,656
295,47,946,655
296,53,949,649
297,50,946,651
288,45,943,645
281,41,929,649
268,33,929,650
238,20,930,662
231,18,928,661
233,21,936,655
268,31,930,657
286,37,943,670
302,47,944,669
297,51,952,668
290,51,958,667
271,48,982,671
273,50,976,665
285,48,969,669
293,49,961,666
289,49,968,667
278,49,970,668
274,48,977,670
280,50,973,669
279,53,965,666
285,56,956,663
283,55,953,664
273,55,965,664
273,57,964,662
279,55,950,664
282,56,948,663
282,56,952,663
282,52,953,667
286,54,955,665
291,57,949,662
287,60,949,659
284,59,957,659
276,61,951,658
169,167,990,552
121,321,929,398
231,356,616,363
399,448,281,271
503,520,159,199
487,524,213,195
283,444,590,274
125,328,940,391
87,246,1046,473
94,197,1043,522
