456,137,476,435
456,137,476,429
453,139,477,428
454,137,475,438
455,134,476,442
458,145,478,414
599,151,335,408
604,156,328,418
609,149,318,402
457,151,475,380
277,145,561,420
81,170,588,438
290,210,299,410
297,227,301,392
296,221,295,394
296,220,298,394
294,218,301,397
296,224,296,392
294,219,301,393
277,213,317,414
315,218,279,406
118,219,403,398
1,267,232,296
1,453,99,177
1,469,83,206
1,476,97,243
1,475,97,243
1,475,97,243
1,476,97,242
1,476,97,242
1,477,97,242
1,477,97,242
1,476,97,241
1,474,97,241
1,478,97,241
1,478,97,241
1,478,97,241
1,478,97,241
1,478,97,241
1,478,97,241
1,478,97,241
1,478,97,241
