468,311,393,409
465,331,380,389
423,315,330,383
405,319,285,387
387,318,248,346
376,312,247,348
342,305,277,337
346,307,294,345
362,294,318,354
394,260,276,356
504,236,160,403
508,255,150,415
550,301,148,400
567,347,143,366
567,384,168,335
574,410,168,309
588,418,154,301
587,421,164,298
595,424,145,296
600,419,145,300
609,421,156,298
625,411,140,308
635,399,139,320
656,407,130,312
680,413,135,306
702,419,128,301
723,415,118,304
734,398,132,322
730,386,151,334
699,361,173,358
652,337,151,382
614,319,150,400
522,327,174,392
474,359,240,360
583,396,158,323
598,422,178,297
608,441,184,278
605,452,175,267
607,458,159,262
617,454,160,266
639,453,170,266
667,464,157,255
707,470,146,249
715,466,156,254
720,461,149,259
732,462,142,258
731,446,152,273
721,404,157,315
671,353,154,367
636,325,102,394
639,324,68,395
647,373,98,346
660,412,121,308
651,424,144,295
648,427,133,292
650,431,116,288
659,431,113,288
667,435,109,285
677,438,108,282
691,446,113,274
699,435,116,284
715,421,107,298
736,419,92,301
749,414,94,306
747,399,111,320
737,361,107,358
686,352,115,367
667,358,81,361
694,383,74,336
708,401,105,318
699,413,138,306
699,415,132,304
699,410,108,309
698,413,102,306
699,415,105,304
706,419,111,300
713,418,111,301
719,416,109,304
730,412,115,307
747,415,107,305
758,409,99,311
762,411,103,309
764,403,101,316
761,389,98,331
758,365,97,354
765,341,68,377
750,350,72,370
748,350,80,369
765,343,72,376
796,331,70,388
784,336,52,61
790,341,60,68
825,335,54,69
846,338,52,67
828,345,51,64
783,349,125,367
737,346,203,373
696,356,186,363
677,379,126,340
698,394,104,322
716,414,153,305
740,400,178,319
717,394,211,322
709,425,166,294
744,412,92,308
800,380,58,332
817,359,48,49
843,349,59,44
845,343,39,38
828,354,185,365
792,409,152,310
750,424,115,292
712,413,117,306
687,388,135,331
681,381,131,338
729,379,107,340
761,382,112,337
778,396,124,323
794,406,130,313
