649,218,60,78
604,234,77,82
593,238,72,77
579,240,80,82
575,236,77,72
547,220,77,93
568,176,48,115
561,107,41,104
566,59,38,108
566,34,37,115
567,24,31,110
571,18,27,111
568,8,38,106
573,2,31,108
571,2,43,107
576,4,89,71
641,26,126,39
752,41,91,63
830,66,93,73
902,72,59,112
941,109,37,118
954,132,39,117
973,162,38,99
971,172,40,119
956,186,67,127
964,182,54,160
954,225,23,124
919,233,46,127
891,269,61,107
884,292,61,108
883,331,71,88
870,354,85,85
874,365,84,72
875,388,84,50
871,402,86,33
868,398,88,33
869,396,91,28
876,392,87,24
873,388,94,25
881,388,86,22
883,385,83,23
882,381,86,24
869,375,94,24
869,362,92,32
861,364,91,36
859,366,98,36
875,349,91,58
941,315,74,65
1018,299,79,20
1097,297,59,18
1156,313,35,72
1190,344,44,90
1229,497,29,113
1224,591,51,108
1196,691,58,27
1156,666,89,50
1120,637,103,66
1085,624,92,59
1035,627,98,63
1001,637,96,64
958,663,90,57
931,692,38,28
882,692,31,27
829,674,43,45
783,660,56,59
756,651,78,69
