442,324,410,287
441,318,419,266
466,298,409,279
449,290,403,268
411,291,414,251
341,304,433,230
287,305,426,229
306,302,410,246
239,362,413,244
249,303,377,356
275,225,293,373
255,109,293,438
279,66,258,461
310,58,225,453
351,140,216,458
426,289,173,420
442,384,193,335
417,399,254,320
433,385,266,334
424,348,272,371
386,282,277,397
359,292,273,405
362,306,285,370
390,316,178,310
410,292,188,336
444,275,174,351
441,262,163,361
413,278,195,350
418,298,206,335
391,317,224,326
394,336,188,294
402,336,165,265
381,328,161,258
387,344,163,235
280,367,332,244
288,360,492,260
304,302,429,341
323,216,362,375
333,179,267,344
356,122,144,311
391,132,125,247
392,160,139,238
