216,185,276,298
283,135,348,309
330,177,433,263
429,101,525,310
746,152,373,254
907,175,341,316
774,246,257,230
549,278,215,220
473,266,192,206
515,192,138,274
541,233,124,119
606,245,123,139
651,284,146,175
693,264,118,154
697,311,110,122
734,382,92,78
740,366,100,110
735,356,103,121
738,378,104,106
747,375,135,121
815,393,96,106
771,430,124,105
793,451,109,108
812,484,91,83
811,484,125,83
846,508,109,80
915,530,102,77
989,554,87,79
1029,569,92,79
1004,561,90,75
973,554,96,76
933,545,103,77
916,554,99,75
911,545,99,85
919,572,93,85
924,590,96,81
924,609,95,78
920,621,101,85
929,622,100,85
924,620,96,84
902,617,108,82
887,621,107,82
887,606,109,84
883,600,112,85
856,617,130,85
826,601,139,96
808,618,154,81
841,595,122,85
867,572,127,79
877,560,136,90
909,559,117,93
920,560,121,95
937,568,125,96
954,571,124,96
995,572,106,99
1007,563,127,91
1036,559,128,101
1052,569,126,96
1054,568,129,97
1065,587,116,83
1080,598,95,69
1085,591,89,70
1086,593,73,62
1086,601,71,66
1089,605,69,66
1098,615,69,58
1097,624,64,48
1083,644,62,46
1070,638,70,59
1081,655,64,60
1082,663,79,54
1123,651,58,65
1131,633,69,77
1126,619,81,74
1135,615,78,76
1155,594,63,83
1145,576,66,88
1138,569,61,94
