502,344,149,103
564,356,102,102
619,375,77,92
648,384,69,124
675,391,71,125
700,406,58,123
692,383,66,147
628,404,51,127
568,406,50,70
0,0,0,0
0,0,0,0
521,437,51,126
521,435,57,130
526,437,61,120
524,421,63,128
523,412,55,131
525,408,52,128
519,406,56,126
528,399,54,129
544,397,58,126
558,387,54,134
560,389,57,128
565,380,57,132
579,384,81,131
592,378,61,141
604,378,68,143
607,367,75,150
608,380,75,137
610,374,75,144
613,381,75,144
632,378,79,147
656,392,107,151
672,405,106,155
688,381,99,159
708,387,87,151
708,396,102,175
693,413,104,163
675,431,82,160
643,447,93,153
601,453,125,143
598,458,133,141
602,451,95,169
627,458,62,152
602,445,84,199
569,467,82,183
548,483,83,184
535,496,86,167
546,507,76,172
