436,422,89,75
455,423,87,73
471,459,92,74
489,459,90,72
497,456,95,72
511,446,79,74
412,442,91,68
426,427,79,71
440,417,58,65
448,410,57,64
454,406,56,56
459,407,71,55
469,407,82,61
480,407,79,61
628,417,80,71
634,424,73,69
0,0,0,0
0,0,0,0
0,0,0,0
0,0,0,0
0,0,0,0
0,0,0,0
0,0,0,0
0,0,0,0
0,0,0,0
0,0,0,0
599,488,72,34
568,360,93,82
569,360,92,71
572,360,89,71
573,363,85,68
573,366,86,66
569,357,90,72
572,359,87,70
573,356,88,76
570,354,90,79
568,354,92,82
571,351,90,82
568,352,92,78
571,354,89,78
568,357,89,74
570,354,85,77
561,351,91,79
561,348,92,79
559,345,94,83
561,348,91,71
562,348,91,71
559,347,78,74
562,346,85,75
559,346,90,75
559,347,90,74
565,346,88,76
589,345,75,78
617,334,55,81
