567,293,29,29
557,293,33,28
560,293,21,26
549,291,21,28
535,291,21,29
523,291,24,28
304,303,33,23
192,307,31,29
193,307,30,25
194,311,29,23
197,309,28,24
196,310,28,25
196,311,28,22
197,310,26,23
198,308,25,25
197,308,26,25
197,307,25,26
195,307,27,26
197,310,26,25
194,307,29,26
192,310,30,23
196,310,26,23
194,310,27,23
194,308,32,28
199,310,28,27
209,312,33,24
221,307,26,26
233,309,30,25
245,309,29,25
256,306,22,27
265,303,29,28
282,307,25,26
328,343,29,25
343,343,24,25
353,337,26,29
368,339,28,27
373,345,32,25
365,344,35,27
330,339,38,31
322,342,34,28
320,340,42,30
321,338,40,33
321,338,45,32
321,343,45,28
323,343,41,26
321,339,45,31
322,339,42,32
320,339,41,30
321,335,37,34
321,341,45,31
323,339,39,31
320,340,43,30
323,340,39,29
321,338,42,35
321,337,43,34
321,338,41,33
321,340,46,33
323,337,44,37
323,338,42,34
322,340,42,32
317,334,29,33
316,347,16,15
0,0,0,0
303,378,23,15
292,382,21,15
272,380,28,21
313,384,28,22
305,384,35,21
296,382,31,25
284,381,31,26
274,381,31,26
262,385,27,22
263,383,28,25
261,382,28,27
263,383,25,26
268,381,19,26
266,382,23,30
265,384,24,28
262,380,27,30
260,379,28,33
258,380,31,30
260,376,29,36
260,376,28,36
264,379,25,35
267,379,22,31
263,374,26,38
266,369,22,40
264,371,24,41
265,370,26,44
264,370,27,41
266,372,21,37
266,379,21,29
265,373,24,37
268,380,21,32
266,378,24,32
266,380,23,29
266,384,23,29
268,380,20,30
254,379,23,31
252,380,20,32
248,377,23,33
250,382,23,29
250,380,23,34
251,379,24,35
256,381,23,30
269,384,26,32
282,379,28,31
282,379,29,33
355,664,37,23
0,0,0,0
0,0,0,0
0,0,0,0
0,0,0,0
0,0,0,0
471,147,27,23
471,144,25,23
466,148,30,24
470,145,26,26
