204,342,189,143
192,332,199,156
233,322,165,166
238,314,198,169
239,335,199,168
272,328,191,169
263,327,208,179
265,307,203,203
262,310,207,196
268,311,202,196
283,308,182,198
282,326,186,188
276,326,176,176
283,325,173,182
290,326,156,185
285,322,174,186
278,306,190,200
280,305,177,202
278,298,183,214
275,259,189,251
265,278,207,228
269,318,207,195
276,323,203,187
272,331,210,162
270,335,200,183
283,331,193,189
272,336,207,184
260,333,216,190
271,320,218,198
280,315,209,186
299,315,192,192
302,306,193,198
319,307,181,194
316,311,194,188
305,305,205,196
319,301,197,197
336,304,191,176
357,286,203,202
370,295,197,188
384,296,171,177
429,296,151,190
445,287,136,211
442,288,137,182
467,299,129,156
475,278,130,179
472,268,129,170
491,284,144,158
501,273,161,173
485,279,177,169
499,259,162,187
514,259,151,188
529,267,135,186
527,271,143,176
532,277,137,170
517,291,144,167
514,293,140,156
515,308,145,148
528,315,142,138
537,329,138,122
529,317,142,142
527,321,145,131
531,328,140,129
532,330,135,132
535,325,140,145
548,292,134,171
540,265,135,203
550,257,120,203
566,240,119,222
553,237,128,227
548,289,129,176
556,299,133,174
560,288,135,180
559,286,136,181
576,284,125,184
575,264,130,206
577,269,126,201
571,273,140,193
564,293,160,172
