419,221,22,38
410,222,25,31
402,223,24,29
396,223,24,27
389,220,24,29
384,218,23,31
361,280,22,37
435,497,26,41
515,499,31,22
509,493,29,31
505,443,31,38
515,274,30,38
507,275,25,32
498,271,26,35
493,270,25,37
486,266,26,37
478,265,26,33
471,265,25,36
463,263,27,33
456,259,28,38
454,259,22,36
443,256,27,31
435,257,28,33
427,253,27,36
416,252,34,34
416,250,24,33
409,247,21,32
401,248,23,29
392,246,24,30
386,244,25,29
379,242,23,31
372,239,24,33
338,209,24,28
257,120,27,31
254,120,23,30
249,116,24,32
