476,273,25,33
476,272,25,32
476,273,25,32
476,272,25,32
476,272,25,32
475,272,25,32
475,273,25,32
476,273,25,32
476,273,25,32
475,273,25,32
475,273,25,32
476,273,25,32
476,273,25,32
475,273,25,32
475,273,25,32
476,273,25,32
476,273,25,32
476,273,25,32
476,273,25,32
475,273,25,32
475,272,25,32
476,273,25,32
476,273,25,32
476,273,25,32
476,273,25,32
475,273,25,32
393,272,26,34
391,271,30,35
392,271,28,34
394,273,26,33
393,271,27,36
394,273,26,33
393,272,27,33
394,272,25,31
394,272,27,34
394,272,25,34
394,274,26,31
394,272,26,34
394,274,26,31
393,272,27,32
395,274,23,33
394,272,25,34
393,273,26,30
393,273,27,33
392,273,29,33
393,273,27,32
393,272,27,36
393,273,27,32
393,273,27,33
394,272,24,35
394,275,24,33
396,275,21,30
393,271,27,35
393,272,26,31
314,273,27,32
313,273,28,31
314,272,26,30
316,274,24,28
315,277,25,26
311,275,31,31
254,275,45,29
259,274,48,26
278,276,48,25
298,279,49,23
318,279,43,21
335,267,45,26
353,258,41,30
370,241,40,36
374,233,48,28
389,235,43,22
405,263,43,25
424,252,43,29
439,246,42,27
455,233,43,29
471,234,41,27
487,242,41,32
503,258,41,29
448,274,39,32
455,287,39,35
467,300,41,35
468,308,46,25
344,307,44,26
352,362,44,21
371,421,45,27
391,426,44,22
411,420,45,27
431,423,45,26
449,421,44,27
466,427,23,24
466,426,23,25
465,422,24,25
465,402,24,27
466,382,24,27
467,363,24,27
465,345,24,25
465,325,25,25
