280,139,321,152
284,120,331,173
281,95,336,192
280,107,323,190
275,98,328,190
269,89,325,192
267,94,324,195
251,97,332,205
246,94,334,209
241,97,336,208
234,98,338,209
235,98,335,210
234,99,336,211
233,97,336,212
217,138,493,268
219,136,490,269
222,132,493,272
221,139,486,266
222,136,496,272
226,134,494,269
224,133,499,272
223,139,501,271
220,137,504,274
222,139,497,274
223,139,497,274
224,140,497,273
326,119,287,349
330,117,284,353
344,120,270,346
347,121,265,347
364,125,250,345
332,123,284,349
327,123,287,352
329,122,285,347
329,122,285,352
329,124,285,350
326,127,288,345
328,124,287,350
329,124,283,346
330,126,285,348
329,124,285,351
330,127,287,345
332,125,282,348
330,127,283,347
246,142,400,338
259,125,395,355
250,139,401,341
251,131,387,349
244,142,388,338
234,140,395,340
237,139,390,341
234,133,393,347
230,133,400,347
229,132,389,348
219,127,401,353
206,133,406,347
219,145,402,335
231,147,394,333
231,145,397,335
236,147,403,333
236,142,403,338
246,135,399,345
236,134,407,346
234,130,400,350
245,127,400,353
238,125,407,355
252,123,399,357
1,98,661,382
1,99,661,381
1,100,660,380
1,103,660,377
1,98,662,382
1,97,660,383
1,98,665,382
1,94,663,386
1,96,663,384
1,94,662,386
1,95,665,385
1,102,661,378
1,96,663,384
1,102,659,378
1,99,654,381
1,99,648,381
1,99,651,381
1,103,650,377
1,99,648,381
1,98,649,382
1,101,648,379
1,99,652,381
1,104,651,376
1,101,655,379
1,96,653,384
1,101,654,379
1,102,651,378
1,98,657,382
1,95,654,385
1,95,662,385
1,99,663,381
1,97,663,383
1,99,662,381
1,95,660,385
1,99,662,381
1,100,660,380
1,99,663,381
