171,333,246,109
169,331,249,116
170,331,246,120
169,331,250,115
170,331,247,116
169,331,250,114
169,331,247,113
170,331,249,112
169,331,249,114
170,331,250,113
169,332,250,116
169,332,251,114
168,331,250,115
169,331,253,115
169,331,252,114
168,331,253,116
169,331,250,117
169,331,249,114
169,331,252,113
169,331,250,114
169,331,249,112
169,331,247,112
170,331,249,118
169,331,247,114
169,332,248,111
169,332,248,112
170,330,247,117
170,331,247,115
168,332,249,115
170,331,250,111
171,331,247,114
166,332,253,113
169,331,248,110
169,332,246,113
169,332,249,114
170,332,248,112
168,332,252,116
170,332,249,116
170,333,252,113
170,335,250,111
168,332,252,115
169,331,252,115
170,332,249,114
169,332,250,115
168,331,251,113
169,331,251,115
168,332,253,110
170,332,248,113
168,332,250,112
169,331,250,113
169,332,249,113
169,332,249,111
169,332,249,113
168,332,251,112
169,332,250,113
169,332,249,113
169,332,248,116
168,332,251,110
169,332,249,112
169,332,250,114
169,332,251,113
169,332,251,115
169,332,251,116
168,332,254,111
168,332,250,111
170,332,250,112
169,332,250,110
169,332,249,111
169,332,251,111
168,332,249,112
169,332,250,112
168,332,252,111
169,332,251,112
169,332,249,110
168,332,248,110
168,332,250,114
169,332,249,113
169,332,250,112
169,332,249,113
169,332,249,110
170,334,249,111
169,332,249,114
169,332,248,112
169,332,249,111
169,332,250,113
169,332,249,111
169,332,250,112
170,332,248,112
168,332,250,111
169,332,249,113
169,331,250,114
169,331,250,116
170,331,248,115
168,331,249,112
168,330,251,113
168,330,250,115
169,331,248,113
169,330,249,113
169,331,248,114
169,330,249,112
169,330,249,112
168,331,250,112
169,331,250,113
169,331,250,115
168,330,249,115
169,330,250,114
169,330,250,115
169,330,251,112
170,331,247,111
169,331,250,115
169,330,251,112
169,331,249,113
169,330,248,112
169,330,253,117
168,330,251,113
169,330,250,114
169,330,249,115
169,330,249,115
169,330,250,115
167,329,258,114
168,329,251,114
168,326,250,117
167,323,251,122
168,320,252,125
167,318,253,125
166,315,254,131
167,310,252,134
167,305,253,140
168,300,251,142
168,295,252,150
169,290,251,153
167,287,253,158
164,280,257,165
166,274,249,168
169,270,248,171
168,263,248,178
166,260,250,180
170,255,244,184
168,250,248,190
171,247,243,192
166,240,250,203
177,238,241,204
167,233,249,203
170,232,249,206
173,225,240,216
168,218,246,225
174,213,240,231
175,210,244,230
172,207,252,233
174,205,249,236
163,197,255,250
168,192,247,250
164,189,253,253
160,188,262,258
163,187,251,254
170,184,245,256
155,183,263,260
168,176,251,266
163,177,256,268
162,171,258,273
170,171,250,272
166,169,255,274
164,163,255,280
166,164,252,280
161,159,259,286
168,159,252,279
164,157,255,286
167,157,250,286
168,155,249,288
166,152,254,291
166,151,252,293
161,147,258,296
165,148,253,295
156,146,261,295
153,140,264,301
159,139,265,302
162,142,258,305
162,133,257,309
163,134,257,311
159,132,259,309
155,133,265,313
145,132,273,311
122,129,298,313
76,135,343,306
45,143,375,300
72,148,348,295
40,149,382,299
29,153,391,291
27,155,390,288
29,153,388,290
15,157,405,289
4,143,413,298
3,142,418,305
3,139,415,306
1,132,419,313
8,134,412,314
3,132,415,315
4,124,413,319
1,114,415,327
1,115,414,326
1,110,414,332
1,112,415,330
7,114,408,326
7,113,406,328
23,114,391,328
35,121,378,320
33,127,380,314
35,133,379,309
33,119,382,321
22,108,392,333
30,115,384,326
32,112,382,329
29,105,386,336
23,99,391,341
28,95,387,346
29,89,384,353
23,85,391,356
19,76,400,369
18,71,401,374
18,66,399,379
19,52,399,390
27,40,387,401
39,44,374,397
57,35,355,407
67,27,346,414
72,26,344,417
77,26,340,420
82,31,331,408
112,57,286,359
136,79,253,316
160,85,211,290
162,85,214,289
166,87,208,289
168,86,205,290
169,88,204,288
167,85,209,290
172,85,201,292
172,83,204,293
174,84,200,291
175,79,198,299
181,78,193,301
179,70,195,306
179,72,194,304
184,65,190,309
188,67,187,308
182,68,191,308
193,60,178,315
192,55,178,319
197,59,173,315
202,60,171,318
201,58,174,316
201,56,169,321
202,55,174,319
204,60,169,316
207,62,163,311
199,61,175,315
207,62,166,312
205,61,168,315
204,62,171,313
202,57,172,318
199,55,174,321
206,54,163,319
203,53,167,321
204,51,165,323
201,51,168,323
202,47,167,326
201,48,173,327
191,46,184,331
205,44,167,331
203,44,170,334
205,44,167,331
203,38,169,336
207,41,163,333
200,38,170,336
203,38,166,336
203,36,167,339
207,36,163,338
206,33,164,341
207,32,164,342
200,32,170,342
207,35,164,338
204,32,166,342
204,32,166,341
207,34,164,340
203,36,177,337
209,36,171,338
209,39,179,334
208,37,185,337
208,38,188,336
208,40,192,334
208,45,197,330
208,44,198,331
208,46,202,328
208,46,203,327
208,46,206,329
208,53,207,321
209,53,207,321
208,50,210,324
209,51,209,323
209,54,209,320
208,56,212,318
208,61,212,313
209,63,211,310
209,67,213,306
210,66,209,308
207,69,213,304
208,71,207,302
209,68,204,306
208,72,207,302
208,76,205,298
208,68,208,305
208,68,207,307
208,69,214,304
209,66,211,308
208,68,213,306
208,68,213,305
209,64,212,310
207,65,212,308
208,64,210,310
209,63,208,311
207,58,210,315
208,58,206,316
208,56,208,318
209,53,204,321
208,52,200,321
209,51,198,323
208,48,195,326
209,47,193,327
209,44,190,329
208,43,186,331
209,41,183,333
208,45,176,329
208,44,174,329
208,39,168,335
208,40,163,333
208,38,158,336
208,36,157,337
209,38,161,336
208,36,160,336
209,37,165,337
208,38,166,336
208,36,166,337
209,37,165,337
210,39,162,334
209,38,164,335
209,39,167,334
208,41,168,332
208,44,164,329
209,46,166,327
210,43,162,331
207,47,165,326
208,48,164,325
208,48,163,325
209,52,162,321
208,49,165,324
207,53,166,321
208,56,166,318
208,57,166,316
207,56,169,317
208,58,168,316
208,61,167,312
208,61,165,313
208,66,167,308
208,66,165,308
208,64,168,309
208,64,164,309
207,64,167,310
207,64,164,308
207,67,166,306
207,66,165,307
208,68,168,306
204,72,169,301
202,65,167,309
194,71,175,303
192,74,182,300
189,75,183,300
187,77,182,297
184,78,186,296
180,82,190,291
179,83,190,291
173,87,197,286
167,91,203,281
158,94,211,279
158,98,212,274
155,98,216,275
155,102,215,272
161,112,209,261
163,119,207,254
160,126,210,247
156,129,214,244
156,134,215,240
153,141,217,232
147,147,223,226
144,153,227,221
139,156,230,218
132,160,239,214
128,169,242,208
127,171,243,203
129,178,241,195
132,177,238,196
124,181,245,192
108,174,262,199
106,178,264,195
103,178,267,196
106,177,263,196
92,178,277,196
85,169,284,205
81,166,289,208
87,167,286,207
85,178,285,195
85,180,285,194
97,182,273,191
95,182,275,191
87,180,283,193
88,179,282,194
85,180,285,193
84,182,286,191
79,179,291,194
79,181,291,192
80,182,291,191
81,186,293,196
96,180,277,196
86,183,284,191
80,184,289,189
80,185,290,189
88,182,282,191
89,183,281,191
89,182,280,192
93,182,278,191
97,180,273,193
102,184,268,190
113,185,256,188
116,182,254,192
114,184,254,190
106,185,265,188
117,182,253,192
112,180,257,193
127,179,243,195
127,183,244,190
136,185,233,190
145,179,225,194
162,178,208,197
177,170,192,203
188,178,182,195
192,178,177,195
200,177,169,197
204,177,165,197
206,175,163,199
209,179,161,195
208,179,162,195
210,179,160,194
204,176,165,198
203,180,167,194
202,183,167,191
204,183,165,191
198,180,171,194
207,183,162,191
204,186,166,188
204,189,164,185
203,188,166,185
204,195,166,180
204,197,165,176
203,200,166,174
205,205,164,169
201,205,168,169
202,211,168,162
199,213,171,161
204,219,166,155
202,222,168,153
209,225,160,149
204,228,166,146
204,233,165,140
208,237,161,138
209,235,160,138
208,240,162,133
206,248,164,125
200,248,169,124
206,257,164,117
204,256,167,117
203,264,167,110
207,268,163,106
206,271,163,102
203,273,166,100
206,279,162,94
207,283,162,90
202,288,166,87
207,293,161,80
206,294,165,80
206,300,165,77
206,300,166,77
206,300,164,74
207,300,164,74
207,300,165,75
207,300,164,74
207,301,165,74
207,302,164,74
206,302,164,75
207,302,165,76
204,302,166,74
205,301,166,76
