888,316,133,80
846,283,135,76
806,249,120,74
772,224,127,66
742,200,126,58
716,181,137,59
682,162,136,57
657,145,127,48
638,122,131,60
634,94,132,93
628,75,125,91
601,66,138,64
575,60,139,49
537,49,145,63
517,52,148,55
506,54,134,52
492,48,142,55
479,44,147,66
470,41,133,60
459,40,127,70
450,37,133,78
445,32,126,81
422,40,143,48
403,38,135,49
390,41,141,49
389,40,126,65
386,43,123,66
370,40,132,72
360,32,123,73
394,19,90,116
421,71,117,97
452,81,129,107
497,121,102,73
564,130,44,59
564,129,63,56
552,127,97,49
519,80,120,65
536,48,71,68
477,24,136,65
480,22,117,51
483,25,129,54
457,46,78,20
428,45,92,32
405,42,78,41
386,50,91,35
367,48,99,37
351,46,119,40
335,40,127,42
317,15,98,55
295,9,104,52
281,13,120,51
281,10,101,71
273,23,115,73
280,54,79,36
289,53,100,37
294,50,128,48
305,49,122,49
316,57,138,38
317,59,140,32
312,67,84,34
312,59,129,54
313,60,125,63
317,85,99,39
324,83,122,46
332,92,124,41
336,93,128,51
347,99,120,53
355,102,121,46
367,115,91,39
342,95,116,56
337,103,160,58
336,106,152,50
338,102,95,52
335,97,102,60
339,101,131,61
344,105,117,59
353,112,112,53
377,113,61,87
382,122,50,107
385,159,63,83
396,186,62,68
403,183,48,73
