901,420,209,94
864,408,226,84
833,403,234,79
810,395,238,83
791,390,239,87
779,376,242,95
776,364,239,105
771,368,235,101
780,368,204,93
772,347,178,135
755,370,169,151
750,397,139,160
738,430,160,155
724,456,187,153
715,491,198,127
687,514,192,116
680,527,160,99
601,498,205,114
571,468,202,130
547,445,201,133
530,432,210,128
528,426,203,123
514,412,198,119
496,395,102,92
521,370,42,77
526,354,31,65
497,327,72,77
446,314,115,61
427,279,121,99
407,295,135,92
398,308,157,93
389,326,192,76
382,330,164,69
366,333,205,59
375,329,197,76
403,314,73,52
398,288,142,105
398,270,90,115
394,281,98,95
384,262,100,100
392,268,78,99
406,244,77,120
417,241,87,132
411,229,95,150
406,235,95,147
393,244,100,145
394,243,119,147
388,229,123,159
