365,138,245,106
374,136,243,104
379,134,247,105
389,130,249,109
396,117,248,119
406,121,249,114
411,123,254,109
419,121,255,110
436,116,256,117
488,113,225,118
498,97,236,129
511,99,236,115
532,88,228,116
553,84,225,113
572,78,221,114
590,70,199,124
608,55,180,143
631,51,159,149
651,55,139,137
674,64,120,118
701,62,115,136
696,60,140,138
684,68,175,128
681,71,202,129
679,75,226,120
654,78,215,108
612,76,273,97
573,81,278,92
538,79,279,95
508,84,282,95
480,88,279,94
455,90,276,96
418,90,259,97
363,95,271,93
304,94,260,92
267,86,243,109
269,57,144,147
259,57,164,158
256,74,208,154
254,92,264,129
314,106,264,117
387,122,265,105
437,126,278,114
500,121,271,137
562,126,243,145
629,154,169,132
659,168,141,134
690,164,143,183
