898,276,234,102
896,265,222,103
895,257,232,104
903,259,230,97
906,253,227,100
908,243,240,106
913,240,240,107
907,232,231,116
905,225,211,109
900,224,221,104
895,223,236,94
890,214,236,105
890,214,237,102
889,207,233,106
891,207,225,103
887,203,227,111
878,203,234,119
869,203,222,114
875,201,221,112
873,203,227,114
874,199,230,119
867,204,241,109
870,205,239,109
869,204,241,109
862,206,246,108
867,203,239,109
864,208,244,100
869,203,242,105
868,199,243,107
868,204,246,101
867,205,246,105
869,205,244,106
870,200,245,114
868,204,247,107
