596,241,77,320
595,242,76,319
595,237,77,325
595,238,77,321
594,239,78,319
595,239,77,321
595,250,77,311
596,277,87,284
596,291,107,270
600,294,116,267
601,297,118,264
598,299,121,262
599,301,120,258
599,305,120,256
600,304,119,255
601,304,120,255
603,300,112,261
601,297,118,264
595,302,124,259
578,305,141,267
583,316,136,279
591,321,128,289
590,327,129,287
585,336,135,284
590,344,130,275
588,342,133,279
585,345,121,275
586,344,91,277
585,344,94,276
583,344,96,275
582,345,98,276
583,358,100,262
584,358,111,261
593,370,115,251
592,371,135,250
590,376,134,265
590,384,133,276
586,389,138,283
587,399,137,284
579,413,144,272
574,407,150,277
565,406,159,280
570,409,155,276
566,408,157,280
568,408,155,278
572,407,151,278
575,407,150,278
579,410,144,275
575,421,148,264
574,425,150,288
572,435,152,285
568,442,157,278
570,446,154,274
572,456,139,264
570,457,119,263
571,457,106,263
567,455,108,265
566,462,109,258
559,474,117,246
559,480,117,240
560,483,115,237
560,485,113,235
567,481,107,239
575,482,98,238
579,484,101,236
577,487,101,233
578,493,96,227
574,522,103,198
568,524,100,196
571,529,98,191
569,536,97,184
569,552,97,168
579,573,97,147
571,588,109,132
592,589,91,131
593,584,90,136
590,581,93,139
580,579,104,141
578,578,103,142
578,578,90,142
564,582,91,138
560,577,84,143
555,580,87,140
572,582,79,138
579,582,98,138
596,585,74,135
580,582,89,138
577,585,85,135
577,582,76,138
553,583,89,137
529,578,104,142
516,579,114,141
500,579,125,141
501,585,115,135
499,580,115,140
495,572,106,148
492,573,108,147
486,571,112,149
472,572,124,147
469,567,126,152
468,565,122,154
483,570,111,149
506,567,101,152
527,553,88,165
540,546,85,174
0,0,0,0
0,0,0,0
0,0,0,0
0,0,0,0
502,544,88,176
464,538,106,182
465,535,99,185
450,527,124,193
429,526,146,194
428,521,155,199
440,521,157,199
462,521,149,199
497,524,142,196
530,523,134,197
542,522,132,198
