416,112,38,66
450,193,43,63
422,116,31,68
447,181,37,64
427,114,30,73
441,181,33,64
432,121,25,72
437,178,23,47
442,147,30,33
445,178,14,35
439,185,36,47
420,126,34,61
441,182,41,64
425,111,30,70
453,183,37,65
423,117,30,68
446,188,35,59
424,118,31,71
445,181,29,56
450,145,24,48
426,159,26,28
443,182,46,43
418,143,35,49
440,183,40,61
425,118,32,68
439,183,38,62
434,129,29,64
440,184,19,42
443,154,33,40
429,147,29,39
443,177,42,41
417,150,32,42
445,196,45,55
411,118,36,65
445,184,45,61
423,118,30,71
437,188,30,61
440,134,26,60
431,177,20,35
446,153,40,39
424,158,29,33
436,187,38,60
419,125,35,64
439,184,35,65
427,116,26,70
444,187,34,64
423,115,26,67
443,188,31,57
428,125,23,66
438,183,13,28
444,161,38,39
416,145,31,38
444,193,45,58
418,126,34,63
444,182,39,65
427,113,29,69
442,186,33,65
428,121,29,72
443,185,31,62
443,117,14,63
447,179,19,46
438,166,34,44
420,142,33,47
441,186,45,55
423,118,32,61
452,182,38,65
424,115,25,72
442,189,26,56
436,125,17,67
439,179,14,43
449,161,35,41
427,148,23,36
441,188,36,37
428,144,25,47
446,180,39,60
423,118,37,64
441,182,41,61
422,120,30,67
441,191,40,64
427,108,27,68
449,179,32,56
434,143,26,50
417,159,32,36
441,190,46,45
412,118,37,60
450,185,46,61
423,115,27,73
439,186,24,48
439,127,23,61
435,178,17,45
450,146,22,44
439,174,13,32
438,186,43,44
418,153,34,40
436,188,42,54
424,118,31,70
441,184,38,61
421,119,28,68
443,194,29,56
433,128,18,58
432,159,23,29
442,166,38,42
422,147,26,40
446,194,36,60
417,119,33,66
448,182,42,59
423,123,32,65
438,189,36,62
424,125,31,69
438,180,26,55
446,156,31,28
433,156,34,52
437,183,34,63
421,126,33,65
441,184,37,62
426,114,30,67
446,183,39,60
428,138,22,48
427,164,26,34
433,169,35,44
421,125,29,52
446,182,42,63
412,110,34,68
443,186,31,41
429,133,26,59
432,183,18,30
448,159,42,38
408,122,39,54
446,184,51,62
416,122,33,67
438,185,35,62
430,115,27,70
440,181,26,64
441,113,19,75
440,181,25,61
442,151,28,32
447,181,15,36
440,178,28,35
432,131,24,55
439,182,35,51
424,128,25,56
444,188,37,62
415,111,29,68
443,187,37,60
418,119,27,68
439,183,26,50
429,118,21,69
436,184,24,55
444,127,21,64
433,177,17,39
445,151,32,43
428,160,23,30
437,177,28,33
433,152,22,37
436,175,29,43
431,145,22,40
439,175,34,43
425,149,25,34
447,167,34,42
419,149,28,36
445,168,44,44
422,150,28,36
439,170,37,38
430,153,21,33
438,182,29,51
432,137,23,50
437,181,35,41
431,143,25,40
441,172,35,40
426,141,22,42
446,187,34,50
419,126,30,51
446,174,42,44
423,142,27,43
439,181,39,45
423,134,30,49
438,181,35,56
427,120,27,62
437,184,39,64
427,112,25,68
444,187,36,64
419,108,31,68
447,186,39,63
417,119,32,70
445,188,38,60
425,117,27,72
440,185,28,61
436,115,19,72
435,183,22,64
440,116,17,72
436,182,21,59
439,116,16,68
438,187,28,55
425,123,24,62
446,182,31,56
427,138,21,52
439,174,19,33
432,162,28,39
438,167,13,35
436,148,28,39
431,178,17,38
443,155,27,40
430,141,19,37
444,179,29,47
431,137,19,52
440,182,31,57
435,136,20,52
438,184,27,60
432,117,23,66
433,187,31,64
427,126,24,62
437,188,37,66
427,112,23,73
445,191,30,67
428,115,24,68
445,182,30,52
432,134,19,56
439,167,17,35
438,159,33,46
429,156,22,31
448,167,37,42
424,143,30,36
451,180,43,42
423,135,32,47
448,184,45,48
424,132,32,57
446,188,40,66
433,114,27,69
445,184,30,68
444,111,19,69
444,183,26,69
446,113,14,68
446,182,28,69
441,101,15,77
448,185,34,69
430,110,27,74
450,186,36,59
428,125,26,64
450,177,27,32
438,152,18,40
448,166,17,35
447,146,19,43
444,173,14,29
449,168,33,46
430,142,24,40
454,186,35,46
424,132,30,51
454,179,43,60
423,113,32,71
446,186,43,64
424,113,33,76
442,186,33,64
438,110,24,73
440,181,32,69
442,112,21,76
445,184,20,58
445,152,26,34
445,183,18,36
443,182,25,43
443,132,20,55
439,184,24,58
441,135,16,53
440,188,28,53
438,123,18,58
448,184,32,66
431,108,24,70
451,186,34,65
426,115,26,72
448,192,36,63
430,120,25,73
446,185,24,46
441,114,16,70
442,182,23,59
446,114,17,73
443,178,23,63
445,110,20,74
444,179,25,54
441,132,21,59
445,186,23,24
444,187,21,36
441,140,23,50
442,186,27,59
436,118,23,69
439,186,35,68
430,117,25,71
447,189,38,66
426,109,26,74
448,191,33,66
427,119,25,72
451,187,28,47
440,137,16,55
446,174,14,33
446,153,26,44
438,172,17,36
427,123,46,74
435,158,17,26
440,172,24,46
446,180,22,41
445,67,18,78
447,127,23,62
451,248,26,68
439,150,21,52
441,97,27,68
452,183,45,35
455,254,24,67
446,165,19,38
457,95,21,76
454,191,37,33
453,262,17,70
454,183,20,29
457,95,13,76
458,156,15,61
456,261,24,69
453,188,18,30
443,103,28,70
460,145,18,59
462,261,26,62
456,224,13,33
460,113,14,67
463,118,27,75
462,250,20,55
454,228,19,42
459,115,13,68
462,118,17,72
457,251,27,55
453,242,16,35
455,130,14,60
460,102,15,79
457,229,33,39
456,252,19,64
455,157,16,47
464,97,14,78
462,190,30,40
458,263,20,69
459,182,20,33
462,104,18,75
459,162,23,51
459,260,21,69
459,212,16,29
451,117,23,66
460,148,20,62
461,257,28,69
459,217,13,33
462,118,14,68
464,145,26,59
463,251,25,69
458,225,13,34
455,118,18,71
463,143,27,57
459,256,33,66
458,231,13,45
462,141,15,45
460,115,28,76
457,249,17,58
456,243,19,25
455,130,17,60
454,117,17,70
458,240,26,32
464,251,13,62
454,149,17,45
463,100,19,81
460,223,32,42
457,254,17,68
458,165,22,35
462,98,17,78
460,189,21,37
458,261,17,69
459,167,17,39
462,102,14,78
464,198,18,35
459,259,22,72
459,181,15,28
459,97,14,76
460,169,24,50
459,264,21,70
458,192,13,31
460,103,12,75
459,147,29,59
457,267,24,68
455,218,16,36
457,106,16,72
459,145,24,51
457,256,24,69
456,229,17,42
461,117,12,66
458,120,22,70
455,250,18,65
455,239,17,34
458,134,11,57
458,118,12,74
453,240,28,62
453,248,17,61
453,150,17,46
461,104,18,79
457,210,33,39
453,252,17,64
457,147,19,50
459,105,20,78
457,214,22,36
453,259,23,70
455,164,15,44
454,102,17,77
457,181,29,45
456,260,19,70
457,176,13,30
461,95,17,77
456,171,24,50
453,266,19,70
455,185,17,33
453,103,14,75
454,160,19,51
452,267,28,69
449,205,15,21
454,100,11,74
451,156,36,51
447,264,26,69
449,200,12,31
454,106,19,75
454,164,24,52
453,262,19,69
451,197,17,28
447,104,20,76
454,166,24,52
454,262,25,70
452,200,11,22
458,106,12,75
453,158,34,61
449,268,22,68
448,210,18,32
455,110,13,72
454,151,23,58
453,266,23,68
455,216,16,41
455,115,13,64
454,145,23,58
449,264,25,66
450,222,14,35
455,116,12,72
454,144,26,58
455,259,19,60
451,230,19,49
454,149,12,40
453,136,21,60
449,254,28,61
450,237,20,42
454,140,12,55
454,116,20,79
451,249,28,23
451,245,17,62
455,145,13,52
456,110,17,79
450,230,21,33
448,258,21,63
451,146,11,59
453,111,13,77
451,224,28,37
449,258,21,69
449,161,16,46
456,107,15,78
455,205,27,34
452,262,21,71
450,177,14,36
455,103,12,80
450,179,27,52
449,267,21,72
450,190,18,35
455,105,13,77
448,173,24,51
432,270,37,68
