381,74,497,488
404,42,498,484
408,46,496,480
400,61,497,482
416,67,493,476
405,37,486,474
391,20,486,473
386,42,481,472
395,43,485,470
408,31,486,469
403,34,481,463
400,31,480,471
415,49,482,466
416,71,475,464
410,60,480,464
413,38,479,465
422,37,477,467
412,53,477,466
408,56,476,466
425,56,475,459
442,58,471,459
449,65,470,457
443,56,469,454
540,203,272,216
534,229,271,205
556,247,267,211
552,267,266,213
550,280,262,216
565,293,265,215
563,302,271,207
560,300,272,206
561,299,271,207
562,301,273,206
562,299,267,206
562,299,272,210
562,300,267,207
562,299,273,210
563,301,267,207
562,300,273,210
562,300,269,209
562,299,272,210
562,300,267,206
562,299,272,210
562,299,268,207
562,299,273,208
562,302,270,205
562,300,272,208
561,300,268,206
561,299,273,209
562,301,268,207
561,301,273,208
560,299,270,207
561,300,274,208
562,299,267,206
563,299,271,209
562,299,267,206
563,301,271,208
561,300,268,208
561,299,273,209
562,300,266,206
422,279,297,274
409,308,296,275
406,313,298,269
439,315,294,269
461,279,291,263
480,264,284,259
493,291,284,262
513,317,277,254
520,313,283,252
521,292,275,257
514,264,282,251
512,237,283,258
504,228,287,251
496,222,280,255
495,225,271,254
484,228,286,254
478,245,289,257
489,246,287,261
499,255,285,258
502,267,281,256
482,267,292,260
479,278,275,250
480,281,274,253
491,284,282,253
618,273,88,67
614,272,90,64
624,264,87,70
622,268,85,67
612,273,85,63
618,271,86,63
622,264,87,67
617,268,84,66
613,268,87,64
618,268,87,68
617,273,87,64
613,272,85,64
615,272,88,67
614,271,91,68
609,277,85,61
613,275,84,64
618,277,86,63
609,275,86,63
610,274,84,64
615,279,87,61
611,277,84,61
608,274,83,64
611,273,87,65
612,274,86,62
606,269,88,71
608,272,89,68
612,275,88,63
608,270,89,66
607,277,88,62
610,276,84,65
603,276,87,61
609,275,84,65
608,277,87,66
602,270,86,69
610,274,86,64
612,276,87,66
602,285,87,60
600,280,88,61
608,279,88,66
602,278,88,65
598,282,89,62
605,281,89,65
604,276,86,68
597,278,89,63
600,289,89,56
600,283,89,67
597,276,88,67
598,279,89,65
599,284,90,64
597,284,88,60
594,284,91,60
597,282,89,64
594,281,92,63
595,281,92,65
597,286,88,59
595,286,90,56
596,284,89,60
595,285,92,61
595,283,88,65
593,287,92,61
594,286,90,61
596,285,87,60
592,284,91,64
592,283,90,65
592,284,90,60
591,281,93,64
591,281,92,65
591,280,90,67
592,281,90,64
594,281,92,63
592,284,92,65
591,279,90,67
595,278,89,65
592,277,93,70
592,280,90,65
595,279,89,69
598,278,85,66
596,284,87,64
592,284,90,62
592,277,88,61
600,278,89,61
595,277,86,62
593,274,90,65
598,275,88,61
597,271,86,68
592,279,90,63
597,279,87,61
595,282,88,62
590,274,88,73
594,284,89,66
592,285,92,63
588,280,94,66
591,278,91,70
593,277,90,70
590,276,91,66
592,283,85,66
591,282,91,66
590,275,93,61
591,276,91,70
585,283,93,65
587,284,93,65
588,287,92,61
589,285,92,66
590,292,89,66
586,285,92,63
589,277,92,65
592,289,86,58
584,289,92,64
586,282,90,64
592,286,92,63
585,287,91,65
586,281,91,69
593,275,86,62
591,271,88,70
586,282,86,65
576,278,91,68
571,275,87,59
583,272,85,61
590,271,85,61
573,277,90,60
575,273,86,66
583,273,91,64
578,271,84,65
572,270,83,60
573,273,87,62
581,272,88,61
