192,68,188,239
210,118,205,214
264,151,189,189
274,202,221,220
268,250,252,160
173,244,394,217
140,279,394,201
123,235,424,225
98,280,484,178
63,287,351,195
80,276,260,205
153,263,216,201
204,255,236,182
244,259,296,189
273,248,321,217
287,253,250,175
333,279,222,149
355,282,241,132
383,261,312,160
408,277,302,151
394,279,295,135
390,256,262,128
387,241,252,146
423,272,239,122
401,280,255,139
384,280,270,105
280,294,369,120
254,291,369,133
291,251,375,175
360,252,327,216
414,248,265,248
421,286,296,239
430,316,345,182
384,257,419,175
435,233,312,187
443,262,254,160
465,208,359,281
413,207,411,214
432,199,418,173
482,224,343,141
530,245,390,199
532,281,392,219
510,269,437,276
522,283,394,317
478,231,401,319
351,280,478,177
265,215,538,148
213,257,403,116
187,169,409,177
189,131,366,218
155,185,351,221
127,201,312,249
100,241,319,232
114,231,314,216
133,237,314,199
153,224,314,228
187,244,280,217
203,232,299,208
342,237,128,214
1,302,353,278
173,288,194,286
296,295,131,297
348,282,195,339
443,265,86,270
511,237,112,283
542,210,112,260
536,229,150,252
546,232,119,250
575,191,134,228
560,133,208,331
520,100,278,352
571,97,269,257
