861,374,56,34
876,382,50,36
867,379,55,43
858,382,61,46
855,386,64,41
858,388,61,38
854,390,64,39
851,385,72,45
852,386,68,45
855,390,74,41
850,387,74,48
853,391,64,39
868,396,52,42
868,394,53,39
872,395,47,43
877,394,37,36
873,390,45,42
875,394,44,40
866,385,54,48
861,388,54,49
867,388,49,45
831,388,88,44
831,388,85,44
833,384,84,46
828,383,90,51
816,381,107,51
819,379,99,53
821,384,99,51
822,385,93,46
820,378,99,55
827,386,90,51
828,387,89,46
836,384,80,47
836,384,80,47
866,384,50,47
868,389,50,47
872,389,46,47
873,389,46,47
873,389,46,47
874,390,46,47
875,390,46,47
875,390,46,47
876,390,46,47
877,390,46,47
877,390,46,47
878,390,46,47
879,390,46,47
879,391,46,47
880,391,46,47
881,391,46,47
881,391,46,47
882,391,46,47
883,391,46,47
883,391,46,47
884,391,46,47
885,391,46,47
885,392,46,47
886,392,46,47
887,392,46,47
887,392,46,47
888,392,46,47
889,392,46,47
889,392,46,47
890,392,46,47
891,393,46,47
892,392,46,47
894,391,46,47
894,391,46,47
894,391,46,47
894,391,46,47
894,391,46,47
894,391,46,47
894,391,46,47
894,391,46,47
894,391,46,47
894,391,46,47
894,391,46,47
894,391,46,47
894,391,46,47
894,391,46,47
894,389,46,47
893,388,46,47
892,386,46,47
891,385,46,47
891,383,46,47
866,374,46,47
860,374,46,47
853,374,46,47
853,374,50,47
853,374,54,47
851,375,54,47
868,375,36,47
865,375,40,47
861,375,44,47
857,375,47,47
861,387,47,47
865,382,47,47
870,387,47,47
865,387,47,47
865,387,55,49
865,387,59,53
865,387,62,55
865,387,66,59
865,387,72,61
865,387,72,61
865,387,72,61
865,387,72,61
865,387,72,61
865,387,72,61
865,387,72,61
865,387,72,61
865,387,72,61
865,387,72,61
865,387,72,61
865,387,72,61
