1018,204,200,45
1017,203,201,43
1017,203,201,43
1016,203,201,43
1019,208,119,41
0,0,0,0
562,362,97,79
495,127,88,116
516,100,72,95
545,101,65,81
484,109,57,63
506,81,52,65
419,109,31,42
374,94,45,42
317,80,33,38
0,0,0,0
0,0,0,0
0,0,0,0
491,175,35,50
0,0,0,0
0,0,0,0
0,0,0,0
0,0,0,0
0,0,0,0
0,0,0,0
0,0,0,0
0,0,0,0
0,0,0,0
0,0,0,0
0,0,0,0
646,150,47,54
606,113,44,54
0,0,0,0
0,0,0,0
0,0,0,0
472,250,23,37
0,0,0,0
0,0,0,0
0,0,0,0
0,0,0,0
733,103,53,53
0,0,0,0
0,0,0,0
0,0,0,0
0,0,0,0
0,0,0,0
0,0,0,0
0,0,0,0
0,0,0,0
0,0,0,0
0,0,0,0
0,0,0,0
0,0,0,0
0,0,0,0
730,220,55,52
779,131,55,52
0,0,0,0
674,294,45,47
