69,21,632,459
115,31,685,441
129,31,726,445
104,23,750,462
72,24,783,458
65,17,787,463
56,26,800,458
59,41,791,438
57,51,793,430
55,46,795,433
51,41,797,439
45,45,780,435
37,42,764,437
29,33,752,448
28,35,742,447
22,31,734,338
16,46,751,328
3,106,780,370
1,119,756,358
1,114,751,365
5,129,763,349
1,139,808,340
3,144,801,334
1,142,801,338
1,141,801,339
2,127,807,352
2,136,822,344
3,138,828,341
1,142,827,339
1,151,821,330
2,158,810,320
1,175,797,308
2,164,788,316
1,155,793,325
1,151,764,327
1,154,752,325
1,120,711,359
1,53,583,344
1,49,451,296
1,77,388,268
1,75,379,250
1,72,379,248
2,85,393,231
40,109,394,219
91,111,362,200
103,100,372,194
96,121,376,190
98,150,366,193
74,149,385,199
57,133,405,197
50,122,425,204
58,111,389,205
4,103,394,219
1,97,386,198
1,77,386,206
1,74,394,199
12,75,403,215
11,72,393,207
3,67,378,220
1,66,356,204
1,63,343,195
1,66,338,192
1,71,359,193
10,72,353,193
1,69,331,193
1,85,371,193
29,84,346,194
30,87,352,194
1,88,378,194
1,85,372,194
1,80,384,194
2,79,392,194
63,82,324,195
42,75,339,195
50,80,371,195
39,83,377,195
