261,136,616,470
260,144,613,468
268,149,604,472
268,132,641,425
283,146,564,391
297,1,567,494
276,1,555,510
263,1,556,524
275,1,544,516
319,1,470,500
257,1,534,507
281,18,634,453
294,2,581,602
295,1,558,638
287,3,561,635
272,1,584,579
250,2,640,471
258,1,657,504
252,2,682,537
247,1,670,587
219,1,691,607
194,1,692,611
174,1,714,571
167,1,763,566
187,1,764,576
165,1,779,550
157,1,798,590
137,1,815,600
134,1,809,584
134,1,815,570
134,1,796,563
134,1,755,542
134,1,736,527
134,1,718,476
134,1,700,499
44,1,751,537
9,11,813,501
60,58,769,513
1,77,728,489
1,293,558,428
1,124,453,592
1,127,492,593
1,133,544,587
2,111,604,609
1,110,659,609
1,126,692,593
1,124,696,595
1,117,727,602
1,122,725,597
1,109,715,610
1,105,818,614
1,73,820,646
49,27,799,691
127,38,740,666
153,35,744,678
203,32,725,665
205,31,748,671
164,31,754,689
150,49,736,672
125,29,741,690
105,1,734,702
113,1,735,700
146,1,725,690
151,8,724,695
152,8,726,695
161,1,703,704
155,1,711,702
158,1,714,703
168,1,720,687
176,2,723,686
188,1,725,684
196,1,742,682
209,1,745,673
203,3,745,666
196,1,744,665
212,1,744,668
219,3,743,657
214,1,743,658
224,1,742,683
238,39,742,674
218,38,750,681
189,30,731,690
151,25,740,692
145,12,734,705
146,12,732,705
148,1,729,716
149,1,727,717
150,2,724,715
151,1,722,717
153,2,719,715
154,1,717,720
155,9,714,707
185,1,748,716
188,1,755,715
162,1,753,718
150,2,736,718
126,10,737,725
120,1,740,718
117,3,731,716
112,25,730,695
111,10,733,710
96,9,719,711
70,6,688,711
67,1,711,722
96,1,703,719
98,1,719,720
91,1,711,726
92,1,699,718
97,4,699,714
85,1,701,723
89,1,700,719
90,1,703,719
74,3,706,719
81,1,709,718
81,1,712,718
77,1,714,718
82,3,703,718
83,1,699,717
82,1,707,717
102,1,738,717
