259,301,789,370
258,300,792,366
257,295,791,379
252,298,795,368
258,296,789,369
253,297,798,370
254,300,797,375
256,299,790,376
254,299,796,380
253,296,792,374
254,298,793,373
254,294,792,379
255,298,791,373
253,297,794,372
255,298,793,375
249,297,801,376
253,297,797,372
256,296,791,378
249,296,801,375
257,299,790,368
256,298,792,372
254,298,796,376
255,297,793,382
259,297,789,376
257,299,793,373
258,296,792,373
251,297,797,376
251,296,801,370
260,296,787,397
253,298,796,369
257,296,791,373
257,296,791,372
255,299,798,374
254,297,797,369
256,298,791,366
250,299,802,369
250,295,804,375
249,298,802,369
249,299,805,372
252,300,798,368
257,298,789,369
251,301,796,374
251,298,799,372
252,301,797,371
253,297,800,373
255,300,793,375
256,298,790,373
252,296,798,380
254,303,800,372
249,299,800,378
246,298,804,373
248,299,800,373
248,298,799,374
253,296,798,383
252,303,797,363
250,297,801,376
251,298,797,371
253,301,797,368
243,297,806,379
256,298,794,373
254,299,792,376
261,297,792,372
249,299,804,375
255,298,795,377
250,299,804,371
252,297,797,373
251,295,800,374
252,298,800,376
253,300,798,372
250,298,798,373
256,299,796,370
258,300,799,375
258,301,795,372
257,297,797,380
250,301,795,381
250,297,801,378
252,299,800,373
254,299,796,374
252,300,793,369
250,295,795,380
252,299,802,377
249,297,800,376
255,298,791,377
253,297,797,373
246,297,808,377
244,329,805,345
250,323,803,347
253,327,800,344
254,319,796,351
250,327,801,355
252,295,798,391
249,295,802,383
245,298,808,375
251,291,797,392
256,294,798,376
254,297,793,370
255,297,794,371
251,301,809,369
250,301,815,365
251,297,809,371
253,300,792,367
247,295,799,374
249,299,803,366
256,297,796,371
255,296,790,371
249,298,796,363
250,297,804,370
247,295,797,368
254,295,795,373
255,294,796,374
260,296,788,372
256,295,795,368
249,301,796,365
254,299,793,371
256,298,802,369
251,305,832,363
252,302,800,367
259,299,798,370
248,297,802,373
255,296,797,369
255,294,794,369
253,294,797,376
252,297,798,371
256,294,797,375
259,297,787,371
257,296,796,372
254,291,800,373
255,294,795,369
254,297,800,374
254,294,801,373
254,296,800,372
256,296,799,371
257,296,793,365
255,294,794,376
255,296,800,370
255,296,799,372
258,299,789,371
254,293,796,373
254,298,799,367
250,294,801,376
255,297,788,370
256,293,794,379
259,298,792,367
252,296,796,374
253,297,794,373
253,296,798,374
257,298,800,371
250,295,800,372
256,296,790,370
253,294,795,375
250,296,797,363
248,297,799,368
260,296,787,369
256,291,795,376
255,296,792,367
259,296,794,374
255,298,798,370
254,301,821,362
256,320,798,346
250,300,801,366
247,297,801,369
251,296,793,377
253,297,797,366
255,299,792,367
250,300,798,368
252,299,799,369
247,296,802,371
255,295,798,372
252,304,820,362
254,306,809,359
251,295,793,371
252,298,796,369
256,297,790,370
256,296,799,374
259,296,787,372
244,295,805,369
260,297,783,369
252,299,798,368
250,296,803,370
251,296,799,369
253,297,798,371
257,297,790,366
259,295,792,376
253,295,792,372
250,295,801,371
256,297,791,367
253,296,799,370
258,297,790,366
251,297,803,370
254,304,813,358
254,299,814,367
250,302,817,362
256,296,792,367
255,300,804,367
250,295,799,367
253,294,797,369
257,297,794,367
250,295,801,373
252,294,795,372
252,297,793,368
257,292,794,371
253,295,800,369
257,293,796,373
255,295,799,371
252,298,798,368
256,296,795,373
249,293,806,372
254,293,795,375
252,302,806,364
258,298,790,369
250,295,800,367
255,296,794,366
251,296,801,366
253,295,797,372
251,294,800,373
252,297,794,368
252,296,802,370
253,298,800,368
254,299,797,368
251,298,798,360
253,295,802,371
258,297,792,369
256,295,798,372
254,296,796,369
251,296,801,369
249,294,801,369
252,297,804,367
255,297,794,370
250,295,803,373
257,300,804,361
256,299,807,362
257,295,792,366
253,294,798,371
247,298,799,367
237,297,810,370
251,294,797,369
252,295,802,372
246,295,802,373
260,294,791,373
263,296,784,368
254,295,797,371
253,295,796,367
254,296,796,370
254,298,794,366
252,295,796,371
250,296,800,368
252,299,810,368
260,299,789,366
257,298,789,369
255,299,798,365
257,294,795,377
252,294,797,368
255,296,798,373
252,298,793,365
256,296,794,370
244,298,800,365
253,298,794,364
256,295,793,369
252,296,802,367
256,295,798,369
253,296,800,365
255,300,795,368
249,296,805,374
256,297,797,369
260,295,791,371
253,296,803,371
251,297,798,368
252,290,798,378
251,299,795,365
250,293,797,369
260,297,788,367
253,295,797,369
250,295,799,370
259,297,789,368
257,299,793,369
255,298,793,370
254,297,797,365
250,295,800,371
256,298,788,365
247,291,799,375
251,294,799,370
252,308,805,359
252,300,813,362
253,303,830,360
249,304,816,360
244,301,821,365
255,301,811,364
248,298,806,368
253,295,793,368
249,294,803,371
250,296,800,369
248,299,799,369
252,296,798,368
256,300,790,366
252,298,795,369
250,298,800,366
253,295,798,370
254,294,793,374
255,298,795,370
249,297,796,366
254,296,790,373
254,298,799,363
252,297,802,370
256,299,792,367
251,293,800,374
257,297,796,366
258,297,787,368
253,300,797,362
251,295,799,372
255,298,798,368
256,297,795,370
255,298,797,369
251,296,802,376
256,292,797,376
252,293,797,376
256,294,792,378
252,294,801,376
253,294,794,370
246,293,805,375
258,296,791,380
252,294,799,373
253,294,797,371
249,295,798,368
242,304,807,359
250,301,800,364
245,295,806,368
241,301,823,368
244,299,825,371
254,297,808,368
245,295,809,369
252,295,800,372
255,298,795,367
255,295,797,374
245,297,805,372
254,295,798,370
252,297,795,373
249,297,802,369
244,297,809,368
251,297,800,372
249,298,799,368
250,301,799,366
255,293,798,371
244,297,807,367
250,293,803,368
247,295,805,372
252,298,801,368
250,323,800,342
250,296,804,371
242,294,812,372
245,297,805,369
249,297,801,371
251,297,796,365
245,297,806,371
243,296,802,369
250,297,802,367
243,297,811,366
252,297,798,375
252,296,800,371
254,292,795,375
252,299,793,363
