302,123,179,72
289,121,173,75
281,129,146,61
278,161,151,60
270,189,152,69
263,204,155,69
267,213,155,70
271,227,158,68
271,231,164,75
269,231,167,76
276,233,165,73
267,227,172,81
264,228,170,81
258,234,171,81
261,237,161,69
253,227,171,77
254,209,174,88
253,202,170,70
260,202,153,67
257,199,154,71
257,203,154,66
259,203,153,72
256,202,153,78
256,204,155,78
249,198,161,81
250,208,159,75
251,205,157,82
254,209,154,68
257,210,151,67
258,210,146,71
258,207,149,75
257,209,150,73
255,209,152,74
251,209,152,75
250,212,152,78
249,209,156,85
252,212,152,81
250,216,152,80
248,216,153,87
248,214,154,96
248,212,155,92
248,213,155,82
255,207,154,81
255,204,159,88
256,203,159,86
257,205,163,88
256,205,170,85
263,208,167,81
263,216,167,77
262,218,170,81
258,213,170,85
255,214,171,89
249,214,170,95
239,209,171,88
