51,250,1028,291
44,249,1033,292
25,244,1018,320
1,228,984,396
1,209,936,373
1,214,949,418
1,217,858,402
1,204,764,419
1,206,576,418
1,228,478,388
1,340,431,243
295,287,303,292
31,267,705,282
1,301,768,205
1,319,764,190
1,329,768,210
241,342,480,268
192,309,483,290
170,316,481,265
49,278,591,285
36,271,590,288
31,247,583,288
34,249,581,287
29,261,578,286
15,242,590,291
35,232,582,300
43,236,571,289
37,237,579,288
42,240,579,288
21,241,593,294
10,275,597,295
0,0,0,0
153,293,475,286
124,300,470,285
114,297,472,291
119,278,474,291
112,264,479,294
129,248,478,298
166,258,471,301
120,276,518,299
44,282,586,296
47,279,581,295
