545,125,218,315
543,127,219,308
554,126,216,308
551,131,216,304
547,134,215,304
544,132,209,304
540,134,210,306
539,134,204,306
535,141,205,304
537,140,203,306
542,140,201,306
548,140,198,308
544,142,204,306
541,147,199,304
537,142,197,305
538,139,199,305
535,138,196,307
535,141,193,304
526,145,198,308
525,146,197,307
525,149,197,308
523,146,195,307
527,148,191,306
529,140,194,307
526,141,199,307
524,141,201,314
524,140,203,314
525,140,200,311
527,144,196,315
526,143,197,313
526,145,199,312
528,143,201,313
525,143,198,313
524,146,196,313
521,143,198,315
523,146,196,312
524,147,196,312
527,142,194,311
525,141,198,312
530,138,191,314
534,139,192,314
530,136,196,314
525,136,203,314
530,136,201,317
535,134,190,238
530,137,192,233
529,134,194,234
531,131,190,233
535,134,163,236
535,143,162,229
539,145,157,221
546,146,147,220
550,140,144,227
551,152,148,218
553,152,150,218
555,154,146,220
555,161,140,217
541,171,148,218
552,182,142,218
550,182,146,214
556,169,143,225
556,174,142,218
556,173,144,219
552,169,147,220
549,168,147,219
545,167,149,225
539,169,162,218
536,131,193,255
535,128,195,253
543,132,190,251
542,136,192,248
531,130,188,247
527,127,193,251
529,128,192,249
531,129,190,248
527,127,196,254
524,128,195,337
522,129,197,332
524,124,194,335
516,119,168,298
520,104,172,309
552,58,187,294
648,2,186,290
803,1,167,297
866,40,157,309
873,78,164,314
869,96,163,305
866,106,161,296
865,116,162,298
860,128,166,293
857,142,164,284
853,146,167,271
850,148,172,268
853,142,176,268
871,131,152,226
870,140,156,232
852,142,163,265
859,141,159,262
861,139,155,261
864,136,153,268
864,142,156,261
854,140,163,264
855,132,159,272
854,133,163,266
854,129,159,272
847,130,178,270
838,127,206,280
848,129,190,272
855,127,184,272
851,129,187,268
850,130,191,264
846,133,189,280
847,134,189,270
850,127,193,273
852,128,191,272
849,126,197,276
851,125,195,272
853,130,169,267
852,128,166,268
856,129,165,272
857,127,165,270
845,126,180,279
855,106,191,288
856,52,178,319
832,12,191,326
815,24,189,315
822,38,169,311
819,58,171,308
811,70,178,295
813,86,171,284
808,95,182,276
808,90,176,281
809,85,208,290
810,79,207,295
807,103,223,283
807,101,218,280
812,109,219,273
808,111,229,272
809,113,230,274
807,110,235,273
810,108,236,277
811,107,233,283
809,112,234,253
813,108,236,251
838,109,217,233
818,109,179,230
839,104,152,235
841,100,152,234
838,99,205,237
811,101,240,272
816,102,236,273
817,103,234,272
813,97,238,278
815,97,235,278
815,98,237,277
814,100,235,278
816,102,237,272
818,101,235,276
817,102,237,276
819,99,236,280
819,102,241,277
825,107,236,272
826,105,234,274
830,105,231,274
825,101,236,275
828,103,236,276
824,109,233,277
825,115,237,270
827,110,237,276
827,118,235,272
827,123,234,269
826,133,244,267
831,114,244,273
846,69,251,316
879,1,196,317
900,1,205,255
946,1,196,214
981,1,186,222
983,1,180,233
968,1,175,243
