716,405,537,176
721,412,530,184
725,408,527,189
721,397,534,184
720,389,535,187
715,388,537,183
689,389,543,174
678,383,544,172
661,374,547,167
656,368,547,166
643,366,550,168
641,373,541,161
648,374,546,171
640,378,547,172
636,370,546,171
644,361,547,174
646,359,552,168
660,371,556,157
656,369,559,165
648,365,559,172
636,369,564,170
638,369,566,176
647,372,566,180
652,374,566,185
642,368,577,183
632,360,589,187
650,333,570,206
846,365,345,147
709,243,502,270
729,206,468,308
737,183,420,359
749,168,394,380
775,151,358,423
823,187,288,424
845,93,246,551
768,43,507,633
746,2,532,687
750,1,526,708
701,9,569,706
693,34,566,684
715,42,565,677
705,44,573,675
691,39,576,679
671,30,569,671
668,22,563,676
668,23,563,673
675,20,567,674
672,12,568,675
676,17,568,674
679,13,568,675
680,5,570,669
683,1,570,670
688,1,570,669
687,1,576,676
694,1,581,682
689,1,579,678
693,13,578,681
693,14,578,682
683,22,573,675
678,10,572,678
679,1,570,680
656,1,622,642
633,1,645,631
621,1,657,588
623,1,656,585
633,1,645,602
631,1,648,619
647,1,631,636
648,1,631,667
643,1,635,670
635,1,644,655
643,1,635,662
672,1,592,658
707,1,572,700
698,1,581,657
687,1,591,664
649,1,630,698
638,2,641,702
