858,483,109,74
868,496,154,72
892,507,200,62
971,501,181,90
999,461,181,67
1016,428,143,82
1039,411,87,91
1105,274,81,57
1148,188,95,131
1182,116,96,150
1191,98,87,149
1170,111,106,135
1223,128,55,107
1202,136,77,114
1135,124,144,110
1069,103,165,133
1006,92,163,106
912,81,176,88
805,87,191,68
710,108,195,94
613,119,187,83
577,138,97,67
574,182,137,79
599,250,149,69
680,259,111,70
701,253,126,92
719,249,127,95
731,222,130,77
784,156,120,113
863,91,60,20
850,87,60,44
808,109,52,63
735,143,47,70
635,175,36,72
590,169,73,68
545,172,108,66
494,171,111,66
447,172,108,64
386,163,105,64
337,166,107,59
295,190,115,59
291,200,114,62
289,203,110,62
286,224,104,60
282,259,88,68
304,303,84,60
356,314,64,58
400,299,48,62
442,286,55,68
444,292,95,70
427,287,139,70
464,265,119,75
523,241,44,74
496,220,46,83
508,206,33,75
544,200,48,70
612,192,54,65
646,184,86,63
687,179,113,56
753,175,112,60
827,187,76,69
886,217,33,55
879,236,29,59
845,276,36,56
835,322,46,52
768,332,107,63
670,344,132,71
551,347,137,65
444,329,113,76
390,317,89,77
362,294,85,78
353,268,68,83
375,248,44,72
408,210,32,73
451,182,31,45
473,158,47,58
489,140,71,62
512,129,89,58
549,118,90,57
591,109,90,53
645,123,61,56
680,147,54,69
690,184,36,70
646,222,75,71
582,250,99,71
519,280,111,60
454,280,124,60
432,269,100,41
442,254,54,50
417,238,46,65
447,219,29,70
477,187,35,66
493,149,54,48
514,135,94,52
571,147,104,47
622,161,102,54
666,178,103,58
723,196,103,39
805,201,71,40
881,198,36,55
924,200,47,78
990,206,20,81
1022,277,38,87
1040,341,39,55
964,358,80,52
930,361,81,70
887,363,127,96
750,356,147,82
609,349,79,74
455,368,80,79
363,378,91,77
0,0,0,0
0,0,0,0
220,297,89,54
229,279,58,74
254,264,31,69
304,234,36,73
363,205,48,85
424,180,78,59
490,163,85,46
598,162,42,57
653,173,36,74
675,204,36,92
702,264,50,81
754,322,46,70
792,327,36,61
808,314,62,86
835,337,71,87
850,390,47,26
862,407,139,52
891,427,140,63
922,434,119,70
946,424,76,75
924,402,78,77
886,392,110,64
863,374,103,78
823,367,96,65
802,366,59,52
763,348,62,63
750,323,76,63
776,296,68,49
739,285,98,46
661,289,87,57
591,270,58,66
530,238,94,68
529,251,68,61
554,264,41,69
563,284,45,82
515,316,125,88
521,352,166,64
549,349,157,78
559,379,113,83
547,389,93,85
572,354,71,91
590,298,98,83
559,286,117,74
436,277,125,79
287,243,162,90
232,236,142,80
223,245,94,78
237,258,69,78
270,256,68,79
366,222,70,85
469,176,64,92
531,137,108,77
608,118,114,70
671,108,130,62
756,99,94,64
802,111,62,76
780,166,76,81
788,212,60,71
800,236,56,75
815,247,120,81
862,251,162,79
951,234,143,76
1041,216,93,85
1055,221,75,85
1042,230,79,95
974,227,78,104
755,225,140,105
