812,402,70,78
810,403,69,76
810,403,69,76
810,403,69,76
810,403,69,76
810,403,69,76
810,403,69,76
810,403,69,76
810,403,69,76
810,403,69,76
810,403,69,76
810,403,69,76
810,403,69,76
810,403,69,76
810,404,69,76
810,404,69,76
810,404,69,76
810,404,69,76
810,404,69,76
810,404,69,76
810,404,69,76
810,404,69,76
810,404,69,76
810,404,69,76
810,404,69,76
810,404,69,76
810,404,69,76
0,0,0,0
833,428,46,52
828,412,52,52
840,394,52,41
838,383,43,26
839,391,27,20
826,355,69,59
839,361,57,54
820,347,75,69
818,347,76,68
821,348,73,67
821,348,74,68
821,348,73,67
821,348,74,68
821,348,74,69
841,357,70,68
850,388,67,69
845,399,64,68
831,402,68,59
843,305,77,64
788,292,76,74
780,288,78,86
789,302,78,87
804,319,74,87
780,335,78,80
789,343,78,80
763,306,82,88
694,341,82,90
653,245,79,87
586,64,74,67
655,1,61,70
648,1,66,37
624,1,62,32
623,1,65,30
633,1,62,40
648,1,49,45
631,1,64,42
631,1,64,42
631,1,64,42
631,1,64,42
631,1,64,42
631,1,64,42
631,1,64,41
631,1,64,41
631,1,64,41
631,1,64,41
631,1,64,41
631,1,64,41
631,1,64,41
631,1,64,41
631,1,65,41
631,1,65,40
631,1,65,40
631,1,65,40
631,1,65,40
631,1,65,38
631,1,65,39
631,1,65,35
0,0,0,0
0,0,0,0
0,0,0,0
687,1,9,19
633,1,64,39
632,1,64,39
632,1,64,39
632,1,64,39
632,1,64,39
632,1,64,39
632,1,64,39
632,1,64,39
632,1,64,39
632,1,64,39
632,1,64,39
632,1,64,39
632,1,64,39
632,1,64,39
632,1,64,39
632,1,64,39
632,1,64,39
632,1,65,40
631,1,65,40
631,1,65,40
631,1,65,40
631,1,65,40
631,1,65,40
631,1,65,40
631,1,65,40
631,1,65,40
631,1,65,40
631,1,65,40
631,1,65,40
631,1,65,40
631,1,65,40
631,1,65,40
631,1,65,40
631,1,65,40
631,1,65,22
631,1,65,40
631,1,65,40
631,1,65,40
631,1,65,40
631,1,65,20
631,1,65,40
631,1,65,40
631,1,65,40
631,1,65,40
631,1,65,40
631,1,65,40
631,1,65,40
631,1,65,40
631,1,65,40
631,1,65,40
631,1,65,40
631,1,65,40
631,1,65,40
630,1,66,40
630,1,66,40
630,1,66,40
630,1,66,40
630,1,66,40
630,1,66,40
630,1,66,40
630,1,66,40
630,1,66,40
630,1,66,40
630,1,66,40
630,1,66,40
630,1,66,40
630,1,66,41
630,1,66,42
630,1,67,38
0,0,0,0
0,0,0,0
0,0,0,0
632,1,13,14
0,0,0,0
0,0,0,0
0,0,0,0
0,0,0,0
0,0,0,0
0,0,0,0
0,0,0,0
0,0,0,0
0,0,0,0
0,0,0,0
484,1,35,18
479,1,46,18
480,1,43,17
482,1,43,17
481,1,43,17
483,1,43,17
484,1,42,19
484,1,42,19
484,1,42,19
483,1,42,19
483,1,42,18
483,1,42,18
483,1,42,18
482,1,43,18
482,1,43,18
482,1,43,18
482,1,43,17
481,1,43,17
481,1,43,17
481,1,43,17
