601,284,92,222
607,288,94,220
603,294,92,222
602,291,91,222
594,292,91,221
602,298,92,220
598,294,93,221
592,297,95,228
593,298,96,225
591,301,99,227
585,305,99,223
605,305,78,209
585,309,99,222
591,300,100,224
593,291,104,236
591,289,114,248
596,272,123,279
604,262,128,304
597,256,146,341
598,258,159,373
625,252,154,377
625,248,160,379
626,248,157,381
626,248,157,387
625,246,162,385
633,244,157,381
629,245,165,386
633,247,165,383
639,244,162,379
641,235,168,384
643,234,170,380
643,234,174,385
636,233,172,387
627,234,171,385
618,238,172,383
622,234,167,377
610,231,172,380
606,229,167,380
585,240,170,383
595,240,168,379
604,234,167,379
617,222,164,381
658,222,166,382
661,227,177,383
660,233,175,373
647,235,174,381
632,235,172,374
619,232,177,379
610,233,179,375
600,239,177,373
602,228,175,378
588,239,184,378
570,223,171,379
581,212,173,384
593,216,167,386
600,211,168,384
603,214,166,386
562,209,166,386
548,206,168,388
536,208,160,388
540,214,158,388
549,206,158,388
565,208,156,396
569,223,164,387
571,211,168,389
559,214,172,387
549,208,165,389
545,203,158,385
547,192,153,387
566,208,157,388
574,218,157,384
586,205,157,391
593,203,158,388
567,206,161,389
582,208,155,388
574,201,158,386
578,193,161,383
577,186,157,387
573,183,167,385
577,185,164,384
613,178,162,385
633,160,169,391
612,162,178,390
576,161,174,386
577,145,181,385
582,147,177,383
585,144,178,384
553,131,182,386
546,124,182,382
532,122,187,387
533,136,187,385
538,141,184,385
537,152,184,388
537,146,190,382
538,144,182,386
542,151,187,380
517,122,206,425
489,85,234,480
454,73,269,540
440,71,285,561
439,80,284,554
443,82,279,560
443,86,282,560
453,93,277,559
453,100,278,561
455,105,277,562
456,108,275,557
458,104,269,560
450,108,279,560
449,113,279,552
455,111,275,555
449,101,279,557
453,104,268,555
454,108,264,551
459,103,269,559
466,104,267,551
464,101,266,555
461,97,264,551
464,87,256,558
467,85,251,564
467,90,248,561
465,96,248,562
469,100,248,558
478,93,238,558
476,94,228,560
475,99,229,560
479,104,230,566
487,112,225,552
489,100,227,563
484,96,220,563
479,98,228,564
475,99,220,558
476,106,217,560
471,112,217,554
470,111,215,555
472,110,211,556
476,116,220,560
482,117,210,558
485,109,207,560
489,115,216,559
493,117,213,558
489,122,218,556
485,126,219,557
484,118,222,556
491,108,212,560
495,97,219,559
498,87,220,561
500,98,219,564
499,102,215,558
499,102,218,563
503,101,218,563
506,102,215,564
502,107,223,562
503,102,225,564
509,101,224,560
511,94,221,565
503,99,231,567
508,103,224,568
507,110,228,563
513,115,229,559
512,111,224,564
506,106,230,564
509,97,232,561
507,96,241,566
510,96,243,565
505,95,233,564
506,96,234,562
504,97,226,562
500,100,231,564
501,94,228,565
496,85,236,566
507,89,231,567
508,96,231,566
514,104,233,567
514,114,234,561
516,116,234,562
524,122,233,559
521,115,232,561
515,114,234,557
514,112,235,561
516,116,238,561
524,112,232,561
524,110,239,562
525,109,234,556
522,109,238,561
522,109,235,558
521,110,234,558
520,110,236,555
516,111,234,557
510,113,245,558
516,120,234,558
511,128,242,558
520,135,232,550
535,135,233,556
540,137,233,552
535,133,232,553
535,135,231,554
536,129,219,558
534,128,229,560
539,127,218,561
541,131,216,560
542,136,215,556
545,133,214,558
541,139,211,553
543,143,208,549
541,144,215,547
550,147,210,542
558,152,204,540
558,153,212,542
554,158,208,535
552,154,211,541
554,143,207,548
553,144,213,554
551,136,210,551
554,134,206,561
553,138,209,552
555,136,214,553
555,130,213,561
553,130,214,557
560,128,215,557
563,129,225,559
560,130,231,560
559,140,236,558
557,149,241,545
557,151,246,560
560,129,242,559
562,125,251,559
560,121,252,559
552,120,250,559
548,126,250,558
545,126,248,557
544,127,246,562
542,121,246,558
543,121,250,562
546,121,251,560
549,132,249,556
553,132,248,560
558,135,248,556
561,138,242,556
556,134,242,556
553,125,241,559
551,130,241,558
547,126,244,559
544,114,242,557
544,100,241,559
538,96,242,556
533,90,242,561
525,89,240,568
529,91,235,567
527,87,239,569
524,85,240,569
521,85,230,565
516,85,241,570
515,96,235,564
514,98,241,562
516,96,243,565
518,100,243,563
519,99,243,560
511,102,245,561
511,105,240,554
512,109,240,554
519,110,240,558
523,114,239,556
521,105,239,557
521,105,239,558
521,102,237,560
523,110,233,560
519,108,232,561
522,106,230,558
525,109,232,561
529,106,232,561
531,108,232,561
533,109,232,561
532,116,232,561
530,117,232,561
530,119,232,561
524,125,241,559
529,126,232,561
529,119,238,562
529,113,235,569
531,105,230,570
544,110,236,567
539,118,240,566
528,113,237,565
523,106,238,564
519,102,232,561
517,101,232,561
515,91,235,559
519,88,232,561
520,98,232,561
521,98,232,561
528,101,232,561
527,104,228,554
520,100,220,558
518,96,210,562
515,104,216,557
495,116,200,560
494,117,205,559
492,117,201,558
492,122,204,556
