140,56,31,170
142,57,30,167
138,56,34,170
140,59,31,168
139,63,32,163
139,61,32,164
137,60,32,165
138,61,39,164
139,60,36,166
137,58,37,170
137,58,37,169
139,58,34,169
138,63,33,163
137,58,35,168
140,61,30,164
140,60,33,168
138,63,34,162
142,60,31,168
138,60,33,168
140,64,32,163
140,65,30,163
138,60,33,167
139,67,32,161
138,65,33,162
138,63,34,165
140,64,33,166
137,63,34,165
140,66,32,164
138,65,33,164
137,65,34,166
138,67,31,159
138,65,30,163
139,65,32,161
141,66,30,161
139,67,32,159
139,66,35,159
140,63,31,168
138,65,35,161
138,64,34,161
138,64,35,161
141,65,32,161
142,63,33,164
141,63,32,165
139,61,33,168
142,60,30,168
137,62,34,165
136,65,36,161
137,61,35,167
141,67,32,162
138,66,35,160
139,67,33,160
139,66,33,163
137,68,34,161
140,67,32,161
138,68,33,160
137,65,35,164
139,66,35,164
139,62,33,166
139,62,33,165
137,62,33,169
142,64,30,162
140,63,33,167
139,62,38,165
140,59,32,170
136,61,35,170
138,63,33,163
139,61,33,170
138,58,34,171
140,60,34,171
139,57,32,173
