309,252,112,199
329,236,101,218
334,225,102,208
350,242,90,168
355,245,87,151
363,249,78,130
370,245,73,113
372,245,72,104
374,244,69,98
380,244,54,79
391,247,123,185
394,246,139,213
402,246,131,209
397,245,141,208
399,250,141,207
399,252,143,207
403,249,141,203
400,244,135,199
398,245,125,182
399,246,107,163
406,248,95,151
413,246,83,134
414,238,69,116
415,239,149,220
417,251,153,214
429,257,148,206
430,253,135,191
433,255,129,180
437,259,146,206
440,259,146,210
442,255,128,212
448,258,100,176
444,255,108,168
445,258,99,144
449,263,86,132
451,267,83,115
451,259,65,109
452,261,143,208
448,263,147,212
451,267,145,227
456,263,144,235
461,257,145,238
459,255,146,236
462,257,142,232
462,256,147,237
464,261,148,226
475,259,135,234
479,264,119,204
