899,268,254,229
867,275,247,219
832,269,228,215
828,257,192,206
847,247,182,205
870,240,178,205
898,242,162,200
926,227,154,215
935,223,144,206
952,221,130,213
973,225,134,222
982,220,135,222
977,191,145,229
977,162,125,232
963,135,109,238
953,123,115,235
933,121,113,232
916,116,127,232
893,111,151,233
874,107,169,234
864,103,182,233
850,101,194,232
819,114,228,234
806,123,250,231
842,134,240,228
867,144,235,221
888,148,231,220
912,149,226,219
944,154,225,214
947,150,225,212
915,143,220,213
879,136,216,194
847,120,212,191
815,104,217,191
760,82,250,197
732,80,245,175
698,78,244,160
663,72,243,170
615,68,244,158
569,56,232,218
528,50,216,223
503,46,197,225
477,51,184,224
477,55,176,222
471,76,177,217
479,107,170,214
503,135,162,205
513,152,162,195
488,173,192,174
461,192,183,167
478,203,166,161
467,197,178,166
482,191,182,174
493,202,192,168
517,216,197,160
539,213,193,164
551,216,191,167
554,220,198,164
570,217,198,157
596,216,199,159
630,216,197,162
660,222,189,158
709,233,185,157
737,240,180,164
750,262,179,164
769,273,164,157
783,282,149,162
801,294,160,190
815,290,187,176
837,366,177,93
841,350,183,109
852,344,180,132
857,344,182,148
856,353,176,149
853,370,166,151
846,380,165,161
828,396,172,156
