123,120,116,97
150,182,86,76
193,174,75,79
188,175,78,80
181,180,76,78
187,180,70,74
175,179,81,80
183,180,72,78
187,185,71,75
182,184,77,78
183,188,73,75
181,185,77,77
186,182,73,77
177,186,78,77
183,184,74,78
183,186,75,81
177,183,79,87
181,182,87,83
179,234,81,37
173,243,81,37
176,222,78,65
202,239,55,51
166,245,73,58
159,259,70,55
152,267,72,58
135,284,75,61
115,286,81,71
106,282,89,71
116,289,78,71
120,303,88,72
124,306,91,81
137,310,90,79
146,306,95,91
154,320,103,92
173,318,109,102
194,314,112,100
207,308,119,112
206,306,125,105
213,299,122,114
192,308,118,102
