684,364,97,97
672,364,98,97
659,373,100,96
642,398,102,88
644,420,92,92
643,442,97,90
644,456,96,88
644,463,99,86
648,472,93,86
648,480,94,92
653,481,91,92
655,481,89,92
650,485,89,93
626,480,88,98
607,482,93,94
585,485,89,92
559,486,93,93
551,485,96,96
556,488,94,97
568,489,95,97
578,493,95,95
585,499,93,92
588,502,94,91
600,502,93,94
622,504,93,91
654,504,91,94
695,510,92,94
732,513,92,93
755,516,92,92
760,518,92,90
764,520,93,94
756,523,91,94
742,530,93,95
738,536,94,97
742,541,93,98
745,545,99,94
758,545,91,99
766,547,96,99
786,552,99,95
817,556,97,96
844,553,101,102
872,556,95,95
