609,74,14,14
608,73,16,16
604,75,15,16
523,118,19,20
464,145,22,23
338,182,36,37
279,191,44,45
194,193,61,64
113,196,78,78
52,194,90,92
52,196,90,90
52,195,90,91
52,196,89,90
52,196,90,89
52,195,89,90
52,196,90,90
52,194,90,91
52,196,90,90
50,197,92,89
52,196,91,90
51,196,93,90
51,196,92,89
51,195,92,90
51,196,92,89
51,196,92,89
51,195,92,89
50,195,92,89
51,196,92,89
50,196,93,90
50,196,93,90
50,196,93,90
50,195,93,90
50,196,93,90
50,195,92,90
51,195,92,89
50,196,92,89
51,195,92,89
50,195,92,89
51,195,92,89
50,194,93,90
50,195,93,90
50,195,93,90
50,196,93,89
50,196,93,90
51,196,92,89
50,194,92,90
50,195,92,89
51,195,92,89
51,195,92,90
50,196,92,89
50,196,93,90
50,195,93,89
50,196,93,90
50,195,93,90
50,196,93,90
50,196,92,89
51,196,92,90
50,195,92,89
51,195,92,90
51,195,92,90
51,196,92,90
50,195,92,91
51,196,92,89
51,195,92,90
51,196,92,89
50,196,92,90
51,196,92,89
50,195,92,89
50,195,92,90
52,196,92,89
51,196,92,89
51,196,91,89
