677,351,156,101
679,360,142,92
690,386,27,63
685,313,33,126
713,295,54,108
718,300,90,145
740,294,107,155
749,267,74,161
741,230,35,176
718,216,29,168
671,266,63,123
603,241,90,151
654,195,53,186
661,217,138,147
681,276,187,77
696,226,160,129
708,179,93,188
672,178,55,206
607,204,119,188
535,264,206,104
500,322,228,55
499,305,173,125
598,294,50,135
614,343,114,133
706,294,101,69
701,211,57,123
675,194,47,149
671,196,45,159
663,202,38,154
636,238,41,122
638,245,25,101
615,222,39,119
593,231,37,144
581,234,39,99
563,242,21,56
529,299,15,34
0,0,0,0
482,394,8,9
375,382,88,32
421,345,52,25
425,302,58,32
463,258,55,68
530,254,30,65
588,272,31,56
602,339,12,11
554,342,54,15
569,322,69,54
582,310,20,39
556,312,47,130
462,350,117,34
472,255,50,138
498,245,44,125
489,240,58,122
483,212,45,144
485,204,39,39
484,200,42,68
487,195,43,170
485,187,45,128
464,182,49,195
451,177,57,200
466,174,41,196
469,261,34,44
481,396,55,32
557,425,99,51
575,407,175,54
613,320,161,63
579,244,157,96
515,185,146,206
503,165,52,251
409,192,114,212
341,262,194,106
335,316,172,49
356,281,165,119
417,415,49,31
481,256,39,91
590,332,130,52
632,206,77,144
623,170,48,152
609,168,48,154
623,174,48,151
637,183,46,165
659,241,21,93
651,200,38,141
659,206,36,147
667,213,42,107
686,217,36,63
690,230,27,62
668,243,37,128
668,379,9,21
0,0,0,0
0,0,0,0
0,0,0,0
0,0,0,0
0,0,0,0
0,0,0,0
566,320,34,41
604,279,24,66
654,283,15,34
0,0,0,0
0,0,0,0
754,302,25,22
627,345,38,9
587,322,40,29
545,335,40,10
448,285,81,51
462,281,21,45
433,240,31,78
431,274,43,51
320,332,30,17
0,0,0,0
260,351,82,84
248,330,103,37
301,267,93,82
413,303,8,39
469,276,39,36
414,341,51,20
464,317,24,85
423,329,78,106
385,351,126,50
384,325,115,39
395,291,98,64
421,270,69,65
452,257,64,87
491,256,21,30
533,269,33,82
487,373,22,10
496,332,20,27
449,375,51,55
427,311,99,55
504,268,38,76
0,0,0,0
497,322,25,47
425,347,113,61
469,268,61,115
484,375,12,11
475,331,53,40
463,330,63,112
425,292,106,80
525,270,33,59
471,345,51,16
0,0,0,0
405,352,119,42
495,300,19,46
483,284,104,93
475,335,39,25
481,323,39,121
397,327,121,37
489,261,23,79
486,288,103,91
