1,431,82,204
1,480,98,70
23,460,64,66
1,178,110,254
1,105,112,305
23,114,98,311
90,119,74,311
170,155,76,117
226,233,83,84
76,328,244,93
58,382,164,30
120,413,35,25
30,378,70,94
1,379,21,40
0,0,0,0
0,0,0,0
0,0,0,0
0,0,0,0
0,0,0,0
0,0,0,0
0,0,0,0
0,0,0,0
0,0,0,0
1,198,12,69
1,270,53,318
34,217,77,323
86,187,74,306
149,275,76,340
236,227,79,339
333,209,76,339
433,285,75,327
509,222,92,295
607,197,65,200
682,253,65,194
720,194,64,181
761,172,60,180
796,240,58,166
817,211,53,249
840,191,53,177
852,245,54,124
847,205,54,146
845,181,48,172
855,236,36,115
845,295,11,49
786,193,44,184
760,291,22,129
725,289,12,103
668,183,43,170
641,301,13,59
599,285,20,116
554,182,43,173
517,281,19,96
467,285,31,137
427,196,58,196
409,258,16,90
369,261,47,185
377,280,15,75
381,285,12,148
383,308,12,134
389,226,42,179
404,205,45,229
439,298,22,93
437,308,35,80
445,242,73,189
479,248,19,98
440,267,58,113
431,394,167,84
554,404,115,108
625,374,84,167
733,479,17,44
752,330,49,182
750,354,167,113
831,365,143,48
935,302,46,82
931,214,149,164
952,233,180,149
976,331,223,96
992,374,213,91
1036,351,52,65
1044,201,76,223
1068,183,76,246
1045,203,92,232
1031,265,113,163
1026,362,104,99
1031,317,91,145
1006,268,94,145
1017,194,58,210
985,207,76,230
946,275,111,124
956,322,102,121
952,312,92,159
923,251,94,141
957,193,54,199
938,189,49,210
890,264,107,140
900,321,109,130
896,320,110,115
943,311,43,113
936,185,53,236
930,195,49,150
924,290,84,108
932,312,92,150
909,299,113,89
931,190,54,179
948,193,51,238
912,226,100,194
918,349,118,53
930,315,100,126
925,257,91,140
964,183,50,212
956,177,52,223
916,260,108,160
932,331,109,113
924,326,115,79
960,264,36,161
944,177,52,210
927,197,55,165
940,330,80,63
931,318,95,138
902,328,123,58
965,307,34,119
952,200,50,229
932,190,51,176
947,315,72,93
933,331,95,131
920,336,94,57
934,196,67,239
950,183,53,237
923,207,47,107
897,323,121,57
917,315,111,127
901,265,102,128
928,186,56,242
940,198,51,233
905,198,59,149
906,294,88,110
919,323,95,137
903,325,123,87
974,354,25,75
949,192,52,235
956,193,50,154
936,210,68,209
919,308,89,67
939,318,84,148
914,311,122,57
941,197,77,217
961,184,62,245
950,271,61,84
