677,358,140,169
682,406,165,73
703,423,137,26
727,380,76,92
743,350,18,149
703,349,68,187
669,409,153,160
708,519,127,11
663,519,183,18
649,400,127,145
711,308,23,192
698,327,144,112
728,381,176,59
775,353,124,138
793,350,92,84
791,361,46,22
783,288,57,159
737,306,149,143
739,406,188,26
790,361,113,183
847,356,14,207
819,411,65,127
800,468,72,26
777,466,155,16
759,453,166,12
734,432,156,12
697,411,146,12
706,387,86,9
647,358,95,7
633,341,42,12
613,304,61,56
613,283,37,89
624,272,12,105
605,271,53,122
611,315,79,102
650,366,63,43
699,394,29,7
0,0,0,0
740,333,15,87
730,284,46,156
721,284,62,122
727,320,60,59
748,339,52,20
769,324,55,35
810,329,60,14
772,306,141,57
862,302,44,60
0,0,0,0
962,355,46,78
985,330,14,165
941,365,76,139
895,398,141,82
889,422,152,10
932,387,118,50
956,350,102,90
1012,285,62,159
1059,361,32,22
1078,370,69,52
1084,330,30,174
1021,339,86,176
1007,377,91,65
975,398,112,18
908,355,167,66
907,312,133,109
905,285,110,135
911,286,89,129
912,247,72,170
952,273,32,159
982,276,20,161
980,316,58,97
968,406,48,29
952,425,120,18
960,427,117,20
1007,398,74,36
1006,404,31,27
985,385,45,69
996,291,74,140
997,353,32,88
1005,223,44,195
1011,219,12,188
987,243,25,153
956,254,50,143
935,261,58,94
896,273,102,59
909,291,96,26
972,270,46,24
870,292,92,22
860,250,133,48
915,218,102,107
983,296,74,59
1005,364,110,17
1006,366,75,35
952,328,36,15
999,227,40,172
929,177,103,176
894,207,111,114
0,0,0,0
868,251,36,37
906,201,51,41
903,224,102,18
891,218,108,57
0,0,0,0
0,0,0,0
968,256,130,104
990,221,18,181
0,0,0,0
0,0,0,0
760,245,51,11
0,0,0,0
905,118,38,117
0,0,0,0
1037,263,59,29
0,0,0,0
769,372,19,16
698,291,16,12
0,0,0,0
790,163,83,48
0,0,0,0
0,0,0,0
0,0,0,0
932,190,112,114
910,242,15,47
759,321,37,21
767,299,52,22
766,293,51,55
794,304,16,47
809,287,7,61
786,210,27,111
811,295,19,31
814,298,17,27
803,256,60,78
0,0,0,0
799,222,50,55
772,220,77,96
742,186,33,112
658,218,39,82
568,259,91,48
503,271,169,61
539,233,28,22
651,211,34,87
717,237,31,92
0,0,0,0
740,297,123,59
742,285,90,64
732,276,11,40
654,227,57,85
0,0,0,0
565,251,109,47
0,0,0,0
0,0,0,0
704,197,22,53
697,235,7,10
675,230,24,13
0,0,0,0
494,274,55,11
488,229,115,37
0,0,0,0
394,191,139,75
0,0,0,0
467,155,52,80
552,209,14,60
574,292,18,35
577,314,23,22
0,0,0,0
0,0,0,0
0,0,0,0
0,0,0,0
0,0,0,0
0,0,0,0
0,0,0,0
551,297,18,27
573,266,15,56
541,282,19,23
0,0,0,0
640,194,15,88
627,177,70,124
