1037,339,229,85
1058,362,164,70
1099,258,101,205
1105,231,55,206
1096,274,78,164
1085,328,103,72
1108,275,67,181
1040,261,140,224
1022,358,215,78
1066,391,135,67
1093,277,89,193
1109,246,50,209
1082,278,81,172
1077,312,99,103
1092,252,74,204
1027,249,133,218
1008,339,225,83
1035,350,134,74
1077,257,107,207
1097,238,63,228
1056,259,86,206
1028,300,106,158
987,262,120,221
955,232,78,257
886,205,65,262
805,168,81,245
724,170,79,241
648,171,64,261
575,180,81,279
494,209,98,243
393,232,146,285
341,258,146,237
293,322,94,82
144,374,87,94
17,425,147,78
1,458,150,65
1,441,231,57
1,380,240,107
45,288,182,191
108,214,85,238
147,171,67,159
112,194,121,224
58,275,194,157
21,270,201,101
1,203,169,154
46,164,67,120
1,220,93,168
1,328,139,40
100,251,63,170
77,293,154,42
167,219,46,80
148,208,53,116
129,223,68,119
85,269,108,80
71,286,139,49
86,257,113,90
141,244,42,125
123,296,120,64
106,320,137,55
134,300,113,81
181,257,40,81
152,264,75,125
148,282,95,92
180,262,55,119
208,280,75,73
153,333,139,35
165,304,124,67
211,259,45,57
165,263,82,124
131,293,129,77
141,308,126,61
188,282,65,125
215,312,95,102
171,352,145,39
181,326,122,67
212,266,58,135
177,270,81,133
150,295,116,87
168,288,103,94
221,265,47,115
236,315,79,43
176,329,137,45
201,281,90,117
208,265,51,133
178,291,107,97
189,307,122,65
226,283,70,99
278,294,68,83
227,347,144,41
291,323,77,36
281,276,56,127
260,278,74,119
229,315,118,51
234,306,135,67
280,266,56,122
265,295,134,101
237,342,159,43
244,301,147,87
293,254,47,94
234,265,96,135
200,317,148,51
201,291,148,81
243,251,62,145
234,285,138,105
187,337,185,46
193,283,151,109
233,234,56,110
171,255,102,145
119,299,168,59
106,279,171,71
150,227,81,158
148,251,144,133
77,308,226,53
85,257,184,112
150,194,69,127
85,204,118,189
42,280,195,63
38,280,215,69
65,214,167,154
148,191,78,177
76,257,219,101
21,288,247,79
42,207,188,199
80,165,77,175
10,206,154,167
1,265,197,68
1,237,180,89
27,173,121,208
99,198,119,143
1,283,238,65
1,239,226,126
102,161,65,140
38,168,122,213
1,231,188,104
1,234,211,79
38,162,139,193
114,174,109,148
1,239,242,87
25,184,168,190
45,117,78,157
3,95,142,240
1,170,167,183
27,258,125,154
38,214,171,230
6,233,211,140
117,162,70,257
120,160,133,250
126,228,213,140
