382,403,187,81
444,369,180,42
490,354,159,75
534,333,162,87
583,364,108,66
706,364,30,24
790,301,29,22
799,277,37,37
820,253,46,75
834,242,44,68
855,246,46,96
892,234,47,83
913,269,47,50
927,349,75,36
932,412,62,56
924,415,76,70
983,361,28,35
948,263,46,120
909,246,42,144
872,315,79,59
927,363,22,7
920,275,51,135
943,273,41,68
917,275,80,172
929,366,30,56
910,334,51,33
877,262,34,82
836,331,18,25
863,402,42,38
888,284,66,69
873,265,41,74
868,336,54,102
853,331,85,70
860,264,41,33
795,281,70,102
852,342,21,23
836,301,83,105
861,257,35,84
822,339,116,53
850,374,56,76
810,301,102,56
814,254,39,35
765,320,118,66
827,323,37,125
851,314,61,39
839,266,44,87
799,329,128,87
835,369,43,55
782,350,117,37
797,271,33,91
746,334,124,62
843,380,15,11
860,350,59,46
848,267,42,97
803,367,83,32
845,355,53,123
788,324,125,48
810,254,37,103
748,333,129,75
852,381,17,12
863,326,77,49
848,262,44,96
805,344,105,51
869,443,40,42
793,350,153,45
835,255,64,116
781,321,146,89
0,0,0,0
870,307,112,112
927,273,63,83
892,277,76,132
909,373,40,112
879,333,93,48
848,296,15,57
807,304,52,73
726,368,47,35
0,0,0,0
0,0,0,0
0,0,0,0
872,240,33,50
888,261,38,48
0,0,0,0
1004,465,39,39
987,388,81,51
945,250,45,107
848,251,46,37
0,0,0,0
0,0,0,0
861,347,24,59
857,328,42,38
860,223,55,202
874,358,71,94
0,0,0,0
977,445,28,46
0,0,0,0
952,274,48,43
861,231,52,112
777,269,60,50
0,0,0,0
0,0,0,0
821,375,63,12
877,329,52,85
839,202,104,203
877,427,31,35
0,0,0,0
995,432,32,34
1011,401,37,40
967,229,48,50
854,187,47,41
760,231,182,150
852,352,90,18
0,0,0,0
0,0,0,0
827,344,85,28
845,247,74,138
879,253,43,154
863,164,58,125
908,267,56,60
0,0,0,0
0,0,0,0
1067,347,46,54
1022,175,50,75
934,91,58,185
869,60,45,226
798,87,51,53
0,0,0,0
661,263,26,30
649,380,46,42
855,390,13,9
663,394,209,47
876,388,22,20
743,114,110,148
821,48,72,225
896,43,69,57
951,93,71,71
961,185,97,124
1053,317,19,39
899,379,158,47
885,379,128,60
853,385,18,12
698,291,14,16
0,0,0,0
567,254,86,77
533,193,82,104
513,167,47,56
497,156,40,60
479,145,37,50
448,128,42,56
416,129,43,123
381,111,47,117
332,133,64,227
311,110,46,185
287,110,49,256
265,114,51,69
222,102,70,238
214,116,61,257
202,94,51,266
184,108,51,256
154,98,66,254
127,107,76,254
102,122,72,247
88,129,55,197
45,180,83,243
39,277,46,49
28,391,20,18
62,365,29,91
84,338,97,144
83,384,98,107
112,314,179,164
178,333,167,131
275,360,101,51
