176,304,162,158
220,257,84,207
261,218,56,240
244,214,58,243
196,241,114,215
140,350,232,63
185,329,196,191
244,331,120,223
232,349,208,183
216,357,258,84
300,249,132,221
384,204,68,263
410,203,75,257
371,212,128,253
313,297,261,141
347,358,254,144
424,323,158,242
431,354,205,160
425,305,228,155
476,208,115,276
519,185,69,270
535,180,66,261
509,181,100,284
422,270,262,185
431,366,269,117
508,331,170,247
537,323,146,255
494,399,233,83
523,240,206,261
585,162,100,327
611,148,85,339
582,157,135,330
520,205,271,268
507,373,339,86
596,326,236,282
666,311,146,327
620,365,272,204
636,320,270,204
702,173,184,373
782,142,147,377
814,113,189,335
842,122,216,322
869,186,253,308
902,276,287,221
987,373,267,105
1108,420,140,92
1165,389,84,135
1194,450,72,61
999,364,204,117
950,356,162,101
928,365,24,8
844,371,50,33
780,337,145,64
783,294,54,69
826,280,47,124
838,327,17,71
0,0,0,0
802,246,38,45
786,193,42,162
780,211,37,85
776,232,33,67
759,238,43,85
753,238,39,48
717,237,45,87
663,237,36,96
619,260,30,26
0,0,0,0
611,307,16,24
574,237,34,26
0,0,0,0
560,197,39,108
536,195,36,76
512,210,36,98
487,214,39,154
467,214,38,150
463,211,40,153
460,211,39,155
467,211,43,153
480,211,42,153
487,210,42,155
488,211,42,157
493,211,42,157
