371,215,101,160
342,308,98,37
311,323,145,12
382,195,72,107
378,173,13,149
348,170,9,78
331,128,34,83
215,217,157,30
254,166,108,170
318,189,44,156
0,0,0,0
335,136,12,104
294,179,83,159
277,289,85,38
270,271,106,55
324,154,58,138
342,143,11,100
0,0,0,0
265,227,98,143
230,257,141,86
336,245,40,31
348,161,60,95
364,167,47,76
361,218,11,14
350,139,28,98
275,127,95,176
250,202,133,39
294,172,97,148
357,202,37,137
377,242,15,60
375,166,18,91
374,178,35,79
331,241,82,107
0,0,0,0
316,294,100,38
375,204,65,101
387,177,31,131
392,208,16,113
371,352,8,35
361,363,10,24
0,0,0,0
0,0,0,0
446,353,20,18
412,322,102,75
485,345,60,23
540,309,24,22
575,247,14,63
595,198,36,102
629,189,49,114
667,195,46,96
720,217,38,104
769,256,22,83
806,307,7,20
0,0,0,0
0,0,0,0
920,311,17,8
961,290,39,23
965,295,103,25
1000,293,121,12
1081,295,76,13
1050,286,145,20
1064,294,143,29
1056,270,155,67
