615,388,269,197
723,342,150,305
775,345,107,294
786,412,134,114
798,285,140,225
824,220,113,289
878,220,89,299
948,325,74,179
1034,401,59,153
1079,348,64,278
1101,357,83,228
1131,404,63,87
1094,302,63,231
1070,283,63,228
1085,322,60,162
1090,396,61,140
1067,361,67,226
1074,370,65,189
1074,375,58,88
1028,288,63,225
1014,273,80,237
1062,301,58,176
1064,406,73,89
1049,354,59,218
1026,354,96,195
1061,369,61,83
1013,278,64,208
988,249,68,237
1012,293,59,189
1042,407,55,56
1035,367,66,195
1056,388,56,159
1051,383,58,114
1040,304,61,216
1036,299,88,203
1072,318,68,141
1091,389,50,112
1085,355,63,209
1100,359,65,184
1118,368,58,71
1092,279,50,204
1066,238,77,232
1074,258,96,201
1119,322,66,106
1129,365,62,131
1133,316,57,214
1159,341,60,162
1134,331,58,101
1094,260,84,218
1078,248,95,218
1094,256,77,207
1133,380,52,69
1124,433,57,63
1086,353,95,94
1021,281,155,183
996,287,125,129
998,349,94,89
1036,302,48,160
1035,345,53,101
1010,300,176,119
1062,295,133,136
1153,381,55,55
1086,318,147,174
1075,333,163,134
1127,343,57,63
1031,296,139,120
991,312,207,82
1022,348,76,64
1068,276,46,143
1079,305,141,88
1117,285,124,105
1222,303,58,62
1131,383,149,30
1165,362,115,65
0,0,0,0
1225,391,34,20
1241,424,26,20
1251,474,18,17
1225,441,57,37
1212,420,68,53
1119,435,59,49
1083,346,88,138
1067,339,84,146
1085,376,46,114
1115,384,35,75
1115,369,87,89
1152,333,49,48
1117,351,114,86
1146,396,69,44
1163,370,35,56
1130,382,119,45
1164,351,47,99
1113,362,127,45
1153,317,44,130
1092,314,97,131
1052,343,128,72
1035,369,77,79
1039,351,66,98
1066,365,28,42
959,313,109,109
959,292,62,134
899,325,57,41
904,293,49,122
910,353,78,43
938,296,50,80
887,313,147,64
927,306,45,102
978,328,62,34
969,279,57,91
946,289,132,96
946,304,80,90
1008,319,32,72
982,324,176,105
1013,271,123,163
961,304,187,116
