855,240,67,210
858,284,60,92
860,289,123,99
877,260,145,171
830,285,174,76
790,288,169,80
792,217,102,197
782,227,35,211
707,305,144,159
700,397,215,72
737,447,236,19
793,455,184,21
1003,450,74,20
1005,450,115,39
1129,452,29,20
0,0,0,0
1252,430,26,15
0,0,0,0
1257,407,10,8
1253,389,9,11
1217,374,11,10
1156,314,118,56
1145,286,69,37
1083,267,54,39
1023,258,47,51
977,253,29,50
937,245,20,29
897,242,15,27
846,242,15,39
786,245,17,42
744,251,10,30
710,242,20,102
680,242,22,97
656,247,18,94
644,248,11,102
629,252,20,94
618,286,16,65
591,316,14,39
539,340,36,19
512,346,53,41
449,322,79,87
446,346,16,23
435,336,12,38
438,299,9,98
451,294,13,26
458,293,32,47
461,332,29,16
453,336,53,37
463,328,17,70
439,336,39,64
425,354,41,27
0,0,0,0
442,312,12,16
408,308,56,66
356,357,57,49
317,385,48,24
267,351,93,71
282,311,41,129
261,294,87,139
288,323,112,68
278,395,65,25
242,383,52,75
166,385,152,70
148,406,166,32
226,401,42,41
0,0,0,0
120,382,171,72
100,389,157,57
0,0,0,0
74,339,55,122
98,302,16,172
87,282,92,195
71,305,190,150
128,385,132,22
140,366,38,70
75,363,128,96
10,388,196,53
75,397,80,33
0,0,0,0
139,347,49,32
101,373,55,27
0,0,0,0
0,0,0,0
16,325,49,99
76,291,15,144
76,275,111,157
92,302,196,118
206,371,83,18
216,356,17,69
140,353,151,98
108,380,191,44
159,381,109,33
0,0,0,0
160,349,149,77
150,356,153,63
0,0,0,0
165,350,39,56
172,317,45,97
