636,397,46,188
688,383,43,184
718,391,53,187
757,378,48,196
791,388,43,137
836,381,42,136
858,386,42,130
882,377,41,133
893,384,45,132
902,376,43,103
865,373,74,186
861,373,58,190
851,371,47,193
824,380,59,184
817,382,39,193
788,392,37,190
759,407,39,193
729,422,49,189
706,428,60,185
693,434,51,184
643,446,77,121
666,442,37,189
657,456,24,147
641,454,22,167
616,452,27,162
615,444,24,27
613,466,8,31
610,470,13,103
606,467,23,126
603,465,29,125
579,415,41,167
577,413,35,169
581,412,38,172
580,413,36,171
587,417,38,161
588,422,37,93
588,427,38,176
583,435,38,175
576,443,37,175
