705,599,116,27
748,212,22,240
671,160,59,351
829,558,101,15
850,300,33,288
833,396,89,193
817,278,63,292
867,442,45,114
839,259,43,288
839,405,87,199
807,339,128,155
839,496,108,107
778,452,84,40
830,524,126,85
774,448,131,87
882,541,77,44
774,471,172,97
0,0,0,0
834,498,64,25
841,300,68,293
790,519,143,47
827,257,40,328
826,452,131,81
821,238,23,325
796,455,148,118
820,239,48,310
801,453,141,136
800,297,97,229
799,462,136,128
790,318,146,184
812,505,136,104
771,395,171,75
812,526,123,73
767,441,96,44
817,536,145,78
765,446,122,72
817,547,134,63
767,470,192,85
0,0,0,0
759,504,144,36
827,250,43,327
773,392,175,158
804,228,76,315
790,429,166,148
816,247,91,268
828,441,135,156
784,329,176,155
815,478,146,116
756,290,144,170
819,530,93,113
0,0,0,0
815,608,29,12
730,258,116,86
674,300,46,199
783,360,56,219
694,487,93,142
673,649,86,12
0,0,0,0
0,0,0,0
0,0,0,0
0,0,0,0
0,0,0,0
0,0,0,0
0,0,0,0
0,0,0,0
0,0,0,0
655,620,123,32
609,568,177,39
606,542,199,25
652,484,138,58
645,292,85,258
648,324,108,98
694,210,36,261
538,334,276,107
501,260,205,219
525,408,280,80
552,333,68,188
518,311,140,218
532,338,176,209
551,409,191,154
536,468,233,53
613,264,84,270
656,230,60,269
638,212,92,268
538,308,263,147
515,251,247,161
520,293,218,84
555,264,143,62
561,215,182,133
547,264,205,112
526,169,150,244
469,207,230,197
553,204,89,212
539,265,183,56
531,247,221,129
533,160,107,227
480,169,213,246
535,160,95,276
566,183,141,173
613,177,96,192
500,254,178,69
524,185,177,200
526,168,143,238
596,128,75,275
573,133,158,267
492,271,244,66
470,216,278,133
499,154,187,258
554,156,51,290
543,221,142,113
572,203,92,203
516,291,189,232
648,577,14,47
665,601,103,51
663,609,108,37
652,604,127,40
661,599,92,42
650,519,121,60
694,222,95,271
581,524,223,60
668,197,39,259
484,428,223,95
708,522,98,84
628,530,187,23
484,513,267,79
494,510,264,101
478,425,251,146
524,365,196,250
466,483,269,115
519,386,202,245
451,475,270,141
586,351,90,277
455,465,265,132
546,383,169,257
452,476,270,110
592,315,83,284
530,396,164,222
545,309,145,266
520,410,160,217
531,312,166,265
544,393,142,238
479,369,224,194
521,409,167,225
455,406,251,125
483,452,244,176
452,454,269,57
481,498,260,133
439,510,282,32
465,409,260,216
481,313,209,213
455,442,267,169
501,215,206,232
599,301,172,269
551,180,146,245
634,272,206,49
578,494,187,55
763,287,80,259
795,387,96,206
802,304,75,205
851,486,47,90
817,461,39,34
879,540,62,48
816,484,108,73
0,0,0,0
778,482,175,85
843,304,80,279
790,497,115,69
821,220,54,353
812,503,95,84
788,238,79,326
851,560,99,15
756,63,25,305
0,0,0,0
864,532,54,39
888,517,39,43
884,424,43,118
886,451,49,98
895,443,45,103
902,528,22,33
