643,399,129,58
622,352,193,48
564,194,144,202
658,253,65,204
629,205,145,192
662,251,111,132
637,282,181,154
662,323,163,108
627,304,197,137
626,422,195,70
628,400,223,64
642,307,184,175
609,363,228,129
637,222,26,219
642,236,84,200
641,247,153,176
665,231,23,208
645,139,91,227
634,337,179,142
592,323,46,127
699,364,91,97
686,428,173,39
658,227,56,215
650,263,133,211
686,228,92,186
672,187,14,237
666,179,123,161
682,246,114,143
636,259,227,138
582,343,40,129
586,379,57,124
578,477,53,71
580,486,71,53
570,359,24,122
495,257,47,236
486,190,61,154
562,370,43,156
571,494,93,47
693,385,131,105
656,315,131,180
645,241,64,189
672,342,162,104
582,402,255,75
622,309,176,163
603,198,58,203
649,250,74,187
638,256,179,160
667,344,142,93
667,317,162,87
674,403,151,56
623,426,220,44
684,425,177,40
664,430,185,34
642,179,51,226
628,249,142,184
629,227,156,190
641,288,125,166
657,314,171,78
626,353,187,116
623,421,218,36
667,402,159,52
623,318,181,159
621,181,45,230
630,303,114,152
658,236,88,195
662,328,122,97
625,246,173,160
657,344,144,81
680,370,152,63
672,390,157,60
669,364,170,79
661,304,22,122
584,321,22,132
610,188,59,275
679,316,100,135
658,228,109,145
667,365,145,67
674,299,149,105
675,345,148,87
616,374,221,95
628,333,196,153
676,358,171,104
656,234,130,201
656,275,110,183
654,234,16,174
671,302,122,104
676,365,173,69
671,319,148,101
651,235,146,139
629,417,184,79
640,320,191,149
638,350,206,134
618,421,232,48
639,243,46,163
641,251,99,186
659,204,50,227
635,258,160,166
619,228,184,176
628,360,185,124
638,304,216,129
642,334,216,131
631,328,212,155
642,205,32,224
650,251,101,186
660,207,109,212
662,231,72,226
641,193,135,182
657,332,176,103
603,297,72,127
653,345,150,141
642,387,228,91
645,220,125,226
657,267,123,195
656,210,86,206
640,250,172,164
641,188,119,204
677,316,138,101
685,321,156,86
634,378,198,99
625,372,236,79
675,372,170,95
643,368,215,106
663,272,138,197
652,254,115,218
614,167,58,228
670,274,104,127
660,192,96,215
665,281,109,125
673,364,183,70
632,400,222,72
684,408,171,50
686,400,180,60
665,213,52,225
630,176,47,234
660,260,117,173
689,253,153,134
643,295,165,151
629,382,235,64
669,323,148,112
676,398,179,55
679,395,176,66
627,354,228,124
656,272,21,167
656,254,90,190
671,201,46,223
647,250,97,203
632,205,173,200
658,299,124,117
678,305,162,100
644,269,187,164
