705,161,224,115
534,3,55,190
707,194,225,142
735,189,213,115
480,1,184,139
766,234,252,105
676,144,242,121
499,4,110,210
705,211,224,130
708,229,240,111
586,1,80,229
722,167,224,144
716,274,244,55
427,33,181,206
707,158,192,169
709,228,235,96
510,2,151,236
731,169,233,148
722,259,236,68
440,45,157,192
717,175,201,150
710,244,253,97
497,1,141,233
722,177,210,150
725,225,220,110
407,1,169,224
720,285,224,141
636,330,282,56
371,1,113,306
234,411,213,86
587,288,115,79
416,1,167,228
706,189,222,127
710,238,231,76
399,1,214,202
705,159,207,145
717,253,241,85
559,1,48,224
688,112,175,173
715,222,221,88
497,1,124,168
649,1,110,150
684,378,302,94
321,1,185,231
574,221,134,122
0,0,0,0
322,1,109,198
510,86,105,212
593,420,246,88
280,5,203,195
513,47,116,251
358,470,38,66
260,1,51,123
209,386,218,125
539,338,189,77
347,30,98,314
398,449,44,61
0,0,0,0
449,65,79,277
474,199,199,118
425,225,291,212
460,327,293,103
535,101,331,181
462,55,266,316
449,2,186,309
481,209,242,127
424,297,287,168
459,354,296,111
511,150,311,178
437,409,195,150
481,1,134,267
516,2,247,270
424,480,237,57
475,361,314,96
535,116,275,170
410,367,234,173
476,345,291,109
501,408,279,21
491,405,257,33
442,1,80,398
451,328,86,125
450,333,150,123
461,1,106,388
469,238,159,211
447,416,186,61
438,3,36,393
464,323,124,110
451,300,224,144
450,4,150,378
495,179,273,154
430,327,237,138
461,411,298,25
462,1,318,291
429,277,254,178
466,224,268,157
504,205,305,91
425,333,312,143
484,320,322,105
545,38,301,176
421,153,270,293
476,350,275,119
509,354,275,79
479,357,270,62
435,1,105,407
444,268,116,159
445,380,201,63
479,2,47,295
500,130,127,247
472,430,158,73
435,23,27,411
437,261,45,170
447,353,119,112
465,26,25,421
476,212,53,201
447,381,129,77
415,39,21,408
447,276,60,154
458,355,79,117
452,6,33,429
476,218,44,178
466,305,78,150
413,18,24,407
440,397,52,69
447,185,80,261
433,223,45,193
456,434,79,28
465,199,106,228
445,119,79,239
445,423,125,38
442,171,196,247
444,1,150,390
494,241,220,115
465,241,259,166
419,1,43,401
435,159,76,221
441,285,165,148
435,1,158,405
498,1,224,289
458,423,218,116
438,1,104,339
458,142,128,221
437,366,97,102
428,1,34,416
426,89,82,250
415,417,111,104
385,1,116,241
557,95,132,167
570,421,260,115
424,1,136,100
769,223,261,126
680,121,249,155
490,1,110,209
698,186,232,128
712,219,197,99
600,1,57,224
730,202,232,119
715,253,247,79
454,2,133,234
718,220,218,116
703,225,237,106
586,1,65,222
719,204,228,130
716,240,236,105
477,11,123,241
707,190,182,139
713,229,248,109
561,2,90,239
714,157,212,157
716,255,245,84
358,5,209,221
719,235,220,141
649,234,274,108
434,1,54,341
41,288,320,171
267,265,172,178
495,311,90,124
600,137,134,154
697,141,207,156
614,1,41,193
706,156,222,144
