614,230,44,158
609,451,186,23
641,240,19,193
607,339,211,93
648,224,9,208
611,338,176,108
633,264,97,211
597,276,184,138
588,210,73,211
619,269,140,148
612,324,173,136
616,234,163,154
613,364,190,109
634,301,11,131
602,326,233,151
605,188,107,201
600,367,201,108
629,282,12,152
649,432,158,28
629,264,28,152
598,368,199,84
585,227,81,211
603,318,203,105
611,161,40,222
604,343,213,121
590,294,45,150
578,380,119,73
657,210,58,262
658,262,78,190
649,299,138,169
599,237,179,140
631,314,21,121
626,229,79,192
603,413,200,43
623,233,83,177
604,391,203,83
627,210,48,200
595,394,213,65
590,162,40,227
614,368,177,94
645,231,21,201
640,287,142,103
640,233,74,221
614,257,136,169
623,273,121,202
588,213,165,174
0,0,0,0
639,311,83,102
655,431,153,33
640,257,79,120
650,412,159,52
637,312,15,56
596,382,217,70
613,154,32,220
610,426,196,58
585,290,66,165
513,478,160,51
566,194,75,218
672,413,107,73
658,317,30,126
641,404,171,24
624,305,15,120
601,363,177,99
627,320,118,167
642,323,104,82
653,347,13,121
646,250,56,131
623,354,189,127
624,252,37,140
610,426,200,53
643,241,20,194
606,412,211,44
633,237,26,188
610,403,197,70
633,264,85,181
644,331,156,71
630,238,14,157
610,400,185,74
648,257,62,187
657,412,171,33
636,241,49,197
606,338,191,95
642,315,22,156
589,270,170,131
631,333,22,140
632,297,22,122
625,288,136,191
598,175,47,214
609,426,199,49
611,266,127,157
607,417,215,40
623,178,68,207
602,409,187,68
629,241,59,195
598,363,198,67
638,231,21,180
611,384,188,65
638,250,23,191
642,291,145,101
568,213,90,206
612,301,166,148
642,244,35,215
598,243,182,160
633,290,125,185
606,314,169,114
594,425,235,30
589,180,159,182
628,265,150,189
623,254,114,162
651,398,160,42
639,224,86,137
659,359,168,80
623,185,33,213
607,402,201,54
533,261,80,192
553,357,85,117
481,320,42,194
487,189,21,227
626,313,30,146
670,326,65,115
628,343,178,125
643,282,155,84
633,250,121,215
626,254,126,175
623,314,155,174
651,239,112,126
604,382,189,95
624,230,93,190
590,421,222,51
596,203,118,199
604,394,186,78
615,242,29,204
593,306,198,124
640,329,15,123
649,372,131,62
628,267,103,202
647,260,146,111
585,208,72,219
647,300,121,109
635,300,109,188
644,277,127,110
626,297,145,187
639,243,72,138
590,392,210,67
595,160,37,221
608,427,205,49
621,238,79,186
587,323,204,101
568,203,92,208
607,370,189,97
615,299,136,183
590,217,170,167
625,323,31,134
619,254,117,172
635,287,112,196
604,273,156,152
627,288,132,193
624,223,94,192
610,382,208,98
630,211,61,153
606,424,203,53
621,252,97,183
597,377,228,71
599,225,60,188
609,350,172,112
608,224,45,219
634,283,157,112
554,222,85,159
607,346,165,130
627,225,17,217
646,357,142,76
592,227,64,219
644,290,121,120
638,266,64,215
603,190,130,190
631,263,145,212
586,297,174,142
578,422,31,57
581,199,32,212
659,269,155,232
