471,163,143,285
592,317,32,179
427,264,76,193
458,328,66,168
0,0,0,0
299,405,104,107
0,0,0,0
556,241,84,184
553,38,99,140
551,1,88,236
639,30,150,180
704,192,96,281
0,0,0,0
183,302,202,198
268,8,119,264
592,43,112,158
639,93,110,236
804,538,187,107
0,0,0,0
0,0,0,0
978,335,164,44
906,209,192,212
855,481,304,30
966,206,96,168
993,488,192,41
995,265,182,109
846,506,328,45
993,421,205,64
839,521,331,18
972,429,178,101
852,424,300,119
925,484,204,60
854,262,64,179
761,377,295,76
721,224,183,290
836,517,125,37
685,224,148,247
763,498,15,123
663,444,35,95
672,402,46,102
727,448,27,89
0,0,0,0
484,373,27,75
0,0,0,0
404,483,80,35
0,0,0,0
487,292,216,211
849,477,265,135
862,457,176,63
668,82,139,305
587,478,13,51
540,222,34,127
409,504,50,33
411,440,96,64
0,0,0,0
453,290,139,123
0,0,0,0
826,263,219,257
833,319,236,194
805,410,270,60
864,189,129,186
811,472,158,140
0,0,0,0
0,0,0,0
753,152,36,276
0,0,0,0
0,0,0,0
798,430,65,147
692,291,172,267
626,298,229,200
635,261,202,227
756,426,47,108
710,464,22,83
0,0,0,0
0,0,0,0
744,379,51,137
513,315,49,140
381,210,88,188
0,0,0,0
241,566,16,18
404,276,73,198
164,540,85,21
267,318,130,169
239,494,31,16
312,261,187,258
236,489,42,20
284,293,164,239
252,424,98,72
198,448,298,67
0,0,0,0
386,247,110,201
263,250,162,247
410,186,67,307
826,320,274,176
890,228,163,157
907,263,72,141
808,446,151,143
803,365,29,159
0,0,0,0
687,142,122,280
907,513,125,71
0,0,0,0
0,0,0,0
0,0,0,0
644,298,24,186
0,0,0,0
586,230,58,228
537,297,130,182
563,329,71,164
499,153,174,265
0,0,0,0
922,185,175,197
838,97,164,257
845,530,146,56
0,0,0,0
887,510,187,57
0,0,0,0
0,0,0,0
370,31,48,325
625,86,43,108
571,123,161,151
426,285,219,40
417,343,129,97
406,347,162,30
425,281,258,135
684,245,122,252
0,0,0,0
757,342,38,192
886,534,126,42
799,389,208,158
809,297,123,288
851,474,107,106
793,328,53,203
0,0,0,0
679,144,139,279
907,546,124,75
0,0,0,0
713,497,28,59
0,0,0,0
0,0,0,0
0,0,0,0
616,216,107,175
641,259,33,200
