517,434,140,90
506,439,42,43
383,376,137,44
373,348,172,68
372,313,168,80
379,273,161,93
398,244,156,107
420,333,174,131
462,525,239,53
474,470,239,108
461,476,257,93
457,462,259,117
453,485,265,107
445,502,270,85
463,538,250,53
479,547,230,55
479,540,229,76
438,499,276,92
443,500,270,97
444,478,262,106
439,472,250,98
450,439,203,107
448,435,206,106
433,477,257,85
446,405,238,166
441,491,250,85
434,479,240,95
410,466,221,85
391,439,201,81
376,480,208,53
395,474,196,58
368,506,216,28
352,508,219,57
305,526,256,25
312,506,257,43
338,500,238,45
345,498,226,43
329,493,231,51
333,505,156,51
334,505,153,47
319,493,160,47
303,518,226,28
327,521,221,34
385,526,217,27
436,505,153,47
464,435,205,131
497,368,182,192
540,291,147,227
533,306,153,217
543,295,144,229
515,327,172,205
506,330,187,196
495,344,203,184
492,342,208,179
498,347,197,184
496,340,195,188
484,351,207,169
505,295,184,124
488,227,146,228
790,487,42,16
867,341,84,202
872,506,118,60
865,350,95,216
877,495,64,74
863,348,40,202
826,473,123,109
845,368,55,128
825,487,140,117
835,365,77,195
817,470,135,124
822,365,95,193
807,477,142,130
810,332,87,214
793,521,132,73
794,437,138,94
797,532,160,98
775,480,181,75
0,0,0,0
751,522,200,39
800,419,152,191
775,539,204,32
815,322,61,283
768,444,191,136
819,304,25,281
782,455,151,166
820,304,32,267
787,462,165,141
804,362,100,204
787,489,162,134
803,360,97,209
776,509,126,106
739,404,188,114
786,533,149,111
0,0,0,0
0,0,0,0
732,504,183,67
797,613,19,14
0,0,0,0
784,393,164,225
817,503,99,57
716,213,122,294
769,576,46,68
775,472,70,176
776,20,45,311
729,2,61,45
698,1,29,39
734,51,186,158
768,20,35,266
727,211,119,107
518,308,211,229
834,371,164,135
750,81,84,294
847,536,62,51
0,0,0,0
883,567,55,19
812,237,39,262
805,383,102,204
805,529,142,35
825,327,47,264
791,311,82,211
741,229,77,330
767,390,126,239
728,284,150,298
743,270,67,283
649,269,48,124
633,200,131,136
442,363,227,182
562,388,140,159
598,319,136,64
528,72,278,143
735,1,79,228
777,563,197,47
740,98,90,324
660,57,169,105
772,3,21,252
794,295,133,300
783,137,42,347
688,10,151,229
681,16,117,190
763,175,81,312
805,307,61,242
732,176,123,294
803,303,38,243
703,318,49,225
773,376,223,189
629,17,265,169
716,3,123,257
752,95,45,246
772,358,200,225
660,157,213,280
675,79,204,89
728,47,46,229
767,233,76,276
759,225,105,328
705,55,99,295
674,7,160,258
727,138,116,277
796,374,139,195
745,137,107,306
822,313,40,229
665,360,123,183
0,0,0,0
721,129,137,292
824,512,98,91
810,368,84,125
922,562,70,23
761,272,128,83
626,139,152,236
609,344,165,202
870,308,29,249
849,323,57,189
778,107,60,325
817,409,125,199
736,239,135,289
771,161,53,316
655,294,30,208
649,158,54,228
505,301,201,207
891,467,149,63
751,65,96,302
