654,99,264,58
711,21,176,206
621,49,251,153
738,1,107,238
729,96,149,35
632,85,263,44
754,1,26,87
755,1,24,217
739,1,31,238
707,1,113,189
702,35,169,229
471,229,148,234
756,388,76,187
906,502,71,23
840,256,106,199
806,174,42,315
872,535,70,53
840,549,99,22
839,278,71,258
846,468,48,117
842,346,40,167
866,343,56,176
894,550,49,33
852,560,83,15
831,316,75,191
0,0,0,0
815,286,121,168
837,178,66,268
865,555,72,35
808,446,128,132
836,376,39,97
0,0,0,0
757,200,55,311
582,343,43,214
536,327,42,128
647,234,78,145
453,341,72,53
819,375,66,180
918,391,129,69
876,259,158,197
895,252,46,298
882,486,75,85
0,0,0,0
821,262,95,294
855,327,93,195
816,137,46,284
772,249,113,287
873,559,91,100
873,561,40,26
715,444,145,145
615,276,192,192
706,188,93,302
637,263,71,258
549,489,107,86
0,0,0,0
684,268,140,261
0,0,0,0
692,320,84,207
590,252,152,270
653,556,169,75
701,229,118,197
453,310,223,196
879,556,104,15
996,402,218,52
889,241,218,177
0,0,0,0
814,473,186,104
855,455,73,38
902,342,110,206
896,390,168,90
842,329,231,99
845,333,155,242
814,493,179,107
846,488,164,68
837,284,130,249
815,513,143,74
814,384,209,93
845,238,121,284
816,507,149,86
844,510,124,41
786,234,94,311
779,287,73,240
707,218,40,325
591,346,41,166
0,0,0,0
584,292,154,173
550,244,166,260
915,481,126,44
950,301,181,109
915,205,157,236
911,556,49,22
864,404,100,156
750,271,115,230
876,365,29,223
839,214,27,265
692,131,156,262
877,276,45,254
939,548,35,35
0,0,0,0
744,424,88,184
630,275,224,217
0,0,0,0
763,348,91,295
701,556,81,40
580,342,128,77
762,335,53,81
778,354,87,133
743,532,90,112
724,342,75,205
569,243,200,187
582,232,111,163
876,436,165,42
1082,376,122,41
1050,288,112,127
745,396,159,96
642,498,37,19
460,436,160,43
367,422,162,14
390,458,134,84
417,363,86,94
277,494,256,24
269,496,182,37
256,477,183,60
266,433,251,38
272,517,271,17
536,237,56,260
395,504,203,74
594,592,133,30
494,547,230,66
464,465,215,79
427,476,187,29
403,437,156,42
383,428,206,109
481,513,239,44
632,203,103,256
486,350,213,122
903,463,137,79
880,224,31,159
879,561,74,18
831,337,115,208
821,491,96,78
0,0,0,0
896,504,45,79
844,441,108,24
852,354,63,189
857,420,98,173
893,501,49,74
867,507,63,80
839,192,29,274
0,0,0,0
770,220,95,299
856,372,30,203
807,502,99,47
848,354,87,142
803,388,117,195
906,551,127,27
792,314,35,233
583,581,233,28
503,430,260,89
696,200,27,187
475,331,137,125
814,320,65,180
977,414,198,72
976,313,177,110
889,307,58,218
836,512,64,60
810,460,73,52
848,248,58,199
870,499,29,75
830,360,31,138
879,322,23,195
934,555,94,18
926,524,150,14
898,381,172,82
870,518,136,40
822,272,161,179
848,156,26,303
874,562,62,25
857,544,87,30
826,268,61,215
