655,255,147,83
672,163,58,244
688,304,106,83
649,333,173,91
611,281,43,83
607,411,40,28
640,211,46,173
634,267,170,119
673,264,13,110
644,238,140,137
662,225,91,187
660,270,130,86
603,384,42,44
638,231,22,168
636,352,205,51
659,168,34,191
635,387,197,31
674,219,35,171
625,275,166,106
585,224,44,192
631,244,21,111
644,336,187,86
647,169,114,180
684,260,106,126
669,230,22,137
628,341,201,61
620,227,42,137
624,350,62,66
669,265,36,148
637,244,173,140
671,199,93,204
647,225,130,156
654,246,111,193
601,202,139,153
604,418,81,60
608,178,48,215
674,363,152,42
658,166,26,186
643,299,161,106
669,189,27,217
601,310,201,80
590,232,35,158
626,219,16,185
678,343,163,70
662,163,77,190
688,393,157,21
672,210,51,171
628,374,206,37
598,157,43,209
624,283,60,111
654,281,22,116
641,105,102,221
663,222,183,158
663,126,115,195
630,316,214,75
619,55,36,229
641,330,188,97
533,251,99,148
596,321,24,81
599,112,92,260
695,177,24,232
662,271,157,155
621,220,149,135
607,419,74,70
635,213,16,141
624,382,215,35
653,162,24,188
639,275,164,128
615,177,84,212
621,267,196,123
589,209,36,189
626,289,33,107
671,224,97,204
637,150,147,180
649,235,144,180
674,139,34,229
623,361,221,56
605,246,61,111
604,343,99,68
602,184,81,198
647,200,135,169
651,257,143,161
682,208,77,126
686,343,154,58
593,166,46,208
608,421,73,77
649,227,34,162
642,266,160,111
667,264,23,120
681,260,119,102
664,225,102,193
602,197,155,154
588,203,41,196
637,288,25,83
651,281,169,156
657,170,123,184
643,370,207,38
678,204,58,187
633,386,209,33
580,207,60,176
625,329,58,91
675,273,25,131
691,257,118,77
681,275,16,125
687,255,121,93
674,337,155,75
610,254,56,121
614,432,92,49
626,181,53,216
622,223,195,158
642,172,46,181
646,192,165,180
648,202,118,215
613,101,165,209
