619,206,150,42
794,33,29,162
901,108,93,63
698,305,54,296
567,500,231,94
599,210,167,215
759,75,130,244
0,0,0,0
714,363,98,209
977,532,87,37
885,378,191,126
916,296,51,261
896,368,161,144
897,241,151,225
933,540,58,36
896,536,139,29
886,278,81,266
885,411,141,145
885,316,158,177
963,547,48,23
934,552,77,15
850,306,129,195
887,452,103,91
860,333,161,150
894,354,64,178
873,480,110,95
835,320,155,186
881,516,111,55
878,415,163,58
885,261,51,285
890,460,73,99
841,403,99,89
892,555,83,28
806,346,129,130
787,175,59,306
0,0,0,0
724,580,77,71
791,329,90,258
808,208,51,260
696,159,152,265
906,522,52,52
0,0,0,0
788,327,16,310
751,375,70,246
699,436,127,147
762,546,72,106
634,398,162,238
628,103,133,255
732,191,262,51
491,354,203,192
531,404,179,206
554,360,175,229
675,280,166,227
954,519,133,31
962,345,193,101
898,322,55,254
869,512,70,76
864,376,103,112
886,531,78,53
884,356,116,108
882,301,24,231
877,481,82,102
0,0,0,0
892,375,56,189
846,440,66,93
777,294,34,213
709,567,127,108
698,200,51,325
807,330,83,175
868,450,119,73
836,268,66,182
886,557,43,23
849,516,44,57
786,223,93,292
874,405,73,123
812,115,71,280
877,294,40,277
751,175,63,300
617,349,63,231
581,339,33,141
0,0,0,0
656,184,112,205
530,430,234,103
564,447,252,75
609,353,174,253
727,306,65,257
644,314,161,243
617,434,159,80
662,440,61,102
540,360,92,186
559,291,22,112
675,263,32,41
461,301,134,109
901,551,83,19
798,338,39,262
713,251,73,296
591,304,137,239
591,536,125,72
645,246,163,212
653,257,78,159
411,352,206,183
487,256,231,147
710,233,38,295
689,228,85,310
635,328,112,298
597,318,29,87
629,212,53,110
721,170,68,74
569,389,129,228
814,510,32,92
0,0,0,0
0,0,0,0
0,0,0,0
637,141,145,200
520,29,186,193
528,197,213,80
653,512,203,39
767,631,215,22
827,636,26,12
0,0,0,0
441,446,197,81
391,476,175,75
307,500,238,49
400,486,215,69
459,429,225,132
529,330,167,203
493,337,207,180
560,285,132,239
567,300,127,234
534,265,190,195
451,333,236,161
0,0,0,0
920,553,69,19
902,542,64,20
865,479,24,80
859,482,31,100
854,476,45,107
908,486,17,92
931,454,76,121
950,461,45,110
958,491,39,83
960,485,32,86
968,489,30,82
980,479,56,91
983,494,48,75
1005,497,34,63
982,503,49,68
980,501,43,69
977,492,53,79
978,497,38,71
978,500,47,71
972,500,44,72
975,494,44,73
973,500,53,71
973,501,40,70
985,510,42,61
989,523,42,41
976,530,22,41
914,531,23,47
822,520,57,69
727,393,82,227
662,301,80,263
625,336,118,236
648,386,109,172
652,444,99,128
637,440,115,132
613,309,133,285
631,282,96,313
630,274,107,314
643,289,98,298
649,366,56,210
681,118,39,285
679,267,53,251
839,555,91,34
798,483,69,41
802,265,56,270
819,505,71,61
786,444,42,38
850,564,83,29
799,492,76,53
