671,78,145,183
436,322,112,76
898,553,91,29
791,301,54,285
726,286,75,273
595,317,135,224
588,557,225,56
720,277,87,79
543,552,230,102
654,598,115,75
619,438,113,117
652,63,104,278
631,22,195,42
684,34,31,69
724,2,17,71
770,4,21,42
650,20,256,138
545,2,58,232
712,8,35,200
523,178,125,280
787,372,77,189
942,314,114,107
809,51,51,296
895,565,28,17
0,0,0,0
792,203,63,299
876,391,39,167
827,151,49,269
872,297,42,261
1107,564,44,12
883,358,162,207
0,0,0,0
837,118,40,304
829,193,32,320
825,461,136,160
770,375,161,124
839,355,86,240
828,235,50,298
775,173,88,306
828,313,42,235
0,0,0,0
784,560,181,34
756,78,182,112
748,81,89,168
777,464,96,179
584,189,134,219
765,196,117,328
791,410,69,150
731,73,24,293
686,213,39,351
838,423,50,236
0,0,0,0
722,110,113,194
434,353,60,32
0,0,0,0
799,269,84,293
701,382,131,205
530,402,207,146
797,521,40,89
718,348,68,255
602,201,140,253
430,473,235,107
741,360,60,93
748,207,83,64
723,64,137,269
659,377,112,189
0,0,0,0
815,318,93,202
750,218,92,260
413,343,124,61
703,504,51,48
815,162,26,261
793,162,72,274
0,0,0,0
802,2,47,287
745,109,53,249
0,0,0,0
0,0,0,0
619,531,207,88
709,480,80,113
651,585,146,33
660,292,93,219
590,284,39,258
401,333,175,200
409,320,285,68
624,238,110,185
702,258,57,316
596,361,170,253
587,284,39,95
660,258,82,32
721,287,106,17
462,349,226,200
916,557,39,21
904,406,33,160
634,136,205,227
738,465,62,98
0,0,0,0
629,182,73,195
563,372,178,163
727,612,45,64
730,580,71,82
779,617,50,52
725,238,21,245
748,285,74,268
890,352,185,118
726,2,165,225
523,178,173,219
366,449,180,95
460,217,80,260
379,503,135,28
256,476,253,58
482,273,30,225
315,485,141,31
337,393,193,92
276,525,166,18
267,471,151,20
409,280,105,183
308,477,151,39
314,457,168,50
481,314,119,210
386,443,224,85
600,324,161,202
677,476,112,78
609,193,64,334
813,344,49,230
852,401,90,118
775,121,40,295
0,0,0,0
808,453,140,159
726,216,136,273
0,0,0,0
777,29,119,271
710,143,68,229
799,417,29,197
916,546,32,38
824,316,73,67
567,181,102,184
638,238,162,288
849,400,64,145
701,479,135,99
938,557,47,20
721,405,137,242
684,327,142,259
701,425,136,178
628,276,123,329
655,206,50,283
688,78,45,286
745,82,43,281
0,0,0,0
871,409,30,161
732,327,210,227
822,371,131,149
420,359,125,59
814,405,32,108
781,145,34,270
719,515,11,14
707,607,39,72
727,597,96,76
791,317,41,302
689,300,188,238
0,0,0,0
608,471,234,113
785,278,35,284
553,553,261,34
669,205,71,256
521,296,91,252
419,356,166,210
385,358,290,42
539,185,216,195
632,306,169,251
666,272,112,329
612,291,73,250
621,217,30,46
699,254,88,19
416,376,215,122
0,0,0,0
886,334,38,215
741,142,128,266
619,289,111,226
874,381,53,192
