571,409,25,279
447,674,25,46
511,708,19,12
528,708,16,11
533,710,14,10
0,0,0,0
0,0,0,0
0,0,0,0
559,704,15,16
538,707,17,13
565,401,42,319
449,661,29,58
0,0,0,0
478,149,273,464
408,416,62,210
542,567,36,149
0,0,0,0
552,460,59,257
527,636,23,80
555,692,17,28
562,523,47,194
484,549,39,167
0,0,0,0
0,0,0,0
434,342,30,376
577,285,78,381
655,555,154,82
611,626,119,76
0,0,0,0
0,0,0,0
604,589,79,113
478,542,40,174
487,701,20,19
542,414,38,303
505,659,24,59
542,670,24,49
582,706,16,13
555,465,28,250
464,674,30,44
505,663,26,57
549,665,34,52
565,384,40,333
487,670,22,48
0,0,0,0
520,705,18,15
0,0,0,0
0,0,0,0
612,676,31,45
516,693,19,28
571,682,21,35
562,690,26,26
563,368,29,350
488,700,19,19
500,693,24,27
526,569,27,148
503,424,21,294
528,675,20,44
0,0,0,0
438,705,33,15
0,0,0,0
0,0,0,0
0,0,0,0
424,511,122,208
423,570,94,129
455,316,46,397
536,262,92,406
662,596,128,54
646,603,138,50
658,634,76,35
0,0,0,0
614,461,79,234
616,376,23,338
0,0,0,0
527,666,19,54
542,454,28,264
543,674,19,46
588,676,19,44
620,625,15,40
557,545,26,174
569,566,61,120
597,544,93,58
623,367,28,352
0,0,0,0
511,578,45,115
529,495,137,59
479,407,261,51
530,341,214,187
431,153,236,480
470,462,36,170
517,450,110,87
555,416,162,46
619,540,29,31
536,447,56,269
537,679,26,38
525,155,172,439
387,369,69,237
547,530,18,138
622,633,22,27
606,430,63,285
496,660,60,56
562,571,131,49
662,589,19,24
572,423,43,293
496,692,20,28
0,0,0,0
0,0,0,0
0,0,0,0
0,0,0,0
0,0,0,0
561,579,212,138
511,492,207,226
567,518,63,128
561,370,74,344
476,686,20,33
0,0,0,0
554,708,16,12
0,0,0,0
583,705,19,15
598,495,51,222
501,668,21,48
585,604,33,58
609,584,33,37
581,359,25,357
478,676,20,44
0,0,0,0
506,707,19,12
521,710,21,10
0,0,0,0
0,0,0,0
569,607,161,110
570,483,128,182
563,489,88,215
575,323,23,356
498,672,16,47
0,0,0,0
0,0,0,0
0,0,0,0
605,708,19,12
617,560,37,156
513,576,24,141
587,556,18,129
556,553,98,103
601,336,46,352
462,688,20,32
543,618,35,73
554,677,57,39
480,508,227,196
582,140,171,392
263,291,190,331
532,397,24,164
537,431,159,39
561,460,151,109
629,362,21,353
0,0,0,0
522,708,18,9
0,0,0,0
549,707,17,13
0,0,0,0
0,0,0,0
593,488,23,231
516,660,36,56
614,607,20,14
623,498,44,218
575,465,34,249
549,654,25,65
591,675,22,44
628,675,23,27
0,0,0,0
0,0,0,0
685,654,39,37
626,504,126,27
593,432,121,205
618,415,53,217
561,426,40,291
451,696,58,21
555,233,159,310
325,336,137,269
568,525,28,139
0,0,0,0
607,379,76,339
