681,399,97,57
678,393,100,65
679,384,106,68
678,382,116,74
676,381,126,79
660,375,133,100
659,373,134,113
682,386,135,99
671,419,142,97
655,442,134,83
660,442,133,76
662,443,132,76
669,443,127,77
664,436,131,80
663,435,129,78
653,435,126,74
648,435,132,72
646,435,128,73
640,433,139,84
632,435,137,80
633,435,145,85
639,424,139,76
634,424,143,72
637,422,140,76
637,421,139,76
636,422,133,77
636,421,136,75
633,418,144,80
635,416,142,78
650,406,127,82
661,398,146,86
662,394,151,94
658,395,143,93
652,395,154,90
654,395,150,90
653,395,148,82
648,394,152,76
654,396,149,78
648,399,151,76
652,401,149,76
651,401,146,72
648,398,147,73
655,398,140,73
653,401,145,75
656,403,144,74
655,405,145,75
653,406,145,73
651,404,143,74
644,400,146,74
635,390,139,75
628,391,146,79
622,399,146,78
619,405,147,80
617,406,147,79
611,404,139,79
613,404,146,81
614,405,145,79
672,405,97,73
611,405,144,80
607,404,128,63
611,402,128,49
615,403,147,80
617,403,146,80
617,403,144,81
612,403,145,82
612,402,143,82
614,403,138,76
614,408,88,76
622,402,125,77
622,399,127,70
624,417,69,51
627,411,54,53
629,411,54,58
629,406,83,63
631,409,136,62
629,417,140,71
634,429,134,68
639,436,144,64
640,439,141,70
642,442,139,65
640,444,139,65
640,447,139,65
641,447,137,68
642,445,137,68
640,447,141,65
640,446,139,68
641,448,137,66
642,447,135,67
641,446,135,67
639,448,140,68
637,452,138,69
637,458,134,66
636,459,140,69
636,458,134,70
635,460,133,66
634,461,132,68
635,459,133,67
635,456,133,66
634,453,132,65
633,451,137,66
632,453,134,65
630,450,138,66
630,448,137,66
630,447,138,71
628,449,139,64
630,449,139,66
634,449,138,64
639,459,41,54
639,454,60,56
633,455,77,63
644,450,38,56
647,460,30,51
649,458,28,50
655,465,25,46
0,0,0,0
0,0,0,0
0,0,0,0
0,0,0,0
652,465,63,71
678,502,58,72
690,531,65,61
695,531,58,61
696,479,80,82
727,456,68,74
754,442,59,53
779,421,57,60
786,414,61,62
808,403,58,61
836,399,27,38
825,389,45,44
813,384,55,64
770,380,79,73
754,370,83,73
738,356,98,75
728,331,132,85
719,347,133,81
709,285,139,76
701,244,146,63
695,250,152,58
700,267,149,63
684,249,157,63
668,237,136,55
629,215,164,67
680,178,107,121
659,189,75,61
642,185,62,64
726,271,144,98
729,279,142,76
759,301,55,77
615,231,151,95
633,246,124,59
758,230,43,53
806,217,109,60
835,303,53,40
798,291,91,50
838,311,51,25
795,296,92,42
0,0,0,0
0,0,0,0
850,297,37,47
860,300,29,43
0,0,0,0
0,0,0,0
832,301,54,40
839,303,47,36
874,318,15,20
0,0,0,0
857,298,33,42
842,296,46,44
830,292,55,43
825,291,63,47
807,287,80,45
812,289,74,46
834,288,52,44
839,288,50,48
855,291,36,40
864,289,28,43
0,0,0,0
0,0,0,0
0,0,0,0
0,0,0,0
0,0,0,0
0,0,0,0
0,0,0,0
864,302,21,31
850,298,35,33
832,285,54,50
846,291,42,42
849,292,38,40
824,285,62,48
795,282,93,50
798,282,92,48
796,284,94,50
831,293,58,43
794,285,49,19
793,283,44,23
794,284,72,42
790,283,80,40
789,287,88,44
795,287,80,39
792,285,90,41
798,285,88,44
804,286,88,45
812,287,88,40
815,283,93,44
821,277,90,42
823,272,85,44
823,269,87,42
823,271,92,42
822,272,91,43
817,278,89,41
817,277,88,43
814,280,85,41
813,283,88,41
813,286,88,40
833,287,70,41
817,283,83,40
815,283,89,40
814,280,88,43
818,280,88,43
817,278,92,43
821,277,92,43
823,275,89,45
823,278,90,43
822,276,90,44
836,275,76,47
856,281,58,41
856,276,53,45
850,280,57,45
0,0,0,0
0,0,0,0
817,288,84,45
815,293,91,45
815,296,90,49
811,300,89,46
812,303,87,43
809,306,91,44
812,312,85,42
815,313,89,42
817,316,91,41
813,313,92,45
819,316,89,40
819,321,88,41
819,323,92,44
821,325,69,39
822,327,58,37
820,328,55,37
823,328,72,34
864,337,33,35
822,337,72,36
818,343,71,40
811,349,81,40
807,351,82,40
803,350,78,44
800,349,81,44
804,347,81,40
811,344,63,42
810,343,80,40
816,343,69,39
0,0,0,0
859,347,33,36
851,346,39,38
863,349,31,38
870,351,28,36
879,354,21,32
881,353,23,31
0,0,0,0
890,360,26,24
888,359,27,28
891,360,26,28
891,360,22,23
895,360,21,20
895,359,26,20
891,354,27,22
879,348,37,28
870,344,48,32
865,342,48,32
861,339,49,36
859,340,53,32
867,339,47,35
870,339,45,34
874,339,36,31
887,340,24,27
0,0,0,0
0,0,0,0
0,0,0,0
0,0,0,0
0,0,0,0
826,337,46,29
822,336,65,43
811,348,67,34
804,363,58,24
792,366,24,17
784,371,82,41
779,374,82,44
784,376,77,43
781,375,77,43
775,374,85,41
776,377,82,39
777,376,81,42
781,376,77,42
775,377,86,41
772,377,82,39
772,376,85,40
768,373,87,41
770,374,84,40
767,370,85,44
770,370,85,42
775,366,79,37
772,363,82,41
773,362,81,40
803,366,47,36
772,360,75,40
764,359,81,40
763,356,78,39
753,351,88,37
748,342,85,38
784,339,48,38
766,335,66,37
780,334,55,37
791,334,44,36
0,0,0,0
0,0,0,0
0,0,0,0
0,0,0,0
0,0,0,0
0,0,0,0
0,0,0,0
0,0,0,0
0,0,0,0
769,368,66,23
0,0,0,0
811,387,37,23
807,386,45,28
789,373,64,41
772,373,80,42
775,374,77,44
795,377,61,41
777,375,80,38
781,376,76,39
801,379,56,36
793,372,67,39
803,372,59,39
796,370,65,40
790,370,72,38
783,369,82,40
782,369,83,37
785,367,77,37
796,368,69,35
799,365,72,42
795,368,75,40
0,0,0,0
0,0,0,0
0,0,0,0
0,0,0,0
0,0,0,0
800,365,43,11
812,361,55,14
846,366,49,48
0,0,0,0
0,0,0,0
865,372,47,45
835,357,76,60
821,367,84,47
819,366,84,52
819,369,84,45
824,375,81,51
821,384,81,50
815,395,86,54
819,401,84,56
823,398,81,54
824,387,80,57
819,382,81,50
814,380,81,51
818,385,79,47
847,390,56,47
860,395,48,45
878,406,29,28
883,404,26,34
886,392,30,41
888,402,29,37
897,406,18,35
879,405,38,39
877,420,33,32
873,416,37,45
859,411,56,51
858,421,57,48
862,420,57,44
862,417,58,43
846,413,74,53
838,414,79,51
835,420,81,50
833,420,85,51
829,424,85,50
828,427,81,51
824,426,90,54
817,422,90,51
807,423,92,48
809,426,89,49
810,426,87,52
815,425,81,52
807,425,89,48
808,419,83,50
805,422,84,49
806,423,85,46
807,420,82,50
807,418,79,50
802,418,77,47
787,408,85,51
782,402,78,50
802,393,55,49
798,388,61,46
801,388,58,48
799,389,56,43
793,381,63,49
802,377,54,52
773,375,82,50
766,378,86,50
771,378,79,49
0,0,0,0
0,0,0,0
771,375,53,30
0,0,0,0
0,0,0,0
0,0,0,0
832,393,27,37
837,400,23,33
828,398,29,32
769,378,89,52
771,376,85,55
769,380,84,49
777,384,81,48
795,386,63,49
771,387,88,48
771,388,88,49
775,387,86,50
775,385,84,45
834,419,73,56
789,381,65,49
0,0,0,0
773,381,82,49
777,382,79,43
776,383,84,46
774,382,86,48
773,378,85,54
774,378,83,49
771,377,86,48
767,377,88,51
771,373,85,48
