972,262,301,320
1037,360,242,266
1045,376,233,266
1020,389,260,266
1012,401,267,263
994,404,285,242
964,405,292,237
944,411,298,247
939,414,307,247
948,419,300,252
950,413,303,247
956,415,298,248
963,413,301,252
963,416,314,259
970,412,308,254
965,415,314,260
974,416,305,260
985,416,294,268
996,415,283,260
1005,402,274,264
1015,401,263,277
1017,397,262,279
1025,397,254,291
1031,394,248,286
1033,393,246,287
1031,387,248,279
1015,376,264,284
1018,369,261,253
1005,359,274,232
989,355,286,235
980,356,299,234
970,359,309,266
966,362,313,250
969,369,310,249
972,376,307,258
973,380,306,260
982,376,297,270
991,377,288,260
1000,378,279,265
1031,370,248,291
1037,375,242,271
1022,374,257,272
1027,373,252,272
1031,373,248,271
1031,377,248,280
1031,366,248,290
1043,374,236,282
1045,371,234,287
1042,370,237,285
1046,372,233,296
1059,373,220,290
1055,380,224,293
1064,379,215,302
1065,383,214,296
1065,381,214,294
1061,381,218,304
1062,387,217,306
1063,390,214,265
1054,387,225,292
1051,394,228,320
1048,394,231,322
1044,393,234,325
1048,395,231,300
1057,397,222,318
1081,406,198,309
1122,417,157,302
1128,410,151,296
1136,422,143,297
1158,414,121,297
1156,454,123,265
1139,498,140,221
1102,526,177,193
1048,530,231,189
1008,502,271,217
990,479,289,240
982,466,297,253
976,457,303,262
977,436,302,283
995,419,284,300
1005,405,274,314
1006,392,273,327
1018,397,261,301
994,389,285,279
982,392,295,300
966,399,299,289
980,398,299,272
1024,398,255,264
1049,404,230,260
1073,394,206,271
1090,398,189,266
1107,410,172,274
1117,423,162,274
1123,436,156,271
1134,444,145,275
1139,460,140,259
1147,472,132,247
1135,478,144,241
1117,477,162,242
1099,479,180,240
1079,475,200,244
1069,473,210,246
1072,474,207,245
1057,469,222,250
