684,508,89,69
689,504,88,73
699,505,88,74
706,505,87,74
686,502,85,74
617,497,79,84
547,492,76,92
548,500,75,96
552,517,77,82
554,529,82,81
560,530,82,81
574,525,79,86
587,520,74,91
595,515,75,93
607,507,71,98
613,509,68,95
606,513,68,96
594,514,70,94
590,504,65,100
586,504,64,97
580,508,66,92
577,508,69,93
578,503,70,94
585,504,69,95
584,505,68,93
586,494,68,100
588,495,68,99
586,495,75,95
556,495,87,94
558,497,84,99
558,507,81,94
555,512,83,90
549,511,83,87
545,512,82,87
545,512,79,86
545,514,79,83
549,513,79,86
549,511,74,89
542,500,77,94
535,486,73,95
540,482,66,93
537,487,64,90
536,488,64,91
537,492,62,96
534,487,67,98
525,482,73,91
517,495,83,82
504,506,85,79
491,517,88,82
487,524,86,81
482,529,83,83
475,534,84,82
469,539,86,81
461,540,99,79
448,540,97,76
438,533,94,78
434,525,85,78
395,509,85,71
395,503,80,67
399,509,85,61
409,517,83,63
424,528,85,59
434,538,92,62
444,548,87,60
450,551,90,59
452,547,86,66
453,546,83,68
455,548,81,71
455,550,75,71
456,550,81,68
461,559,87,67
463,565,96,66
468,569,94,67
471,577,105,62
486,579,105,64
491,584,107,63
496,586,104,61
495,577,106,65
487,575,99,71
493,575,94,71
493,576,96,74
495,576,91,70
501,583,92,69
500,583,92,74
497,584,94,73
495,585,94,72
491,591,96,75
501,590,91,74
507,597,99,72
511,602,99,71
506,605,96,71
503,606,97,73
510,611,89,69
502,612,93,74
502,615,85,74
500,617,86,76
508,601,78,78
502,580,79,76
503,565,76,74
505,555,74,76
492,543,78,76
487,533,74,76
482,529,74,74
483,524,72,73
468,515,75,74
459,505,72,72
451,497,77,73
451,475,74,74
454,448,70,75
454,429,40,65
472,426,62,66
466,394,51,72
470,377,77,75
468,373,82,76
473,367,83,77
483,366,82,78
493,359,85,80
504,365,84,80
506,370,91,82
518,386,84,76
518,385,88,82
514,386,91,80
511,389,88,81
512,386,89,83
514,384,85,82
517,385,87,84
519,392,88,73
517,389,84,80
519,392,85,82
507,393,85,84
503,400,78,86
494,406,89,82
489,410,85,84
491,411,87,89
487,412,87,87
489,414,91,85
480,425,92,82
481,427,87,85
483,427,92,80
495,416,90,87
494,416,90,87
491,426,95,84
489,432,95,86
490,435,93,86
491,434,89,87
488,434,95,88
486,437,96,88
485,435,96,89
486,435,93,88
