104,1,302,138
1,1,406,421
1,114,410,561
1,207,407,511
1,236,388,481
1,346,378,373
59,495,277,219
114,379,296,337
151,75,257,539
77,203,329,513
101,549,308,176
153,299,254,414
166,59,245,555
122,543,286,172
166,514,241,208
197,16,230,508
112,387,293,333
134,651,272,70
160,187,245,498
242,36,167,500
190,623,216,97
269,229,136,489
326,174,79,187
139,333,269,388
387,159,22,103
0,0,0,0
151,2,251,317
1,6,244,461
1,83,381,503
159,51,246,383
38,1,364,170
3,29,320,388
1,1,334,477
1,119,317,450
1,104,397,466
116,87,286,497
