654,417,267,64
666,458,282,58
669,458,278,56
670,455,278,55
664,458,281,64
654,399,263,95
655,444,273,53
691,455,297,70
701,439,286,70
736,443,278,61
801,436,260,59
805,434,254,60
805,434,251,60
799,430,249,58
797,428,248,59
798,427,246,59
797,421,245,57
785,311,216,101
750,210,161,153
720,170,126,198
711,179,113,208
675,191,95,213
647,180,75,210
620,170,63,208
618,166,64,203
721,243,167,150
807,383,246,62
808,415,264,53
804,411,258,58
805,414,245,61
781,417,250,61
758,422,253,61
683,433,257,65
682,433,255,64
682,433,255,66
698,435,248,62
738,432,251,63
757,434,250,70
615,428,411,65
822,422,274,60
902,438,222,64
891,436,237,63
901,433,226,62
863,430,245,61
867,431,227,58
806,422,244,57
715,429,243,57
706,430,247,65
707,428,246,61
684,396,233,100
653,334,183,173
631,312,156,224
623,336,154,240
621,358,150,234
614,342,133,239
617,356,105,238
614,367,108,236
616,374,108,241
620,349,97,238
586,225,75,227
547,140,58,172
543,129,60,120
546,146,60,113
549,149,60,115
550,153,61,116
550,151,62,117
547,144,62,123
544,140,64,127
544,139,64,132
538,133,67,148
528,127,69,162
519,136,71,168
519,201,77,195
563,293,59,237
559,319,67,251
520,344,143,257
450,357,203,251
433,422,272,200
415,463,324,168
391,494,383,135
349,457,442,161
293,386,486,209
201,292,511,247
190,210,484,301
236,184,413,332
267,166,369,355
299,171,295,382
283,179,422,362
298,189,479,356
311,198,483,377
324,162,504,473
293,201,458,374
278,218,461,381
272,223,458,372
270,205,433,380
293,201,410,365
381,181,346,312
469,184,270,266
567,157,225,208
613,169,184,166
612,140,137,136
593,59,127,116
576,30,115,101
587,31,91,97
607,46,62,85
613,45,62,92
609,46,60,91
591,51,63,93
599,36,61,97
599,26,71,98
603,43,74,104
642,149,60,118
687,255,90,116
697,278,152,117
705,297,130,100
694,287,136,108
684,283,141,109
653,221,140,122
639,126,141,114
621,62,132,115
624,31,125,105
636,14,120,102
652,23,108,99
666,33,90,97
675,44,78,93
677,50,73,92
678,56,121,92
680,64,120,89
681,66,118,90
679,66,120,90
676,68,121,91
675,68,120,93
670,66,123,95
664,67,127,93
660,67,128,92
656,68,130,91
654,67,133,93
655,66,130,92
657,66,130,91
673,58,127,94
688,53,128,99
703,55,117,95
716,65,109,84
723,66,105,104
732,68,95,90
735,71,94,88
736,73,93,87
736,72,93,85
737,69,92,86
739,65,91,88
744,58,93,85
745,51,94,92
757,35,97,88
809,1,105,85
874,1,115,54
911,1,124,28
794,1,106,32
726,1,90,87
699,39,77,81
703,51,99,92
703,51,105,89
724,39,98,87
777,3,109,90
870,1,134,38
893,1,35,19
754,1,50,46
595,26,142,139
489,136,124,124
469,185,97,113
510,148,106,111
560,112,108,117
577,95,113,129
569,80,105,136
565,81,107,137
565,86,108,133
575,92,108,132
