314,31,82,42
315,72,80,43
315,75,84,44
317,65,84,51
317,67,85,49
317,68,89,49
320,74,86,48
317,75,91,50
318,77,91,49
318,82,95,48
320,82,95,51
320,82,97,52
321,85,96,52
321,85,102,56
321,87,104,56
322,87,105,58
320,88,110,60
320,90,111,59
319,91,115,61
321,93,115,62
321,96,118,60
321,96,119,64
321,98,123,66
320,99,125,68
321,102,127,70
320,105,130,69
320,106,134,75
320,108,136,75
321,111,140,78
320,113,143,81
321,115,146,83
319,118,153,83
318,122,156,87
319,125,160,91
318,128,166,95
319,130,170,101
317,136,181,103
318,140,185,105
317,143,191,111
317,148,197,117
317,153,206,122
