625,285,266,356
526,299,310,316
384,353,421,235
286,379,495,98
256,262,515,175
279,105,484,312
241,149,544,290
209,216,608,234
207,211,626,251
201,200,637,265
185,196,655,276
152,208,676,268
109,179,697,276
86,183,704,263
105,203,692,265
114,203,699,273
142,191,690,286
175,185,680,306
173,250,677,246
188,302,679,207
188,303,681,210
191,286,680,230
218,214,635,353
315,77,517,532
373,51,466,583
354,111,501,542
284,275,682,315
284,364,701,148
315,339,646,222
320,315,622,290
296,356,653,241
274,388,697,139
306,301,671,248
302,258,660,336
301,279,620,361
276,311,673,259
287,295,656,307
298,245,625,368
311,226,597,400
311,240,615,378
302,241,620,377
229,165,713,463
132,115,847,516
112,156,880,474
179,248,810,381
176,264,781,378
174,223,724,432
238,123,612,542
309,62,509,598
365,26,422,673
446,10,324,709
448,16,322,703
419,38,368,682
387,53,401,667
382,43,391,674
335,44,437,653
297,25,438,693
276,21,460,699
284,18,451,701
278,19,455,700
276,12,463,708
370,15,395,604
380,113,453,535
232,320,703,398
178,406,789,315
178,385,792,333
174,355,807,363
167,359,818,349
159,361,841,306
144,362,887,242
131,354,901,223
140,372,896,215
149,364,877,251
164,348,846,316
187,312,791,406
192,310,792,408
155,322,856,369
59,374,996,205
6,372,1048,160
2,320,1041,211
1,314,1036,221
1,277,1037,262
2,279,1036,261
1,321,1039,213
