259,303,53,47
248,337,55,50
368,188,48,34
449,63,40,32
479,15,29,14
370,43,28,21
255,64,29,16
233,74,28,17
296,99,30,18
373,124,30,20
461,152,27,21
451,173,34,25
393,195,36,27
325,223,37,28
251,255,39,33
158,290,49,35
78,332,48,45
118,389,56,49
175,419,58,53
249,382,55,54
317,354,50,45
373,325,51,44
428,298,47,41
475,278,46,39
518,260,45,37
504,238,43,33
487,218,39,29
467,198,39,28
452,180,35,27
436,164,35,26
424,148,33,25
410,135,36,24
400,124,32,20
390,114,33,20
382,104,28,20
370,94,31,20
364,85,28,19
353,77,33,18
345,69,29,18
338,63,27,18
331,55,25,20
324,51,26,16
318,46,25,16
310,41,27,15
304,36,26,16
300,30,26,16
296,27,25,15
292,21,23,14
287,17,23,14
284,11,20,14
276,12,22,14
267,16,23,14
256,20,24,13
248,23,22,15
237,26,25,15
227,30,23,14
222,34,23,14
225,37,24,13
229,38,26,16
234,42,24,15
237,45,25,15
239,46,27,18
243,51,24,16
243,55,28,15
245,56,26,17
244,59,28,19
246,64,25,18
246,68,26,17
244,71,28,19
242,75,30,19
239,80,30,20
236,87,30,16
230,92,32,18
227,95,31,21
220,102,32,20
214,106,31,23
206,115,32,20
198,119,32,24
190,128,30,22
177,135,33,24
174,145,33,21
175,151,33,24
175,158,35,27
176,168,36,25
177,174,36,30
176,186,37,28
174,196,38,28
173,206,38,31
169,215,40,34
166,229,39,31
160,242,41,34
154,257,43,34
145,273,46,38
138,292,47,40
127,312,50,43
118,335,49,46
105,359,52,51
110,378,53,51
138,377,55,54
166,377,56,54
196,380,55,56
226,383,53,55
253,388,56,56
282,392,57,48
311,393,58,47
340,393,59,45
371,393,60,55
401,395,60,41
432,394,61,43
459,383,62,54
467,377,60,55
465,372,51,54
455,362,58,63
314,14,3,3
322,30,5,4
425,364,58,48
331,24,4,5
492,215,44,40
342,114,40,29
244,50,41,28
192,15,32,17
247,1,31,6
0,0,0,0
229,5,24,12
210,31,23,15
202,53,25,13
207,69,25,16
212,87,28,17
216,104,31,18
221,123,29,20
226,145,31,21
231,168,31,22
