228,93,645,297
220,128,631,287
223,151,621,302
207,156,643,345
187,164,670,371
157,187,708,368
161,204,705,371
188,197,679,392
193,201,672,402
192,212,668,397
189,212,663,403
175,219,673,398
145,230,698,396
142,229,701,402
156,231,684,403
158,234,677,398
164,233,671,400
166,236,669,398
166,242,670,391
151,238,684,395
156,230,679,405
157,228,679,406
162,227,673,407
165,225,670,410
166,227,670,407
166,231,670,403
164,236,673,397
167,237,669,398
178,231,658,404
189,220,647,414
192,213,643,422
187,214,648,420
178,215,658,420
176,210,659,423
181,211,655,421
187,212,649,423
190,217,646,418
192,214,645,420
190,212,645,423
186,207,651,428
186,201,650,433
196,197,640,437
