581,319,126,203
699,334,149,261
735,412,124,185
684,302,93,120
759,222,96,107
710,170,93,78
672,140,71,66
666,125,57,52
638,143,50,51
596,168,45,41
575,184,41,42
526,190,28,41
489,189,27,43
483,172,49,50
494,175,60,62
469,288,68,66
419,322,52,55
418,330,30,42
423,362,26,44
400,363,53,52
402,382,62,60
457,380,70,68
496,375,84,77
465,324,60,66
433,332,36,58
457,355,31,60
412,350,35,54
494,303,49,72
609,236,86,100
717,387,109,106
602,463,96,108
575,216,82,115
668,149,49,62
708,136,42,76
733,117,83,82
647,70,67,123
492,87,141,122
370,137,110,105
310,269,141,123
332,302,125,120
536,272,99,119
690,298,94,120
661,334,80,116
547,375,66,110
818,319,95,141
814,255,112,140
0,0,0,0
0,0,0,0
860,194,69,75
832,319,100,77
879,362,98,72
839,311,86,85
882,187,72,74
0,0,0,0
0,0,0,0
0,0,0,0
0,0,0,0
0,0,0,0
818,16,77,81
870,102,79,76
0,0,0,0
0,0,0,0
742,285,75,72
766,325,78,71
876,307,60,63
893,274,51,65
777,274,68,72
755,336,82,68
866,307,46,63
907,297,40,23
940,297,57,51
911,283,66,44
0,0,0,0
0,0,0,0
817,89,43,56
818,142,46,53
744,176,41,48
740,214,51,50
