1218,11,62,156
1189,21,90,194
1116,91,99,192
1039,139,105,205
960,176,108,202
886,221,110,201
858,249,101,201
864,275,108,205
884,294,107,207
886,331,110,206
880,344,103,209
854,362,111,201
849,377,116,200
853,390,114,206
856,400,106,207
849,406,113,213
839,401,118,214
825,393,125,220
835,383,124,227
841,387,137,229
849,391,152,233
863,406,168,242
903,415,160,230
907,412,180,227
938,407,174,224
975,381,181,231
1008,373,159,233
1022,365,140,239
1011,366,141,239
1006,365,148,239
1029,366,134,239
1040,370,132,243
1046,369,136,245
1045,373,138,245
1036,373,138,252
994,377,136,255
972,375,132,256
968,371,129,257
990,373,148,250
993,375,144,243
992,365,136,249
989,348,115,253
965,332,86,257
926,335,86,251
901,325,90,252
932,321,39,253
0,0,0,0
1159,316,41,210
1159,281,67,238
1151,271,115,251
1105,246,174,272
1040,213,239,282
900,195,282,293
862,186,276,304
865,180,315,302
897,193,333,301
892,203,379,302
951,202,325,310
939,204,322,305
962,211,253,289
953,207,255,278
0,0,0,0
962,201,317,327
975,189,303,331
897,171,382,353
906,164,373,363
886,173,393,367
864,178,415,369
829,183,438,368
788,186,438,367
776,180,434,373
758,180,435,376
747,179,440,378
741,183,446,372
714,185,437,363
711,190,384,371
714,197,344,368
