471,215,107,160
446,219,160,136
423,216,196,82
427,201,199,102
530,130,82,177
387,44,295,235
325,88,306,206
324,137,295,189
385,180,280,161
486,202,196,162
512,219,117,172
522,241,88,147
453,278,121,116
376,266,215,130
382,303,227,131
408,270,239,133
435,230,183,139
439,246,175,141
407,273,287,147
436,270,306,147
451,262,307,134
492,246,304,129
507,254,319,150
478,246,329,127
438,249,312,140
445,239,232,148
498,231,158,148
511,234,104,122
454,227,202,154
417,273,253,144
408,269,268,143
400,237,287,113
396,224,292,122
332,250,323,135
189,352,381,147
261,346,274,128
267,366,254,151
221,442,282,99
240,387,183,124
258,376,142,95
299,341,143,97
348,332,178,92
412,302,107,114
408,202,83,156
468,15,154,237
