527,491,385,170
551,492,380,166
565,488,384,179
567,482,386,179
565,472,387,185
571,427,348,224
576,427,348,208
569,432,352,206
561,426,366,224
554,434,374,209
553,440,375,197
548,434,376,214
551,419,359,252
539,422,353,286
537,418,367,277
539,454,385,245
540,461,394,239
528,455,404,241
509,434,410,237
515,385,397,247
551,331,372,317
568,408,352,278
553,429,364,251
576,382,331,290
705,278,167,402
798,264,58,430
831,289,44,403
860,275,63,381
846,206,36,335
761,168,85,320
756,175,77,322
800,287,64,322
697,442,240,226
698,557,135,104
673,479,62,222
682,372,127,340
792,413,65,306
772,589,122,55
588,575,452,53
552,600,432,55
578,652,16,66
566,645,47,74
568,646,44,73
559,640,42,79
552,635,27,84
563,635,22,84
578,642,20,77
587,677,17,42
601,684,20,35
604,639,49,80
604,626,61,93
646,703,14,16
0,0,0,0
594,674,22,45
541,614,50,105
533,617,52,102
559,668,22,51
576,684,9,35
568,663,18,56
562,664,20,55
551,665,22,54
549,667,21,52
554,669,20,50
558,672,18,47
554,669,20,50
548,622,49,97
540,667,41,51
547,673,31,46
562,666,29,53
562,662,29,57
560,663,32,56
569,673,25,46
572,684,20,35
573,685,19,34
573,688,19,31
574,697,16,22
576,698,13,21
575,696,13,23
0,0,0,0
0,0,0,0
543,684,20,35
496,679,23,40
482,634,49,85
484,635,47,84
495,682,20,36
504,684,18,35
507,635,34,84
521,628,30,91
548,672,13,47
566,645,26,74
570,645,25,74
577,647,25,71
583,655,18,64
574,668,14,51
550,679,12,40
516,686,13,33
487,694,12,25
470,655,33,64
477,655,31,64
480,659,27,60
476,704,13,15
480,663,24,56
485,660,27,59
481,663,24,56
479,664,28,55
483,663,23,56
481,663,22,56
486,662,25,57
483,661,28,58
486,662,24,57
431,656,80,63
307,528,182,127
335,85,121,344
437,225,120,61
492,171,112,111
546,175,100,104
565,176,95,104
547,183,93,103
496,190,105,101
448,189,118,99
441,206,134,86
457,206,132,84
474,204,128,87
485,203,125,89
489,208,124,85
494,210,128,81
484,219,133,70
483,171,127,103
473,129,149,143
478,105,149,165
0,0,0,0
411,1,325,272
559,16,340,440
934,596,249,123
868,622,156,97
0,0,0,0
423,233,348,43
456,201,312,214
0,0,0,0
610,70,258,193
400,119,305,347
97,600,236,83
298,641,90,78
454,653,41,66
495,689,19,30
0,0,0,0
0,0,0,0
462,299,253,420
775,1,72,229
778,1,124,271
731,278,78,147
0,0,0,0
0,0,0,0
724,558,122,161
546,361,286,358
392,157,312,438
304,87,38,105
226,1,117,159
363,46,35,120
486,142,126,137
496,179,112,108
419,187,170,220
0,0,0,0
445,666,49,53
422,658,51,61
370,656,104,63
249,667,240,52
368,653,261,66
553,663,96,56
618,684,37,35
610,660,66,59
623,668,46,51
634,680,30,39
527,652,40,67
514,635,59,84
537,640,51,79
0,0,0,0
0,0,0,0
568,693,18,26
556,683,20,36
557,677,18,42
548,654,28,65
536,649,48,70
561,670,40,49
606,694,20,25
0,0,0,0
0,0,0,0
0,0,0,0
598,667,53,52
424,630,225,61
550,671,87,48
0,0,0,0
482,650,138,69
421,640,205,73
547,669,80,49
0,0,0,0
0,0,0,0
571,681,58,38
0,0,0,0
699,209,30,57
714,182,142,67
688,185,52,270
628,184,83,279
664,222,53,238
685,174,124,229
544,182,352,38
440,148,81,88
289,281,164,180
0,0,0,0
0,0,0,0
834,224,111,168
638,289,33,31
797,198,53,79
736,168,74,108
534,186,432,64
0,0,0,0
322,329,262,149
0,0,0,0
896,553,30,166
857,575,43,144
800,579,16,11
582,685,40,34
549,662,46,57
514,641,49,78
488,619,64,100
503,626,76,93
550,659,52,60
570,686,30,33
575,672,49,47
600,702,15,17
599,704,21,15
586,672,37,47
591,683,30,36
594,694,22,25
567,656,57,52
499,311,170,212
651,153,350,135
780,195,131,244
765,204,131,202
519,221,111,22
0,0,0,0
699,621,464,98
659,641,98,78
544,561,119,67
642,243,294,183
793,263,138,133
773,259,90,186
583,244,328,127
293,182,84,308
501,600,161,119
695,631,391,26
701,605,370,51
606,641,135,78
582,665,18,54
535,644,64,75
515,641,134,78
555,658,92,61
568,664,68,55
541,662,73,57
0,0,0,0
570,277,289,82
690,221,158,221
720,239,16,25
524,166,339,94
389,160,98,115
0,0,0,0
1006,562,273,131
882,608,345,27
725,632,64,87
621,635,62,84
612,646,78,73
642,701,13,18
601,678,38,41
558,649,68,70
563,655,52,64
574,672,37,47
571,665,40,54
566,664,43,55
565,663,45,56
567,661,43,58
569,658,43,61
568,658,45,61
572,659,44,60
573,654,51,65
570,666,65,53
0,0,0,0
563,268,112,246
643,178,326,151
783,282,181,124
744,288,98,174
730,293,102,155
746,291,141,140
798,312,148,98
636,224,319,185
634,219,323,192
