215,264,955,103
231,325,942,54
226,268,909,91
200,266,895,142
178,271,859,190
192,261,814,234
251,293,670,232
448,245,416,309
443,79,151,423
351,1,56,592
293,1,117,583
291,1,123,565
276,1,152,579
273,1,160,592
289,1,159,588
321,1,160,577
358,1,148,586
371,1,139,600
368,1,146,612
379,1,140,621
421,1,109,632
440,1,87,638
440,1,86,642
497,1,51,645
450,1,173,661
342,253,253,466
0,0,0,0
148,491,436,228
431,263,99,383
349,229,188,450
90,159,505,560
258,62,376,643
578,20,447,606
562,58,427,509
548,1,206,612
536,1,75,648
489,1,133,659
459,1,136,644
281,71,278,590
217,208,271,458
159,348,318,334
120,391,339,309
77,390,331,318
47,377,321,337
44,405,289,314
5,424,304,295
9,429,288,290
29,437,281,282
40,453,305,266
103,460,283,247
220,431,216,270
309,418,188,264
361,435,153,228
401,402,119,256
402,386,103,273
374,402,103,261
333,446,122,222
320,476,122,190
325,457,107,218
310,384,133,295
304,384,146,302
296,388,159,301
301,415,151,280
297,430,169,270
290,414,183,304
259,342,230,377
228,235,280,484
216,215,298,504
241,222,273,496
494,186,146,533
437,390,602,329
434,375,281,313
401,376,201,317
391,302,113,397
382,158,39,522
303,91,116,582
275,75,137,589
286,81,139,636
301,43,96,676
321,1,52,684
279,24,142,680
271,43,178,649
308,48,160,650
360,81,163,619
443,94,115,584
500,110,45,545
509,121,34,536
473,112,58,564
422,97,55,590
359,105,102,593
312,112,141,593
298,117,132,593
280,112,143,601
278,108,147,608
279,108,155,611
290,114,137,601
286,112,147,607
287,103,164,616
288,77,197,637
140,163,342,477
201,156,291,480
338,114,244,559
682,1,108,649
710,41,185,422
696,95,171,389
699,1,145,600
647,13,114,607
453,112,181,472
344,217,243,416
286,272,227,374
246,332,269,336
244,308,266,378
232,293,248,406
199,325,253,377
174,380,275,332
189,373,262,346
198,366,244,353
191,377,243,342
164,394,275,325
161,387,277,332
168,425,279,294
199,434,247,285
226,403,222,313
246,378,194,335
293,364,128,342
280,313,152,403
260,292,174,427
223,300,203,419
201,287,193,391
201,284,186,392
195,288,188,394
169,300,213,387
161,317,220,373
167,344,224,357
174,320,217,368
183,262,228,457
190,238,219,480
166,242,271,467
133,251,314,450
134,254,315,455
139,257,315,454
163,256,282,456
204,247,235,469
204,276,232,440
230,276,192,443
293,207,118,511
295,203,117,515
264,239,163,480
246,232,183,487
278,207,131,512
303,194,110,525
289,199,104,518
249,172,120,514
225,178,156,536
215,189,169,528
231,165,159,542
256,100,143,619
249,118,153,601
205,147,191,554
197,64,180,591
197,36,184,604
207,73,222,582
313,81,199,575
466,105,111,540
586,148,68,502
238,76,266,540
245,79,228,609
206,88,217,601
202,85,204,604
212,90,197,599
191,105,217,596
140,129,259,590
93,106,269,607
126,1,209,703
239,1,209,698
395,1,192,717
452,1,118,719
405,1,177,717
409,1,198,720
391,1,205,720
370,1,207,720
380,1,185,715
347,1,183,713
296,1,192,720
226,19,258,700
173,54,297,665
158,48,300,671
174,49,298,670
217,39,272,680
290,9,230,710
320,2,216,702
329,19,203,676
345,36,177,652
348,46,151,624
252,70,164,588
226,97,206,552
265,110,223,547
367,94,202,548
433,106,151,392
485,88,118,391
456,97,155,402
462,98,139,401
476,92,126,539
458,86,123,562
461,79,109,566
532,82,87,591
464,243,405,437
387,368,560,316
315,443,663,221
317,343,688,293
313,243,676,251
277,285,709,221
290,255,678,306
299,249,659,391
335,286,577,433
434,168,307,519
447,18,26,593
322,1,149,493
321,12,159,417
351,46,137,366
427,87,78,319
506,95,20,308
436,124,65,294
456,132,31,393
440,143,36,385
424,191,56,336
415,209,72,333
411,208,76,344
411,211,79,372
423,236,65,383
424,236,73,401
420,231,80,398
444,210,57,395
474,186,25,384
424,87,66,348
416,100,68,330
461,143,22,403
448,148,44,392
450,144,46,402
458,129,44,431
454,110,53,335
421,96,102,348
435,93,83,334
463,161,72,390
439,195,103,356
451,195,94,366
454,196,90,371
456,193,86,371
454,196,87,368
446,200,96,352
425,203,115,341
414,218,111,323
412,217,100,325
414,214,95,320
428,213,94,309
461,206,92,306
495,199,94,304
509,205,108,298
512,203,111,305
505,197,109,317
490,207,115,301
475,210,119,297
466,218,124,293
462,219,123,300
456,219,121,309
453,218,112,321
449,205,106,350
449,203,105,353
448,206,105,350
439,211,116,341
425,231,99,344
396,268,100,328
399,241,112,340
423,213,121,338
455,181,111,358
474,166,104,369
479,161,110,374
483,156,110,379
469,174,120,365
448,202,134,339
425,207,138,325
390,226,143,301
359,231,154,294
337,231,153,292
319,226,153,298
