450,538,53,137
418,490,163,42
399,461,173,76
331,495,68,17
110,248,253,260
183,129,145,350
297,59,30,348
304,206,111,32
376,131,73,317
432,1,175,447
0,0,0,0
254,685,246,34
287,487,148,232
640,1,112,265
585,234,89,151
264,287,558,77
285,227,652,271
505,223,283,181
0,0,0,0
0,0,0,0
637,272,99,102
463,44,300,588
166,671,160,48
172,299,245,102
273,91,243,133
338,32,92,98
794,670,102,49
765,543,82,29
604,122,150,471
513,8,156,431
533,209,55,29
198,120,168,144
0,0,0,0
618,551,69,39
301,336,370,217
321,353,350,195
619,491,56,31
621,346,42,49
445,178,276,359
193,591,192,128
152,374,224,90
247,187,200,91
1,1,654,493
0,0,0,0
797,166,56,134
0,0,0,0
0,0,0,0
591,543,168,176
589,530,161,152
590,528,161,148
596,522,163,147
605,522,156,145
611,519,157,145
618,518,156,151
624,517,158,151
629,522,148,158
632,522,150,161
634,524,149,164
632,524,152,165
629,525,152,168
628,525,152,171
629,537,133,182
635,520,30,129
659,575,277,144
0,0,0,0
0,0,0,0
0,0,0,0
113,609,170,110
1,399,238,65
181,1,342,720
0,0,0,0
522,514,149,205
559,82,159,637
630,1,194,438
414,286,394,48
1,238,1062,289
235,117,679,602
501,1,168,720
0,0,0,0
745,397,73,132
632,135,131,368
349,575,133,144
365,391,147,73
456,202,319,182
449,118,159,162
0,0,0,0
446,253,355,296
765,463,131,218
0,0,0,0
386,663,40,56
361,662,352,57
430,659,24,59
424,647,22,72
418,653,24,66
415,677,16,42
