494,104,44,427
485,19,63,491
510,27,42,488
494,13,58,456
521,1,59,470
553,1,68,494
571,1,82,498
591,1,90,464
618,1,95,428
617,1,117,409
591,1,148,412
583,1,163,401
589,1,164,396
591,1,166,406
599,1,169,420
621,1,180,428
640,1,209,422
627,1,286,451
618,1,327,481
599,1,352,498
573,1,340,540
495,1,355,550
405,1,381,532
334,1,444,542
250,1,509,536
241,1,516,558
224,1,515,561
172,1,531,595
189,1,473,563
285,1,372,459
271,1,375,310
285,65,391,181
316,1,640,373
453,1,604,494
261,1,584,341
349,1,410,410
235,1,392,318
359,172,243,52
356,101,318,134
356,1,448,403
377,1,487,655
294,1,475,660
125,1,626,557
1,1,746,418
381,1,327,386
1,10,689,363
356,1,411,426
427,1,350,408
279,1,463,359
216,5,511,264
262,48,488,189
161,34,582,180
185,1,559,190
288,1,440,236
255,1,471,257
253,1,439,292
202,1,428,449
125,1,398,709
1,126,385,593
1,400,308,319
1,420,260,299
1,388,263,331
1,431,243,289
1,655,97,64
1,611,103,108
1,1,238,716
196,1,241,717
326,1,178,554
426,1,141,456
492,1,85,420
536,1,69,526
536,1,62,596
531,1,40,618
495,1,53,650
378,1,116,634
114,262,316,457
0,0,0,0
0,0,0,0
0,0,0,0
0,0,0,0
0,0,0,0
0,0,0,0
0,0,0,0
0,0,0,0
0,0,0,0
1,595,261,124
0,0,0,0
0,0,0,0
0,0,0,0
0,0,0,0
1,377,262,342
73,1,286,632
211,1,347,643
281,1,349,610
260,1,364,577
269,1,341,594
284,1,317,626
321,1,260,692
364,1,183,719
355,1,213,675
377,60,205,283
424,140,239,122
386,151,383,146
373,102,469,279
286,73,512,316
198,1,543,382
207,1,510,345
379,1,302,379
384,1,276,346
555,218,60,104
443,1,163,302
425,1,177,311
440,1,173,340
440,1,179,337
436,1,185,320
415,1,181,320
400,7,148,339
346,1,153,472
316,1,93,622
311,1,116,686
437,1,52,548
469,1,94,480
551,1,85,399
608,1,51,404
625,1,47,429
588,1,53,449
534,16,56,377
520,110,33,198
530,144,23,145
534,133,34,156
562,242,22,27
576,225,25,31
588,240,31,24
586,243,29,29
558,14,50,316
503,1,55,448
461,1,49,516
408,1,71,564
353,1,95,605
257,1,171,656
196,170,228,510
196,317,212,322
237,479,209,153
262,621,239,78
372,604,137,115
418,579,110,138
453,540,91,179
485,538,64,181
528,617,19,58
528,496,35,223
485,535,61,184
474,206,80,237
597,1,61,194
613,60,83,71
638,82,36,178
638,84,20,139
617,1,15,232
0,0,0,0
554,518,32,201
568,522,22,85
515,512,68,207
563,386,75,162
632,9,41,152
620,79,33,184
611,81,37,162
598,15,27,183
563,531,21,130
550,531,32,163
570,433,18,174
537,483,39,230
549,262,81,281
632,1,44,180
621,83,33,174
637,80,11,175
631,1,24,167
557,449,77,207
0,0,0,0
574,520,21,89
500,520,85,199
614,1,74,271
630,81,28,155
628,83,35,175
643,47,26,137
594,221,51,233
543,489,45,230
573,411,33,166
528,498,59,221
599,153,68,250
641,38,38,106
631,83,30,172
643,95,27,78
592,48,43,369
543,569,32,150
575,483,22,90
529,498,53,180
527,444,75,275
639,1,38,109
622,75,29,171
632,67,23,53
597,112,47,316
551,512,34,207
566,412,40,156
505,482,81,237
570,410,54,150
644,1,45,107
622,76,30,176
630,84,28,106
599,31,56,391
564,572,24,147
568,430,34,151
529,467,64,193
528,546,54,173
634,1,48,226
622,82,29,144
626,78,23,178
626,1,35,216
561,487,32,220
551,487,40,172
530,452,64,168
508,552,65,167
629,1,60,225
636,72,22,145
632,67,21,172
626,1,30,301
561,562,29,157
569,429,29,175
543,486,46,184
541,444,72,275
636,1,43,119
624,82,29,175
634,87,19,143
606,28,51,317
547,567,40,152
0,0,0,0
542,471,54,224
565,379,65,163
644,19,28,102
623,75,34,176
630,82,18,109
591,54,46,305
544,562,30,157
0,0,0,0
537,484,45,235
581,132,55,285
635,72,28,73
621,75,36,174
0,0,0,0
0,0,0,0
540,551,34,168
556,413,40,171
514,561,56,158
606,91,72,307
0,0,0,0
612,96,33,158
0,0,0,0
594,109,59,315
538,559,37,160
563,419,38,154
523,545,50,174
0,0,0,0
636,47,27,77
613,87,43,166
0,0,0,0
591,221,44,240
545,547,32,172
578,408,15,144
549,508,29,165
515,576,50,143
548,150,40,257
609,1,44,116
617,35,72,54
620,59,44,179
627,58,20,117
606,1,29,191
578,183,36,223
541,560,27,159
556,449,48,194
594,437,10,104
516,517,67,202
590,17,66,337
639,1,33,75
637,54,15,188
642,66,17,20
624,1,22,182
0,0,0,0
529,490,63,229
558,457,48,104
508,548,66,171
521,455,70,214
633,1,53,137
624,53,30,150
634,52,20,164
631,10,27,87
577,195,36,239
542,568,36,151
574,461,37,115
550,478,49,124
527,576,48,143
627,1,52,227
635,71,19,26
632,66,20,173
0,0,0,0
599,28,32,305
524,559,52,160
557,486,43,163
543,453,65,112
484,512,103,207
590,30,86,323
625,18,39,102
619,50,34,157
639,57,20,29
623,1,53,280
566,549,29,170
561,468,32,147
564,443,38,117
515,522,73,197
603,4,78,341
632,21,29,81
620,54,24,170
620,77,20,19
595,14,31,299
546,566,32,153
572,475,28,149
587,404,25,126
526,478,71,202
526,450,68,269
639,1,27,81
628,53,21,137
623,50,33,163
633,1,15,189
0,0,0,0
555,539,28,179
579,412,38,135
538,514,49,160
516,486,72,233
643,1,42,98
626,59,29,156
621,54,37,159
639,1,22,202
579,531,31,188
558,511,30,208
558,413,55,128
515,526,69,171
547,437,78,282
653,1,34,141
611,56,45,141
612,48,53,158
641,1,34,204
574,537,32,182
563,506,29,199
580,400,35,135
524,533,58,186
0,0,0,0
645,80,21,19
636,69,40,157
0,0,0,0
598,143,27,244
547,557,45,162
579,502,22,203
568,426,43,161
517,546,53,173
618,1,77,276
638,85,18,53
624,49,40,174
642,1,37,104
0,0,0,0
554,578,30,141
581,431,23,110
567,459,34,106
553,545,39,174
634,1,60,208
623,68,28,104
628,72,21,151
589,1,71,130
432,223,129,225
413,533,148,171
496,543,103,176
479,520,126,199
424,543,151,176
309,561,240,158
313,563,224,42
382,275,153,298
467,65,94,445
549,1,54,452
593,45,60,313
584,135,96,188
556,107,122,229
507,143,153,191
440,158,173,145
405,194,170,70
380,190,191,66
375,213,205,57
429,162,172,124
475,102,130,171
542,1,68,353
480,1,178,416
1,1,710,375
1,294,724,143
1,305,724,184
171,297,516,79
