254,93,109,92
281,95,106,90
343,98,106,90
376,87,105,89
378,86,102,86
396,12,102,86
396,1,102,63
376,1,100,73
375,113,96,89
430,77,97,80
429,42,96,79
492,58,96,81
535,113,95,81
599,160,94,81
652,200,94,80
714,213,94,79
782,211,95,80
843,211,94,81
866,213,93,81
859,215,92,81
840,217,93,81
815,218,91,79
809,201,92,80
811,198,90,81
811,193,93,81
804,192,92,79
807,190,93,81
815,188,93,81
817,185,94,81
819,184,94,82
830,177,94,81
826,174,94,81
826,175,95,83
825,168,95,83
823,168,95,83
828,155,96,85
825,175,96,84
825,154,96,85
822,155,96,85
828,147,97,85
847,126,99,87
868,126,101,89
863,137,102,90
872,146,104,92
900,152,108,99
936,227,119,120
968,284,132,128
995,321,150,148
1016,368,164,156
1045,405,186,176
1088,395,192,192
1105,393,175,201
1119,363,159,208
1107,342,173,206
1060,357,209,205
1041,366,211,202
1035,365,206,199
1028,362,207,200
1024,362,202,196
1025,357,198,192
1017,347,198,190
1012,350,199,189
1020,351,195,186
1022,335,196,187
1031,317,193,188
1029,319,191,188
1029,329,189,177
1038,288,192,176
1055,261,189,178
1058,229,182,172
1056,198,180,168
1050,187,175,159
1043,150,174,159
1020,132,175,164
996,121,176,166
963,133,176,163
947,143,181,170
950,160,187,175
959,152,198,185
975,150,207,193
965,176,209,195
938,184,209,197
938,183,208,194
975,177,211,195
1026,183,207,196
1069,203,206,193
1128,213,151,192
1173,224,108,191
1201,239,77,178
1217,243,60,174
1235,244,41,153
1252,225,26,125
1265,169,14,92
0,0,0,0
0,0,0,0
0,0,0,0
0,0,0,0
0,0,0,0
0,0,0,0
0,0,0,0
0,0,0,0
0,0,0,0
0,0,0,0
0,0,0,0
0,0,0,0
1200,132,77,178
1163,118,116,184
1133,105,146,181
1096,128,184,174
1051,159,187,175
1008,221,189,169
983,216,181,163
981,219,172,159
961,186,166,146
858,190,157,138
811,149,144,131
774,107,144,125
742,87,139,124
723,95,140,124
697,86,141,125
687,58,143,128
706,40,147,129
727,32,151,138
744,22,151,135
757,20,157,138
774,6,157,143
786,9,158,147
770,8,163,145
765,2,167,144
778,8,166,148
826,3,170,147
876,14,166,147
904,29,166,149
904,49,165,149
901,46,165,155
869,92,163,150
851,91,160,153
843,118,164,150
852,128,159,144
870,106,163,154
866,110,161,152
842,98,167,149
836,113,160,151
848,120,162,153
862,130,162,150
888,128,168,152
919,95,170,156
941,98,171,159
952,96,179,160
924,60,186,168
884,43,201,188
867,27,219,209
834,56,230,220
842,40,238,226
843,14,237,227
802,5,248,228
773,27,250,236
776,42,243,231
832,59,244,223
995,36,233,207
1193,2,87,163
