461,179,66,18
464,179,57,20
466,181,56,20
467,185,55,20
469,190,54,22
472,197,54,23
476,202,55,24
483,203,53,25
488,203,53,25
495,198,50,24
500,192,49,24
506,183,52,23
507,176,50,24
513,167,49,26
519,162,49,24
521,155,47,28
525,153,48,26
527,148,47,28
529,150,50,24
531,149,49,24
534,149,49,24
535,147,48,23
537,148,49,23
538,148,49,22
539,149,51,22
540,151,52,21
543,151,51,20
546,152,52,20
550,151,50,20
552,152,51,20
555,154,50,19
557,156,51,19
559,158,51,18
563,157,50,18
564,156,49,18
565,156,49,19
566,155,49,18
569,155,48,20
568,155,47,18
569,154,49,19
569,155,49,18
569,155,49,18
570,155,49,19
570,155,48,18
570,155,48,18
570,154,48,18
570,154,48,18
571,155,48,19
569,155,48,18
568,155,49,18
567,154,49,17
560,155,52,15
558,158,51,13
557,158,50,13
552,158,55,13
554,158,51,17
549,157,52,16
549,159,52,14
544,160,58,13
541,159,59,14
543,161,57,11
540,159,56,14
546,162,48,11
540,162,51,12
538,164,55,12
540,164,52,12
534,166,63,11
536,166,53,12
536,167,53,13
542,170,47,12
534,173,54,13
533,175,54,10
529,177,54,10
530,180,51,8
523,181,56,11
523,183,53,11
520,184,54,10
520,184,54,13
520,186,53,10
517,182,55,12
518,183,57,12
519,183,52,9
515,182,56,11
511,182,61,11
517,183,50,9
514,182,54,11
513,183,53,10
511,184,54,15
511,183,50,14
506,181,53,14
504,182,50,12
502,179,52,11
498,175,52,12
493,175,54,11
490,173,52,11
484,170,54,11
487,167,54,19
483,168,50,12
477,167,53,15
478,164,52,17
476,163,51,18
473,162,52,18
466,163,55,11
467,161,51,12
468,162,46,15
466,160,47,14
459,161,53,14
460,159,52,19
459,160,53,19
457,160,53,19
457,161,54,19
453,161,54,20
453,162,52,20
452,162,52,19
452,164,53,20
447,166,54,13
448,165,51,15
448,165,59,16
448,167,53,20
447,167,53,21
447,167,54,20
446,169,53,20
444,169,55,19
441,168,58,19
440,169,59,19
448,169,55,17
444,170,60,20
446,171,52,15
446,170,50,20
445,171,55,17
440,171,59,19
441,173,59,19
443,172,48,19
448,174,46,17
439,172,55,16
441,170,49,17
437,171,52,18
436,168,54,19
435,170,53,21
437,170,52,19
434,171,55,20
431,171,53,20
427,171,54,18
427,171,54,16
422,173,62,18
426,171,54,17
425,171,53,18
416,172,61,18
427,172,47,20
414,174,65,15
421,173,59,18
417,173,64,21
418,172,61,20
425,172,47,19
426,170,46,16
427,168,39,19
427,170,45,17
417,167,58,21
423,169,51,21
424,168,51,26
430,164,42,21
426,168,47,18
422,166,51,24
421,167,54,22
422,167,58,27
418,162,57,24
425,165,52,26
420,168,54,24
421,172,59,19
427,174,42,17
424,174,49,19
423,177,46,18
416,180,50,21
421,186,48,20
417,190,47,24
418,197,46,25
414,202,49,23
413,201,48,23
415,204,46,19
411,198,51,23
413,195,54,21
416,192,50,21
418,189,51,23
418,184,48,21
421,180,51,26
429,176,48,24
432,174,50,21
439,170,53,26
445,167,50,27
451,165,50,23
458,164,46,25
462,166,51,22
470,165,49,23
472,167,54,23
478,169,57,23
483,174,55,16
488,177,57,19
492,176,50,21
497,184,58,15
501,180,50,19
504,183,57,17
505,183,55,19
508,185,59,11
512,179,52,19
516,175,53,16
517,176,48,11
519,169,57,17
523,167,54,16
522,166,55,12
526,164,58,12
528,156,55,25
529,154,51,28
528,156,57,21
530,157,59,22
531,160,56,18
534,160,61,15
532,160,66,14
535,160,58,21
534,161,62,22
534,165,57,22
538,170,53,19
538,171,53,21
533,169,60,18
533,165,61,25
533,168,56,18
536,167,56,22
538,170,53,11
537,166,51,21
537,171,53,16
535,171,56,16
538,171,47,15
536,170,51,14
536,172,48,15
535,171,51,18
534,172,53,16
533,173,53,18
532,174,53,16
535,176,49,13
535,176,52,14
535,178,57,18
540,180,53,16
546,179,48,18
548,181,52,17
553,179,53,19
561,177,52,20
567,173,53,20
577,171,50,18
583,169,49,18
589,169,46,19
590,169,45,18
590,170,47,18
592,170,50,13
591,167,50,21
594,170,50,18
595,170,45,19
589,169,47,18
583,171,54,17
587,168,48,18
589,169,49,18
595,166,45,21
593,167,52,19
593,166,50,17
594,167,49,14
592,166,49,18
594,166,53,17
596,166,49,16
593,166,53,17
589,167,55,17
588,166,53,19
590,169,53,16
592,168,53,14
599,166,49,15
604,166,49,15
604,166,48,10
597,165,57,13
601,165,51,13
601,163,48,14
604,160,52,13
611,159,47,14
613,157,46,14
613,158,49,14
614,158,46,13
615,156,48,16
618,156,49,19
616,158,50,14
617,155,50,17
619,154,51,18
620,156,51,17
622,158,50,14
624,159,51,17
624,159,49,15
623,161,52,13
625,161,51,14
627,162,49,14
625,163,52,12
626,163,48,12
627,163,49,13
626,164,53,12
627,166,53,12
626,168,52,10
624,167,56,17
618,168,54,13
612,169,57,18
607,167,53,18
602,166,51,14
592,168,56,13
586,165,57,16
579,166,56,15
572,164,58,17
568,164,49,18
563,163,47,17
555,161,47,17
552,162,45,17
547,161,47,19
544,163,42,16
540,162,40,17
533,162,42,19
536,162,37,19
531,163,40,20
526,164,37,18
525,163,38,19
524,165,38,19
523,162,36,19
524,166,35,18
521,167,36,19
521,166,37,20
521,168,36,18
521,170,38,19
520,170,37,19
520,173,38,18
523,177,36,16
523,181,37,17
525,185,35,17
525,190,38,18
522,196,46,20
520,203,47,18
522,205,44,21
520,205,47,17
516,204,47,18
514,202,48,20
514,200,45,17
513,198,46,17
518,196,44,19
516,198,51,17
516,197,46,18
514,196,47,20
512,198,50,16
517,200,45,19
517,201,49,14
515,201,48,17
517,197,43,21
516,197,47,20
515,201,47,18
515,202,52,19
517,202,48,17
516,202,53,18
513,204,55,18
521,204,47,15
518,203,50,17
519,205,49,16
518,203,53,18
513,202,56,17
512,201,55,18
517,203,52,16
517,201,52,17
518,199,47,18
517,197,56,18
518,197,52,16
520,194,54,17
521,194,55,13
524,191,58,17
529,190,57,18
527,190,54,17
529,190,56,17
527,189,56,19
530,194,50,15
531,194,51,16
531,191,55,17
530,193,55,19
529,192,57,18
527,191,59,19
530,192,56,18
532,192,56,18
529,191,57,18
526,193,61,16
530,189,57,19
529,190,57,18
532,190,54,15
528,191,60,12
536,190,50,14
524,189,61,14
529,189,57,15
527,190,57,11
528,189,59,12
526,189,64,14
527,188,60,13
527,187,64,13
532,185,55,15
528,187,57,13
524,187,58,12
532,185,51,14
530,186,58,15
526,189,58,12
529,187,62,14
527,187,59,12
533,185,54,16
530,186,59,15
533,189,50,11
531,187,57,13
530,187,60,13
525,184,61,16
530,183,60,16
530,185,58,15
530,185,55,16
533,186,57,13
532,185,56,17
534,181,59,20
533,181,56,19
534,187,52,14
534,183,53,18
537,184,54,16
537,180,52,18
536,179,56,17
537,172,50,20
537,173,49,19
537,171,50,20
537,170,52,17
539,170,53,20
537,165,56,24
535,165,56,21
533,162,63,28
534,166,61,23
533,168,63,19
536,173,55,15
531,173,61,20
535,175,59,18
528,178,63,17
536,179,54,16
532,177,63,18
533,177,60,18
537,172,60,22
537,176,66,19
541,177,64,17
550,177,55,20
542,177,71,19
550,178,66,17
557,175,60,23
561,178,57,18
567,177,56,21
567,178,63,21
574,177,57,20
577,174,61,23
578,177,59,23
581,177,56,20
585,177,53,22
589,176,54,21
590,176,54,24
589,175,55,21
594,173,57,21
594,173,54,19
594,175,55,16
597,174,54,20
598,174,53,19
596,173,54,21
598,174,55,19
599,175,52,19
597,172,52,23
598,171,53,22
597,172,53,22
597,172,52,23
597,171,53,21
597,172,50,20
597,173,51,18
594,172,51,23
592,174,53,22
583,182,59,26
583,194,54,22
572,207,65,25
575,212,53,19
571,207,57,24
568,203,54,23
564,202,58,24
564,204,56,24
563,210,59,25
564,215,55,24
562,215,54,25
562,208,54,29
559,206,58,26
560,205,55,26
560,205,56,28
563,206,53,27
565,203,55,29
569,202,53,27
570,201,54,26
573,199,52,28
575,199,53,28
574,197,58,27
577,196,55,27
576,195,50,28
575,194,56,24
576,195,55,26
578,194,55,25
578,193,53,26
577,193,54,26
578,194,52,25
576,196,52,22
578,194,55,24
578,195,56,25
578,198,53,23
578,197,51,25
579,199,51,21
580,194,53,26
582,200,49,20
580,197,55,23
581,193,54,27
578,198,55,24
580,197,52,24
579,196,55,24
578,196,59,25
581,195,52,23
577,193,55,26
577,196,56,22
576,193,55,23
579,194,52,23
578,195,50,22
574,194,54,23
578,192,57,23
579,194,50,23
577,194,50,22
579,191,51,25
580,190,54,25
578,190,55,26
578,192,50,25
577,189,56,28
577,190,54,26
579,189,55,28
579,186,54,28
578,187,55,26
580,184,51,27
580,185,52,24
578,185,54,24
579,184,51,25
579,184,52,25
577,184,57,27
574,190,56,23
567,198,52,20
553,214,56,17
537,227,60,15
530,237,56,14
525,244,51,14
514,246,52,13
512,248,48,16
508,247,47,17
506,249,46,17
504,252,44,17
501,253,45,17
500,251,44,17
502,247,43,13
501,243,43,16
501,241,41,13
498,242,48,12
500,241,45,15
500,242,47,11
502,243,44,12
498,245,50,10
498,246,50,14
498,251,46,9
495,253,43,10
492,256,45,13
488,255,46,19
493,257,44,14
495,253,45,15
496,251,46,16
495,248,44,13
493,246,44,16
495,246,46,16
493,243,47,13
496,237,45,13
497,229,39,13
494,218,51,15
496,205,48,15
496,195,55,15
499,189,55,16
499,182,45,20
497,177,49,25
502,171,41,30
502,169,43,26
499,167,46,29
499,166,45,25
500,165,45,25
500,164,45,25
500,164,46,25
500,162,45,26
499,163,46,25
500,163,45,25
500,162,46,25
500,163,46,25
500,163,46,25
500,162,45,25
498,163,49,27
