700,132,98,31
702,132,96,33
707,136,95,32
724,140,91,30
736,125,90,32
747,119,86,31
755,121,90,32
768,122,85,33
770,126,85,31
773,127,90,31
769,127,92,33
766,129,94,32
767,134,95,29
765,135,97,31
768,136,90,29
763,136,94,31
761,136,98,30
762,135,95,31
759,137,96,29
761,137,92,29
750,139,93,30
738,137,92,32
725,138,90,32
718,137,90,31
709,137,92,29
711,137,94,28
716,137,94,31
722,144,86,28
718,146,96,28
720,142,93,29
720,139,92,31
722,141,91,30
722,143,91,28
718,142,93,28
717,150,92,28
715,158,95,32
716,163,85,30
716,173,90,28
714,202,88,27
714,202,88,30
715,193,84,35
728,146,71,31
730,105,70,27
715,99,78,27
711,107,76,27
706,108,77,27
710,91,73,29
712,92,70,28
709,115,63,29
710,148,74,29
708,170,86,30
715,178,91,27
716,179,89,27
716,181,85,29
717,182,88,26
713,177,86,28
692,148,83,29
683,139,97,31
684,141,88,28
686,146,87,26
689,149,87,25
691,151,88,23
690,159,73,24
690,177,97,46
698,184,96,41
703,194,101,42
703,192,100,39
703,189,98,38
701,189,103,40
708,187,100,44
722,185,93,47
702,153,95,53
677,137,97,44
665,133,101,42
662,135,99,33
662,136,99,34
665,136,95,35
675,138,94,28
684,137,91,30
690,141,93,31
692,144,94,34
693,147,94,34
693,148,95,37
699,150,96,40
699,147,96,44
702,145,95,44
701,143,87,37
679,135,89,34
657,110,72,24
0,0,0,0
0,0,0,0
0,0,0,0
0,0,0,0
0,0,0,0
0,0,0,0
0,0,0,0
0,0,0,0
0,0,0,0
0,0,0,0
0,0,0,0
0,0,0,0
0,0,0,0
0,0,0,0
0,0,0,0
0,0,0,0
0,0,0,0
0,0,0,0
0,0,0,0
0,0,0,0
0,0,0,0
0,0,0,0
0,0,0,0
0,0,0,0
1073,25,138,37
0,0,0,0
0,0,0,0
0,0,0,0
567,1,79,15
0,0,0,0
0,0,0,0
647,2,95,29
673,58,96,36
677,56,96,40
698,55,95,35
696,69,81,56
695,89,83,45
669,58,101,41
668,70,97,42
622,87,106,32
557,101,133,44
566,108,128,48
579,109,138,57
600,89,150,54
635,89,113,31
687,70,109,35
697,61,117,42
705,71,120,42
697,87,131,39
692,86,134,42
690,84,139,41
701,71,123,36
699,48,110,43
699,35,103,45
717,39,95,39
737,50,88,33
756,63,92,37
775,67,88,33
785,68,86,33
798,67,82,31
801,66,83,33
797,70,84,33
795,72,76,36
794,85,83,31
793,84,84,35
794,88,85,31
792,89,84,32
782,93,88,32
781,94,98,30
780,96,97,33
781,99,102,31
778,98,101,31
768,92,102,36
759,91,104,33
757,93,108,37
760,98,110,35
765,101,97,30
785,96,97,27
807,94,93,26
826,88,87,27
838,88,84,26
860,84,88,28
866,82,88,32
872,81,90,28
871,83,87,28
865,81,86,30
856,84,87,26
856,81,80,26
850,78,82,31
851,74,81,33
849,73,82,31
889,81,65,31
890,89,65,31
829,114,76,31
807,108,101,39
805,106,99,38
789,106,107,41
787,94,106,43
792,97,105,41
796,95,104,41
807,78,75,42
836,64,77,33
844,80,85,32
0,0,0,0
869,92,80,30
881,100,81,32
890,103,78,32
893,104,77,29
891,101,78,29
890,99,79,30
889,98,80,31
885,99,82,32
880,101,87,29
882,100,89,31
883,99,87,28
879,98,91,31
879,96,85,30
878,96,84,28
872,95,88,28
864,93,90,30
870,93,92,27
870,90,91,27
837,84,84,30
780,90,82,26
765,91,77,23
754,92,78,24
752,93,75,26
742,96,75,26
734,98,78,25
728,96,85,23
725,94,86,25
716,87,85,26
703,71,87,25
682,39,91,30
673,33,90,32
677,54,77,37
674,72,86,43
666,74,85,38
663,77,83,37
663,84,86,37
703,101,87,45
703,103,93,52
702,104,93,54
701,102,83,34
715,79,77,29
734,80,81,34
733,85,82,35
729,87,85,31
724,85,83,30
720,87,85,32
722,87,79,34
718,87,87,34
704,77,91,30
677,74,90,26
661,71,96,28
655,72,96,32
653,71,93,28
653,74,95,27
614,75,93,29
624,74,100,28
634,72,100,29
645,71,94,27
678,59,86,28
698,52,92,31
702,57,83,27
689,64,94,30
685,97,92,30
688,114,97,29
688,123,99,31
690,127,93,29
692,129,94,29
695,131,93,33
694,131,99,31
694,128,103,29
692,123,100,32
693,124,97,27
692,121,103,32
691,121,103,31
693,119,100,30
703,114,73,31
710,100,95,33
0,0,0,0
0,0,0,0
0,0,0,0
0,0,0,0
0,0,0,0
0,0,0,0
0,0,0,0
0,0,0,0
0,0,0,0
0,0,0,0
0,0,0,0
0,0,0,0
0,0,0,0
0,0,0,0
0,0,0,0
0,0,0,0
0,0,0,0
0,0,0,0
0,0,0,0
0,0,0,0
0,0,0,0
0,0,0,0
0,0,0,0
0,0,0,0
0,0,0,0
0,0,0,0
0,0,0,0
0,0,0,0
0,0,0,0
704,116,66,26
699,123,56,29
694,140,69,27
695,144,71,24
693,144,73,23
695,144,69,23
692,141,78,31
692,140,79,30
688,138,83,33
682,136,88,36
681,135,88,34
672,142,92,24
666,151,83,22
685,156,85,22
686,162,85,23
685,166,88,23
681,168,93,25
678,169,97,26
679,169,79,27
677,168,81,24
676,167,87,26
676,166,87,23
679,164,83,26
728,158,69,25
705,140,81,26
702,138,80,23
679,133,82,25
687,105,51,27
694,90,53,25
678,94,59,24
674,100,59,26
667,107,73,24
666,112,71,27
666,120,66,28
662,130,69,25
662,138,76,24
664,142,85,24
673,142,73,20
647,144,76,19
649,138,74,23
652,139,72,20
666,139,71,23
685,139,67,20
697,140,75,23
700,147,80,20
702,138,76,21
712,148,79,21
714,149,73,20
708,147,75,21
705,149,72,20
700,150,76,20
697,151,75,19
689,152,84,25
683,154,87,29
679,154,88,29
675,155,77,19
677,154,78,22
677,154,77,22
683,157,76,21
689,156,73,23
694,157,74,21
701,155,71,20
695,156,79,19
692,156,76,19
690,154,75,21
689,153,73,19
690,152,74,21
692,158,74,21
693,158,74,23
691,160,79,21
693,160,77,21
718,163,62,27
731,174,70,23
736,179,71,21
747,179,67,22
749,180,66,21
747,181,63,21
740,182,69,21
740,181,68,23
741,179,66,24
733,179,69,22
728,175,71,22
721,173,72,23
713,171,73,23
698,172,73,23
696,169,71,24
689,168,86,26
686,163,81,26
683,157,77,22
673,154,81,21
675,148,77,23
697,148,74,20
698,150,78,20
710,157,70,30
720,169,74,36
719,166,68,25
720,166,67,23
719,165,71,23
719,160,70,28
716,159,71,23
712,152,69,23
709,142,64,22
704,126,62,22
698,124,64,19
695,129,63,19
688,135,71,23
690,144,71,24
692,159,75,22
703,170,67,22
705,169,66,22
701,168,70,22
702,163,69,24
707,160,61,22
704,159,68,22
702,159,71,25
701,161,74,27
700,162,73,27
700,159,74,29
698,159,78,29
699,159,79,30
700,158,81,28
701,159,83,29
699,160,84,29
697,161,88,29
696,163,84,31
696,164,83,30
694,163,83,29
690,163,86,29
690,165,83,26
690,161,84,29
686,158,80,27
677,155,87,24
681,158,84,26
696,159,69,21
697,150,73,26
699,147,72,22
702,147,69,24
700,149,72,26
699,153,77,22
704,154,74,22
704,152,75,25
706,149,74,23
702,150,76,22
705,151,74,24
703,155,73,22
699,153,75,25
694,146,77,28
694,145,82,29
691,143,85,31
691,137,75,29
697,128,61,31
698,125,63,28
698,118,59,30
689,113,61,29
685,113,68,28
684,114,68,30
682,115,64,28
681,119,68,30
688,126,72,28
693,127,70,31
699,132,71,26
699,134,73,29
699,136,73,30
695,137,76,29
688,136,77,29
687,136,73,28
685,136,76,27
680,135,80,25
682,134,80,28
683,134,78,26
683,135,76,26
684,136,74,24
684,136,76,26
682,136,82,27
684,136,85,30
685,136,85,32
686,137,86,30
683,136,86,30
680,138,88,31
682,142,87,28
682,147,86,26
680,146,87,28
683,149,79,25
687,149,73,26
690,143,77,28
696,135,75,27
695,132,73,26
692,139,76,27
679,144,73,25
691,155,73,24
684,159,82,26
689,162,80,27
690,162,84,29
692,158,86,29
695,154,77,28
695,150,74,29
692,147,78,32
690,147,81,28
693,147,77,26
695,148,74,24
698,148,80,25
699,149,80,24
697,150,79,24
698,144,87,33
696,139,87,35
692,135,90,36
697,129,82,40
692,129,82,24
694,129,80,26
696,134,80,22
698,136,77,24
653,147,72,24
621,162,62,19
623,183,58,20
638,237,59,20
633,244,84,31
630,236,84,29
632,235,100,47
631,217,99,40
627,213,103,39
625,201,98,38
628,199,94,37
630,193,95,39
640,174,60,25
652,154,60,28
648,149,86,28
651,148,87,32
649,149,91,32
648,149,89,33
653,150,88,32
677,147,78,26
702,143,83,28
717,145,71,22
724,145,63,28
725,149,66,22
725,150,68,23
726,151,65,23
724,149,66,23
718,124,59,33
703,132,64,30
702,138,65,29
701,135,65,27
707,131,65,28
719,135,58,23
716,135,62,25
728,140,61,23
751,143,59,25
755,143,60,24
750,139,63,28
747,139,66,27
746,136,60,26
732,132,59,25
701,127,68,24
686,123,72,25
682,122,75,27
685,124,70,25
693,124,71,25
693,121,70,28
644,134,67,29
641,142,90,25
649,144,90,32
650,150,91,28
649,160,91,32
645,167,86,27
643,168,102,36
634,173,102,33
631,167,104,36
626,162,102,40
620,159,103,36
618,153,103,40
618,152,97,33
