506,115,72,34
503,115,68,32
504,116,65,32
504,111,67,32
505,110,68,32
505,117,70,32
502,120,69,33
499,129,68,32
502,131,70,31
504,132,69,31
504,139,68,30
502,142,68,30
503,145,68,31
504,148,66,30
506,150,66,30
503,151,66,29
498,154,67,29
492,157,61,27
498,155,63,27
499,152,65,25
498,151,61,26
482,149,60,25
485,143,61,25
497,150,64,25
489,159,63,26
496,159,61,25
498,158,60,24
496,153,62,27
500,142,62,27
511,131,65,26
507,128,67,28
502,135,64,26
499,138,65,29
498,145,66,29
498,147,66,28
498,147,66,28
499,146,68,28
499,144,66,26
496,143,67,27
498,142,67,27
497,140,69,29
501,133,68,29
504,127,69,29
504,132,68,28
506,143,67,27
501,146,69,26
502,145,68,27
504,142,65,27
502,132,66,27
506,123,61,29
517,118,61,32
513,119,65,33
510,119,59,28
512,123,65,32
513,140,67,27
511,149,71,27
509,145,68,27
500,143,65,28
504,141,65,26
504,143,67,27
508,141,66,28
508,142,65,30
509,145,65,27
508,152,64,28
508,151,65,27
511,144,66,27
518,145,65,28
516,156,62,28
508,153,64,28
506,150,64,30
505,149,64,29
504,138,67,29
513,124,69,31
525,114,69,32
519,108,69,32
514,110,68,32
512,113,68,32
511,116,69,32
512,119,68,31
514,122,69,29
511,126,68,27
511,136,63,28
517,142,68,42
518,156,51,22
523,165,49,19
524,169,52,19
522,170,53,19
520,169,50,23
520,168,50,25
519,168,51,20
518,163,55,22
518,160,53,19
512,147,45,20
504,139,41,17
489,133,42,17
479,136,40,21
476,141,41,18
478,142,41,21
486,146,51,20
496,154,62,22
506,159,57,20
502,161,58,20
497,162,53,20
491,160,63,25
492,153,56,27
496,149,58,24
498,131,64,25
511,127,59,31
513,131,66,33
509,132,64,29
502,131,67,31
499,131,70,33
494,132,73,36
491,132,65,31
482,131,75,30
485,127,67,30
483,128,69,28
483,126,71,33
483,130,74,29
484,141,67,25
482,149,65,24
484,153,65,23
485,153,62,22
482,151,68,26
480,147,62,24
472,138,66,21
473,128,62,28
487,125,60,26
495,124,56,27
504,133,52,30
500,137,52,30
495,133,52,28
492,130,52,25
490,124,54,26
488,121,56,25
484,120,57,23
482,120,55,24
470,125,61,22
463,128,60,26
467,127,49,25
466,129,56,24
466,131,54,25
460,133,60,21
466,134,58,25
478,153,55,22
482,155,59,25
486,154,63,23
492,153,63,26
490,150,55,24
478,142,58,26
467,135,55,25
464,139,51,26
458,143,56,24
453,146,54,24
451,145,57,22
450,144,55,22
448,142,54,22
452,143,53,23
453,143,54,22
458,142,55,22
459,140,56,23
459,139,53,22
461,140,52,24
462,138,55,22
466,137,50,23
467,138,51,22
467,137,49,24
470,137,52,22
476,136,53,25
481,138,57,22
485,138,56,22
490,135,57,24
493,138,59,22
493,144,64,23
490,145,67,25
491,145,60,24
491,142,57,21
484,136,61,23
479,136,56,19
478,137,56,19
