206,97,52,20
206,97,51,19
206,97,52,20
207,97,48,18
202,96,47,17
200,98,45,14
198,96,47,16
196,97,48,13
197,96,48,15
197,96,48,15
199,97,48,14
200,96,48,17
200,97,48,16
200,97,49,15
201,97,49,14
202,97,48,15
203,98,48,14
203,98,48,15
202,98,50,15
206,97,47,16
205,98,46,15
201,96,49,18
203,97,44,18
201,97,49,16
203,96,47,17
205,96,48,17
205,96,49,16
206,96,53,16
207,93,54,19
209,93,51,18
211,93,49,19
209,93,51,17
208,93,52,19
209,93,51,19
211,94,49,18
210,96,50,16
210,97,51,16
209,97,52,19
209,100,53,17
209,100,54,15
211,99,53,16
209,99,52,16
208,97,51,17
210,96,48,17
208,96,52,18
210,95,50,19
211,96,50,17
208,95,53,20
209,95,53,20
207,95,56,19
209,95,55,18
208,95,54,20
208,93,55,21
212,93,52,20
214,93,49,18
213,93,48,17
212,92,50,19
210,91,54,19
210,91,52,19
211,91,51,20
213,91,48,18
213,90,48,18
213,89,49,20
211,90,49,18
213,89,47,18
214,89,45,18
214,90,46,17
212,89,49,18
213,90,48,17
214,91,47,14
214,85,46,21
214,85,49,21
214,89,49,19
216,89,46,18
216,89,50,17
213,85,52,22
212,79,51,25
209,84,56,22
213,87,52,22
214,88,54,21
214,90,55,22
217,88,51,22
214,80,52,28
213,85,53,23
212,87,52,21
213,88,52,20
213,88,51,21
215,85,51,24
215,82,50,25
215,89,51,19
217,88,51,22
212,90,54,18
213,90,52,18
214,90,52,18
213,81,50,25
213,87,51,20
214,90,50,19
211,90,54,19
212,92,53,16
211,91,52,17
212,82,52,26
214,87,51,22
214,90,52,19
214,90,52,20
214,90,53,20
213,90,53,19
212,81,52,24
212,89,53,19
212,91,53,17
213,90,53,19
213,89,52,20
214,86,53,21
212,88,54,20
213,90,53,18
214,92,51,16
211,92,53,17
211,88,52,22
210,92,51,18
209,91,53,17
209,92,53,17
211,93,52,17
212,93,48,15
210,90,51,15
213,86,48,21
212,91,50,17
213,85,46,23
212,88,47,21
212,87,46,23
212,94,50,17
210,92,53,17
209,94,54,16
209,93,53,17
209,95,53,17
212,91,50,20
211,92,51,17
215,89,49,19
213,89,48,20
213,94,50,16
213,94,52,17
212,95,52,17
210,88,51,22
210,89,46,21
206,94,51,18
207,92,49,15
209,92,47,18
209,89,49,22
210,92,50,15
210,94,49,16
206,94,53,17
212,86,47,24
210,94,50,20
208,95,50,17
211,95,49,18
209,91,51,17
212,93,50,18
209,95,53,18
208,93,54,20
211,92,52,21
213,93,50,18
212,87,50,22
210,91,51,20
210,94,51,18
211,96,48,16
210,89,48,22
211,94,49,18
211,93,47,13
208,97,50,15
205,95,52,17
208,88,46,23
208,97,48,17
211,92,49,17
210,86,50,24
211,95,53,17
211,89,50,23
215,88,44,23
216,91,49,19
217,89,48,22
214,91,47,19
218,95,48,19
218,95,49,19
215,94,49,20
214,94,52,21
218,93,51,20
218,86,47,22
217,89,48,22
215,93,52,21
213,87,49,24
213,90,53,22
215,93,50,17
213,89,50,22
215,94,50,18
215,92,52,17
217,89,46,17
219,95,51,18
224,95,47,18
219,88,50,17
217,90,50,21
219,94,49,17
219,90,50,21
218,85,49,24
219,90,48,20
220,93,47,18
220,92,49,20
217,84,49,27
216,87,50,25
220,90,48,21
218,93,53,19
216,92,52,16
222,85,49,25
218,94,54,19
