550,116,35,17
551,115,30,17
550,115,30,17
552,116,29,17
553,116,29,17
555,115,29,17
557,114,29,17
560,113,29,17
562,111,28,17
566,111,29,16
569,111,28,16
573,111,28,16
577,112,28,16
581,113,28,16
584,115,27,13
587,116,26,15
589,118,26,15
592,121,26,12
595,124,26,10
599,124,26,12
600,125,28,12
601,126,29,11
605,125,28,14
609,127,27,10
612,125,28,15
616,125,28,14
619,125,29,14
624,125,28,14
630,125,28,15
635,126,29,14
640,127,30,10
645,126,30,14
653,126,29,14
658,126,30,14
666,127,29,11
671,127,32,11
680,127,31,9
686,127,34,12
693,126,37,12
698,128,31,11
705,127,35,10
707,128,35,13
715,126,32,13
719,126,34,13
722,127,30,12
727,127,30,13
728,127,29,13
729,127,29,14
729,128,30,11
729,127,29,11
728,126,29,12
727,128,30,11
724,129,29,10
725,129,29,15
722,130,28,12
719,130,27,9
715,130,27,8
713,130,27,9
708,129,26,7
704,129,26,9
701,128,27,10
694,127,25,9
691,128,25,9
687,129,25,8
684,127,26,10
680,128,25,8
676,128,26,11
673,128,26,8
670,128,26,8
667,127,26,7
666,126,26,8
663,125,27,8
664,125,26,8
658,124,31,8
660,124,28,8
659,123,29,8
659,123,30,8
660,122,28,9
658,123,28,9
658,123,28,9
658,123,28,9
655,123,30,10
653,123,28,9
652,122,27,10
651,121,26,10
648,121,25,9
645,120,25,9
638,120,24,11
636,120,15,11
630,122,18,10
624,123,17,8
621,124,17,10
618,125,12,13
616,127,11,9
614,129,5,5
612,131,5,5
611,133,4,6
609,136,5,4
609,139,5,5
609,140,5,5
610,140,6,7
612,139,7,8
614,138,7,7
614,135,8,9
615,135,9,9
616,135,9,10
617,133,8,10
619,134,9,11
619,133,10,12
621,133,8,12
621,131,9,11
622,131,9,11
621,129,11,12
621,129,10,12
621,128,10,12
621,128,12,13
621,126,13,13
622,124,15,12
624,121,19,16
625,122,23,14
631,121,17,8
633,120,22,9
633,118,28,8
638,115,28,11
637,114,34,9
640,112,31,10
641,112,30,12
642,112,30,11
641,111,33,10
641,111,33,10
641,111,33,11
643,111,31,9
641,111,32,10
642,111,30,9
639,112,34,11
640,112,34,11
637,111,37,11
641,112,33,10
641,111,35,10
642,112,33,10
643,111,33,11
644,113,34,9
645,113,32,10
644,114,35,10
647,114,32,9
647,114,32,9
646,114,34,9
646,115,33,9
646,115,33,10
645,114,34,10
645,114,34,10
645,114,33,9
644,113,33,10
644,114,34,9
643,114,35,9
643,114,33,10
643,115,34,9
642,116,34,8
641,116,33,8
641,115,34,10
640,115,38,9
640,115,34,9
641,116,31,8
640,116,34,8
637,116,37,9
637,116,34,8
636,116,33,8
637,116,33,8
637,114,32,10
636,114,33,9
635,114,35,9
636,116,33,7
636,115,32,10
635,117,32,10
633,115,33,10
633,116,34,11
633,115,33,10
631,115,34,11
632,115,33,10
628,115,36,12
631,115,33,10
630,115,32,10
631,116,31,10
629,116,33,11
628,116,34,10
629,116,33,10
628,116,34,9
628,114,34,11
630,112,30,9
629,112,32,10
628,113,32,11
627,114,32,11
626,116,32,10
624,117,35,10
623,118,33,10
621,119,32,9
618,119,32,10
614,120,32,10
610,120,31,10
606,121,31,11
601,122,31,10
595,123,34,11
592,124,30,9
585,124,32,10
580,123,30,10
575,124,31,11
573,125,28,10
567,125,30,10
561,125,33,10
560,125,31,11
556,124,30,11
554,126,30,9
551,125,28,10
547,127,28,10
542,130,28,10
541,132,27,10
536,134,27,12
535,135,26,11
532,135,36,13
534,136,32,13
529,140,35,11
530,136,33,14
530,136,34,13
533,139,34,9
533,136,25,11
533,138,32,8
533,137,32,11
533,138,31,10
531,139,31,9
533,139,29,9
535,137,29,10
536,138,31,11
534,136,34,11
537,137,31,9
539,136,30,10
538,136,32,10
540,134,32,11
544,135,36,11
544,135,30,10
547,135,30,11
548,136,30,10
552,135,31,10
553,136,30,11
556,136,32,9
559,136,31,11
562,136,29,10
565,137,29,9
570,136,27,10
570,135,30,11
574,134,28,9
577,132,27,10
580,131,28,6
583,128,26,9
584,125,29,10
587,121,33,13
590,121,29,11
594,119,28,11
595,116,27,12
598,115,27,12
601,113,28,12
604,112,26,13
605,113,28,11
609,113,27,13
611,114,27,11
613,114,27,12
615,114,32,10
616,117,28,11
617,117,28,12
620,118,28,10
619,118,30,13
622,119,27,10
621,120,29,10
623,121,28,11
622,122,29,9
622,122,30,9
622,123,30,9
623,121,28,11
622,121,29,12
622,124,29,10
622,126,28,10
622,129,28,9
621,129,28,9
622,129,28,9
619,130,28,9
618,132,30,9
617,134,28,9
614,137,31,9
615,139,28,9
614,139,29,9
614,139,27,9
612,138,30,10
610,138,31,8
610,137,29,10
610,137,28,9
609,136,28,9
610,135,28,10
608,133,30,10
610,131,29,10
611,129,28,10
612,128,27,10
612,127,29,11
613,126,29,11
614,127,29,10
612,127,32,11
611,126,30,11
612,127,28,9
610,127,29,11
611,127,26,8
609,127,27,9
607,128,28,10
610,129,26,9
606,128,29,10
608,129,27,9
609,129,27,10
607,130,30,10
608,129,28,10
608,130,28,8
610,130,27,8
609,130,29,9
611,130,29,9
612,129,30,9
613,129,28,10
615,129,28,10
613,129,30,11
615,130,28,10
615,130,29,9
616,131,28,9
616,130,29,10
616,131,29,10
617,131,30,9
616,132,30,9
615,133,28,8
615,133,29,9
614,134,30,9
612,134,28,10
612,136,27,9
610,137,27,10
609,139,27,9
609,143,26,9
606,145,27,9
604,146,27,8
607,146,25,10
605,145,29,10
606,144,26,9
606,144,27,10
606,143,26,9
607,142,26,9
606,141,26,10
605,139,29,9
607,138,26,9
605,137,28,9
605,135,26,9
604,135,26,10
601,136,28,11
600,138,31,10
599,139,31,11
599,139,26,10
599,139,26,10
599,139,27,10
600,140,27,10
602,140,25,10
603,141,26,9
604,141,27,10
607,141,28,9
610,142,28,10
614,142,26,8
614,143,27,8
616,144,26,7
618,145,27,6
620,146,25,8
621,147,27,8
619,147,29,8
621,147,28,9
623,147,29,9
623,147,30,10
621,145,34,10
623,145,30,11
623,146,33,10
624,145,33,10
623,144,33,12
626,144,28,9
625,144,29,9
623,143,30,8
623,143,29,8
622,141,29,8
622,140,30,9
623,139,29,9
621,139,29,8
618,139,31,8
620,138,29,7
621,138,27,9
617,138,30,8
614,138,31,10
609,139,27,9
604,141,26,9
595,142,22,10
588,142,23,13
581,142,9,7
575,143,12,10
568,141,12,12
565,142,13,15
562,141,12,14
562,141,11,14
561,140,11,14
0,0,0,0
559,143,8,10
561,142,9,10
562,143,8,10
563,143,8,8
564,144,8,8
564,144,8,8
565,143,8,8
566,142,8,8
568,143,7,6
569,142,8,8
568,142,9,8
571,142,9,8
571,143,9,8
572,142,9,9
