637,226,68,29
626,217,62,28
616,210,56,23
615,212,50,22
610,228,53,25
607,265,49,22
608,269,53,23
611,269,51,20
610,265,54,22
613,254,59,22
632,223,67,24
651,206,68,25
651,204,67,27
614,209,46,24
611,222,53,22
610,217,49,24
633,219,68,22
672,219,78,27
688,215,81,25
705,218,85,28
698,214,84,30
690,212,83,29
680,216,84,28
671,224,85,26
664,218,87,28
657,212,88,30
657,213,92,29
659,217,89,31
658,218,90,30
658,217,89,30
661,217,87,30
655,214,90,33
648,214,86,30
638,211,80,30
613,210,77,31
617,218,78,30
635,232,75,29
635,219,77,31
641,220,81,30
644,222,84,30
649,220,79,31
649,220,81,33
646,219,82,36
639,217,83,31
638,224,80,32
634,217,81,35
634,226,81,37
637,222,84,35
642,223,82,34
642,225,82,32
640,227,85,32
642,226,83,35
636,223,85,36
635,212,78,35
613,204,65,33
605,210,58,32
603,209,59,31
608,201,59,35
613,204,56,34
611,194,57,33
607,195,57,37
617,188,61,37
615,195,58,38
613,204,58,31
613,210,64,28
619,214,65,28
612,212,61,27
600,214,50,24
599,215,56,25
604,205,50,26
601,206,53,26
599,208,42,26
597,208,45,26
595,212,43,22
600,213,41,22
599,214,38,23
605,213,41,22
604,212,46,22
606,212,45,23
607,211,43,25
605,210,50,23
611,209,49,25
610,211,50,25
610,201,47,25
607,206,51,23
606,209,52,23
608,210,51,26
599,214,43,22
602,214,45,25
603,204,43,24
592,204,44,24
603,207,50,26
637,214,68,26
670,208,75,26
970,139,15,9
973,136,15,12
973,136,16,10
974,135,14,11
974,135,12,9
972,136,13,9
971,137,11,10
970,136,13,9
969,137,13,9
967,138,13,10
643,198,74,30
642,197,73,29
622,197,71,28
601,183,53,24
597,180,53,25
586,170,40,23
577,186,44,25
575,191,48,24
580,193,47,23
582,192,48,23
584,192,50,24
582,189,41,24
584,184,47,30
580,193,45,26
580,207,55,26
590,208,64,30
609,194,65,30
618,191,64,34
616,203,65,31
621,200,63,30
621,200,69,27
630,201,69,27
634,200,72,25
640,206,71,22
622,241,66,28
620,253,65,28
620,262,64,25
608,246,56,28
616,232,52,27
603,231,46,26
591,228,49,27
594,229,52,27
597,246,61,28
602,235,63,27
607,234,63,26
612,229,60,26
613,196,60,26
605,211,54,28
607,196,51,28
609,203,47,25
611,204,48,26
613,198,45,25
613,195,47,27
614,194,49,26
616,193,49,25
621,193,51,29
623,190,52,31
621,202,53,30
622,178,46,29
618,180,47,32
615,186,47,30
616,184,48,30
607,213,42,25
607,174,37,30
595,186,40,32
581,203,35,26
555,273,37,31
551,278,37,34
556,275,37,34
568,259,40,30
592,202,41,29
574,207,32,24
575,194,30,24
576,199,31,27
580,198,31,26
586,200,35,27
601,198,42,27
623,199,48,30
631,198,54,30
633,198,55,29
638,192,54,32
620,195,23,25
604,201,31,35
590,206,31,29
579,206,31,29
573,211,34,26
569,242,44,26
560,239,41,24
556,231,39,28
551,239,32,27
547,242,32,28
554,224,35,29
561,215,33,29
573,211,34,31
587,213,45,30
596,220,52,34
605,219,66,25
624,210,70,25
630,202,72,30
629,201,71,31
632,199,71,33
630,211,72,32
632,222,73,29
638,220,73,30
640,214,74,29
646,204,72,29
