805,295,33,39
822,326,32,39
844,356,26,37
859,378,27,41
867,388,27,39
867,381,29,39
859,358,29,39
840,324,33,37
817,283,41,39
803,251,35,38
788,230,40,37
787,225,40,35
796,233,41,37
818,253,38,38
844,281,35,31
864,314,34,32
881,340,33,32
893,354,32,33
898,351,29,32
889,332,29,33
868,301,34,40
844,272,39,38
827,242,35,41
805,220,40,37
794,209,39,39
796,213,38,38
812,232,34,33
834,256,33,38
857,281,33,35
880,308,30,36
895,329,33,42
898,332,32,40
884,317,35,38
865,288,35,37
840,249,35,38
808,213,40,36
792,188,37,40
782,175,35,39
781,178,40,41
797,194,37,38
817,221,33,37
839,251,32,43
855,282,31,42
866,299,29,37
872,300,28,42
863,289,29,41
845,270,32,41
827,243,29,43
807,224,31,34
0,0,0,0
0,0,0,0
0,0,0,0
0,0,0,0
0,0,0,0
826,221,28,40
839,248,34,41
852,265,33,40
858,275,31,39
855,273,28,39
840,255,31,39
823,229,28,38
799,201,35,39
778,175,35,41
765,158,36,37
764,154,35,38
776,166,36,36
794,186,35,38
817,218,33,29
841,245,32,41
860,268,29,39
869,278,25,38
868,276,27,35
859,266,28,32
843,249,31,35
822,225,32,30
803,201,32,32
793,186,35,35
790,182,38,33
800,185,41,31
819,196,39,31
846,213,33,35
866,235,31,32
883,252,31,34
893,261,32,35
895,262,31,35
885,253,30,34
869,231,32,36
847,204,35,36
826,183,35,30
805,168,43,33
800,159,37,33
802,163,41,36
816,176,39,31
839,199,38,33
864,222,35,36
884,240,35,33
897,246,33,33
897,246,35,31
891,234,36,33
875,211,34,32
852,185,37,32
828,163,42,31
816,147,38,28
804,134,47,36
807,130,43,36
820,134,42,33
845,151,40,33
872,170,37,32
893,189,37,32
910,206,35,33
922,215,30,33
920,209,33,32
905,193,38,37
878,171,40,32
853,146,39,31
826,124,41,27
811,113,43,32
807,114,44,31
817,124,43,27
836,137,40,29
861,158,40,29
889,183,37,32
907,206,37,32
918,220,33,34
916,219,36,34
908,204,37,36
886,182,40,37
866,160,39,35
843,142,42,32
826,125,44,32
812,118,52,32
820,128,42,26
835,144,43,30
861,162,36,33
886,187,36,34
903,210,36,35
909,224,41,36
910,225,40,36
902,210,40,38
875,181,41,36
843,149,39,37
800,133,45,36
771,123,45,35
752,115,45,38
752,117,42,35
762,133,41,33
786,160,36,37
809,188,37,39
831,215,36,38
851,235,31,38
853,241,40,39
846,239,38,38
831,222,37,39
803,201,40,36
775,176,39,33
748,152,41,35
725,131,42,34
720,127,41,34
726,131,45,36
743,148,45,37
772,172,38,37
800,199,40,36
824,221,41,36
842,235,36,37
841,233,36,37
834,221,35,34
814,198,36,36
789,172,42,37
759,147,42,34
732,128,51,35
720,115,50,37
748,124,19,20
764,136,21,22
773,142,40,46
807,170,34,41
832,199,39,41
843,218,38,37
846,222,36,38
836,211,42,40
818,188,40,37
792,154,44,39
757,121,48,39
722,98,51,38
710,82,55,39
716,71,52,38
734,81,53,37
770,106,46,35
806,140,50,43
854,179,40,42
880,202,46,38
898,207,47,44
896,203,49,41
870,179,50,45
845,149,51,42
802,115,51,41
762,86,52,37
737,70,50,30
723,63,51,35
733,80,55,34
759,103,50,33
796,140,38,24
832,171,41,40
850,201,36,31
856,219,30,32
847,219,35,38
822,198,37,38
788,164,39,37
738,125,44,36
704,96,40,33
677,83,39,28
664,77,46,29
678,88,44,28
704,107,44,26
734,130,41,30
767,158,38,32
788,183,39,34
803,200,37,33
799,198,38,38
780,184,41,35
751,160,41,31
717,142,39,31
679,125,42,30
655,114,38,31
638,120,41,29
644,130,38,29
668,146,41,29
698,167,37,26
726,187,34,29
749,203,32,28
760,207,32,26
757,199,31,23
749,183,32,26
732,161,31,26
701,133,35,27
675,113,35,26
652,100,38,24
641,91,45,26
653,89,40,27
680,98,37,24
713,113,35,25
744,129,36,25
772,144,29,26
784,153,29,25
785,150,31,24
778,140,32,25
765,127,32,28
743,112,36,26
716,98,37,28
691,84,40,21
684,77,34,21
692,76,34,24
697,81,42,25
716,94,39,24
741,102,30,25
757,117,34,25
769,128,28,21
773,132,29,26
761,127,34,27
743,122,34,25
721,111,34,25
694,95,38,25
680,80,34,26
664,79,43,23
665,70,41,27
677,76,38,24
697,91,35,22
732,107,36,24
763,131,35,29
776,145,34,30
772,145,34,30
762,140,36,28
753,126,32,29
742,117,22,21
0,0,0,0
0,0,0,0
0,0,0,0
0,0,0,0
0,0,0,0
0,0,0,0
0,0,0,0
0,0,0,0
769,91,41,30
785,102,38,28
787,103,42,31
787,96,36,40
768,88,32,25
746,73,34,29
722,62,38,26
700,46,41,29
691,39,45,31
694,43,45,29
706,52,46,30
728,73,45,28
761,92,36,30
783,106,40,34
799,115,37,29
801,121,36,25
793,116,37,28
776,104,37,28
745,89,39,24
723,73,40,25
703,56,39,25
697,51,42,28
701,60,41,27
711,72,41,29
737,86,38,25
765,105,37,27
785,131,34,26
802,146,37,27
807,150,35,27
798,149,39,32
782,139,33,28
753,121,36,29
729,103,41,30
705,90,38,29
693,90,36,27
687,92,37,27
697,96,35,29
719,108,31,29
742,125,33,30
767,146,32,28
785,159,32,31
796,167,29,31
794,168,28,27
779,160,29,31
752,144,34,32
726,126,30,28
699,109,35,28
683,96,37,29
676,91,37,24
679,90,39,27
695,99,38,25
716,115,36,24
741,132,35,26
765,147,33,28
780,159,35,32
786,161,38,31
777,156,38,33
753,142,39,31
727,124,43,31
700,105,42,30
678,94,43,28
664,83,44,27
660,83,45,26
669,87,42,28
692,99,38,24
722,121,35,25
748,142,37,28
768,158,35,25
782,167,36,29
780,165,37,29
768,153,35,26
743,133,38,28
714,108,40,32
706,96,19,17
0,0,0,0
0,0,0,0
0,0,0,0
689,89,36,28
722,102,43,34
754,120,38,24
786,123,30,23
802,130,36,24
804,120,37,24
783,102,41,27
755,71,43,32
721,42,51,31
687,23,46,26
659,23,45,25
654,14,45,30
670,7,49,34
710,39,47,37
766,84,45,39
797,146,50,44
825,207,40,37
832,243,50,44
844,246,47,45
832,225,45,42
794,187,48,41
751,135,47,40
696,85,55,36
661,52,54,45
639,39,55,46
637,50,55,43
670,77,52,45
718,118,51,42
754,169,56,41
793,211,54,44
825,234,54,43
829,232,60,45
811,216,61,44
786,182,62,49
753,131,59,44
721,77,62,45
690,33,64,43
678,19,69,45
681,33,69,47
713,67,65,46
754,109,62,43
793,165,70,52
830,220,58,46
846,256,65,53
853,267,62,53
836,244,59,43
819,207,59,43
784,160,55,47
728,110,57,44
699,53,53,48
693,32,62,43
689,33,59,48
700,58,55,41
730,92,51,45
767,135,50,38
792,175,51,40
809,207,50,43
823,217,49,40
821,207,55,45
799,179,55,45
773,148,54,46
751,109,58,49
728,77,56,49
711,42,56,42
706,36,55,44
722,67,51,42
751,110,55,46
792,149,53,44
817,183,55,45
829,204,50,48
840,234,49,46
848,254,52,52
832,224,50,54
796,169,49,54
763,118,54,51
730,80,64,53
719,60,62,50
715,41,68,51
721,44,64,49
741,71,67,51
778,120,62,51
805,171,59,51
820,209,59,47
833,215,61,59
832,219,61,55
815,198,63,56
797,163,62,54
772,119,63,64
732,81,63,60
702,54,68,59
684,36,69,57
680,35,67,50
700,56,65,52
736,102,62,56
770,145,61,56
798,182,59,53
808,208,62,53
814,217,64,60
813,209,63,57
802,180,66,57
781,137,67,55
758,93,65,55
723,57,70,54
703,40,73,50
711,56,74,56
732,86,74,61
758,130,72,58
793,169,75,60
828,210,70,58
858,234,64,58
861,236,70,57
863,223,61,58
847,194,61,51
826,147,65,55
803,91,75,51
779,46,67,46
749,15,74,53
730,4,78,49
739,23,74,46
751,54,72,51
775,98,63,50
797,144,63,46
816,179,60,47
813,213,67,59
814,217,67,61
803,197,69,63
777,164,66,55
743,106,66,62
702,57,64,58
703,51,64,62
694,50,73,54
704,42,70,54
720,73,67,60
746,127,63,63
773,168,67,64
801,200,61,62
817,216,62,65
827,236,59,61
821,229,59,62
808,195,56,64
770,151,69,64
744,101,70,61
715,44,80,60
693,10,67,47
679,9,66,51
701,41,61,61
740,75,60,68
772,121,65,54
797,170,71,50
815,210,65,60
822,234,65,61
826,231,65,61
817,206,64,63
796,171,72,63
783,129,64,58
753,82,72,58
723,33,75,60
705,3,83,57
