616,146,36,16
601,147,37,17
580,167,35,16
604,192,40,15
600,194,35,16
611,189,32,16
609,177,34,18
605,166,35,17
603,165,34,18
610,162,35,18
610,163,30,18
592,173,34,19
555,167,33,22
512,167,39,19
507,167,33,24
516,157,32,22
529,149,29,22
592,152,26,17
705,149,23,14
755,169,16,10
738,161,12,16
730,161,12,15
737,186,21,15
725,191,18,16
693,186,25,18
678,156,24,18
660,150,25,18
621,141,24,16
605,139,25,17
628,146,25,15
635,142,30,20
635,148,26,16
616,157,24,16
615,151,22,16
640,149,20,13
641,158,18,14
0,0,0,0
0,0,0,0
0,0,0,0
0,0,0,0
0,0,0,0
0,0,0,0
0,0,0,0
0,0,0,0
423,154,19,12
455,122,31,18
489,96,30,15
552,106,26,15
594,164,23,14
591,207,26,12
582,212,28,13
555,202,28,14
540,190,31,13
576,198,34,14
579,176,33,15
592,172,30,14
574,165,34,15
562,161,33,15
562,143,33,15
579,141,36,12
596,141,36,15
623,131,40,14
648,136,40,14
635,137,42,15
642,140,44,15
653,123,44,17
640,125,45,17
633,143,47,16
634,141,46,20
631,138,49,17
610,124,47,18
602,122,47,18
597,125,46,20
598,134,49,19
596,152,50,19
610,166,47,20
608,159,47,18
606,148,46,19
595,164,46,19
594,174,47,20
605,160,46,18
588,147,48,20
587,139,47,18
591,128,43,18
597,138,41,18
612,145,35,18
616,138,35,17
607,138,38,19
622,147,36,19
610,147,39,19
614,142,34,17
606,144,37,18
581,143,39,18
614,146,34,19
631,150,33,19
601,145,38,17
587,144,36,19
570,147,36,17
562,148,39,18
582,152,32,17
589,154,32,14
580,159,34,14
564,163,37,15
562,154,39,17
559,153,42,19
562,136,38,20
562,131,38,16
567,133,36,16
568,135,37,16
573,121,38,16
579,131,39,19
583,132,38,20
583,124,42,18
586,124,41,18
587,120,41,18
577,116,40,20
571,124,41,19
575,123,40,18
567,118,40,18
556,131,40,19
552,149,40,17
557,155,38,18
559,146,36,18
556,140,38,17
562,135,39,18
563,130,38,17
566,133,38,18
567,139,39,18
563,136,40,17
564,137,40,17
567,133,37,18
563,129,37,19
561,131,37,18
560,119,36,17
560,103,36,14
567,97,37,18
574,112,34,19
582,131,35,19
587,132,31,28
573,138,37,27
572,141,36,17
577,150,37,18
574,144,35,19
570,144,33,17
571,149,35,16
577,155,39,15
580,149,34,14
584,148,33,17
583,146,36,16
583,141,33,16
577,141,33,16
573,140,34,16
581,136,33,17
589,130,35,17
588,138,37,19
588,143,36,19
582,123,34,17
579,135,34,18
577,137,34,21
582,124,30,16
583,123,32,16
584,124,34,16
582,124,33,17
583,126,34,17
591,129,33,17
598,133,33,16
592,133,38,15
589,136,40,16
595,138,39,15
599,136,39,16
596,137,38,16
593,132,38,16
597,132,38,18
598,137,38,19
593,137,38,18
593,141,39,16
597,143,37,17
597,142,36,18
594,138,34,18
600,138,31,18
605,140,30,20
619,134,24,18
606,142,26,20
602,147,26,19
598,148,27,20
605,151,28,21
603,150,27,21
599,150,26,20
586,143,33,18
591,147,35,16
597,159,38,15
600,163,39,16
