878,188,62,19
880,186,59,19
882,185,58,18
883,184,53,18
884,184,56,18
886,183,54,21
887,183,53,21
888,181,52,17
891,182,50,14
889,182,52,12
885,181,58,15
894,178,49,14
895,178,46,12
895,175,47,14
895,174,54,14
896,170,54,15
902,168,49,15
905,167,43,14
902,165,49,16
907,162,43,16
914,164,43,16
916,162,44,16
920,161,39,18
921,161,43,16
928,159,38,16
930,159,44,18
933,159,44,18
937,159,40,15
936,162,42,16
937,166,45,15
944,168,35,14
942,166,39,16
941,168,37,15
951,169,31,12
949,170,33,13
947,173,40,13
953,173,31,16
950,178,37,13
952,181,34,14
953,185,33,12
950,185,34,11
951,184,31,16
946,186,35,14
949,188,31,14
946,188,28,11
947,187,28,12
941,187,32,12
938,185,33,14
935,188,34,13
937,189,31,12
930,188,28,14
930,189,31,15
928,189,32,13
928,192,32,9
928,192,30,11
928,194,28,9
929,195,30,9
922,196,36,11
922,197,38,14
924,199,28,13
923,201,32,10
920,196,37,12
918,197,33,11
915,196,38,13
917,198,32,10
915,196,34,12
909,195,41,10
913,195,36,14
908,195,42,12
910,193,42,16
904,193,38,15
903,191,39,15
902,194,35,11
899,192,40,13
897,189,39,20
897,188,40,14
892,188,42,15
891,184,46,17
888,182,48,17
892,181,37,14
894,182,38,13
894,179,37,11
894,179,36,12
894,179,37,13
889,179,40,13
889,177,36,9
883,176,44,11
879,176,46,13
877,177,45,16
874,177,43,12
878,176,44,15
876,179,48,12
881,177,43,15
888,175,43,18
889,177,43,14
897,177,49,18
893,179,53,15
895,181,53,16
899,182,48,13
898,183,47,12
898,185,48,16
900,184,49,16
894,185,49,15
883,182,55,16
877,182,57,15
869,179,59,13
859,178,63,15
851,178,65,15
845,175,64,16
843,173,60,16
843,173,57,15
845,174,55,15
848,174,59,15
855,173,55,16
860,173,63,15
867,173,57,14
867,174,58,17
869,175,57,16
867,176,54,17
865,176,63,15
864,176,64,19
864,177,63,19
866,176,60,18
863,176,60,15
861,174,56,15
858,174,58,17
853,174,63,13
849,171,62,14
848,169,55,14
847,168,55,15
846,166,55,15
848,164,58,14
848,164,54,13
848,161,59,15
845,159,57,14
845,154,61,15
849,154,59,19
851,152,63,18
856,151,59,14
856,148,64,16
867,147,56,15
868,145,61,19
870,144,57,18
868,145,60,16
868,144,63,18
871,143,57,15
869,142,57,16
869,143,62,16
865,142,63,19
863,145,66,15
860,142,71,20
858,145,65,14
855,143,62,17
855,142,64,16
854,142,59,18
855,144,65,18
859,142,62,17
857,141,62,13
855,139,66,15
859,139,61,16
856,138,64,15
857,135,57,17
857,134,59,15
857,131,61,13
857,128,61,16
855,127,70,20
856,123,71,14
857,121,68,12
862,118,68,16
865,116,69,17
863,115,67,16
864,115,70,15
867,113,66,18
870,112,68,15
874,111,67,17
877,110,68,17
885,105,63,18
890,105,63,19
895,106,57,16
899,106,60,15
903,105,67,19
906,106,62,19
910,109,61,16
911,110,65,17
916,112,58,17
918,114,56,16
913,114,63,16
921,113,61,14
925,117,55,13
926,117,57,15
933,120,58,14
938,120,43,15
948,121,41,12
950,122,40,15
952,123,37,14
958,124,38,11
959,124,40,12
961,121,41,11
966,121,38,14
965,122,39,14
967,122,38,13
966,123,36,15
965,123,37,15
961,125,42,14
962,123,41,17
965,121,37,15
963,125,40,14
963,122,42,19
961,123,41,14
963,122,40,15
959,122,43,15
960,121,39,14
957,118,37,16
957,116,45,17
951,120,52,15
957,120,45,15
957,120,40,11
962,119,37,13
955,121,46,13
957,123,36,12
957,120,38,15
957,119,33,15
948,121,40,15
943,120,43,12
937,121,42,15
927,121,47,17
920,120,46,17
914,116,56,19
906,117,52,15
902,116,53,17
899,117,52,17
896,119,48,13
889,120,49,16
889,123,64,15
885,125,65,15
886,120,65,15
887,121,60,18
881,121,63,17
881,120,67,17
874,120,67,16
877,121,64,17
877,121,65,16
874,122,66,16
872,120,62,18
876,124,65,16
873,123,65,15
874,123,62,14
872,125,64,12
872,121,64,14
872,119,56,15
877,121,52,15
876,125,58,17
877,129,58,18
883,129,59,21
882,130,58,20
886,132,56,17
884,134,63,16
881,139,65,16
879,147,64,13
873,150,65,13
873,153,61,13
866,154,67,12
865,153,57,13
856,152,68,14
856,152,58,12
848,148,63,14
846,147,62,14
843,145,62,14
836,146,71,15
837,147,63,12
831,146,67,13
830,145,61,13
828,145,61,13
830,143,65,16
834,139,70,11
849,133,66,13
866,133,67,16
874,134,69,20
885,143,71,15
896,147,66,15
909,152,66,14
923,163,66,13
945,166,64,14
963,169,54,18
968,174,64,11
976,175,67,15
990,175,63,17
996,175,57,16
999,171,56,24
1001,171,55,22
1007,169,55,21
1005,171,54,21
1002,168,55,24
999,169,54,20
1000,171,55,18
998,168,63,21
1003,165,50,19
993,164,57,21
991,161,54,21
987,160,53,12
982,157,52,16
975,152,53,15
972,154,53,13
968,150,58,18
968,149,50,20
962,144,55,17
959,144,55,16
957,141,52,14
956,137,52,14
955,130,54,15
949,125,55,17
949,121,58,14
944,120,58,17
938,116,57,16
921,113,53,17
911,110,51,17
890,111,55,25
884,115,54,26
882,117,52,18
882,116,52,18
880,119,52,15
872,117,51,17
864,117,46,15
841,120,42,19
824,125,55,20
819,128,51,26
817,133,51,21
816,136,49,22
817,140,49,25
821,143,45,25
823,146,46,21
826,147,44,26
822,149,49,28
827,149,49,23
825,149,50,25
826,148,48,28
825,144,52,25
824,139,54,27
827,133,55,26
829,131,51,21
831,132,50,23
835,129,52,25
835,131,55,25
830,131,61,26
835,133,58,28
842,131,57,25
845,129,57,27
846,130,59,20
849,129,58,24
853,124,56,24
854,129,53,22
862,128,58,20
866,129,52,21
865,128,61,15
868,129,62,19
875,126,53,21
880,122,64,19
887,121,53,20
897,117,54,22
901,120,64,18
906,119,66,18
914,119,58,17
920,120,62,16
920,120,63,16
928,120,62,17
935,119,50,15
937,120,57,14
938,122,61,14
941,123,58,13
942,125,56,15
951,128,50,16
953,130,54,19
957,130,57,12
963,132,51,15
971,132,52,13
