657,168,69,33
667,169,65,31
675,171,66,32
679,171,66,31
680,175,66,28
677,171,66,28
652,153,64,32
621,143,59,32
596,137,55,32
575,134,55,42
568,165,56,38
564,166,57,36
559,164,55,37
548,164,63,37
540,159,59,37
534,160,54,42
536,161,56,41
534,163,60,44
540,169,55,37
538,173,61,41
539,170,58,37
540,175,60,32
541,174,59,33
531,177,61,25
511,177,58,24
516,179,57,23
518,179,60,22
521,179,65,23
521,175,56,23
518,171,59,23
523,193,60,20
525,202,63,20
527,190,61,20
529,172,55,19
546,182,59,19
580,206,62,19
602,206,64,18
609,216,63,17
609,212,58,17
616,190,64,19
634,166,65,25
638,157,63,31
641,152,63,29
640,138,62,28
651,156,69,26
651,151,67,21
644,151,67,23
638,150,66,23
627,133,58,18
598,113,59,27
582,155,54,24
575,181,58,14
580,184,59,22
578,181,63,14
576,166,59,12
565,148,59,16
559,138,65,22
560,140,64,27
561,151,59,24
567,179,60,22
575,197,71,16
582,173,59,15
582,155,59,17
577,174,70,17
585,181,67,12
586,182,69,14
589,205,68,17
591,194,67,15
594,206,65,15
594,213,65,19
595,211,58,18
587,201,52,15
577,185,51,13
574,178,51,13
573,178,47,12
576,186,47,12
578,188,48,13
575,189,55,13
576,190,52,13
572,191,53,13
571,188,50,11
569,173,44,20
565,177,48,22
565,182,44,20
566,192,55,14
564,190,54,16
551,195,49,15
560,182,48,16
616,172,66,20
627,159,61,25
634,170,62,18
639,156,55,19
632,141,58,18
631,139,59,18
628,139,57,18
621,134,57,20
616,128,58,24
610,126,57,28
605,124,56,28
563,163,48,18
477,175,34,21
440,178,16,22
419,186,12,12
413,189,8,10
415,204,26,27
465,217,43,18
539,214,58,13
564,217,53,15
573,211,50,16
576,221,48,14
583,207,48,11
602,177,46,13
621,157,46,10
635,143,42,14
642,156,39,12
635,164,39,14
590,167,39,27
553,196,37,21
537,189,46,17
498,173,42,12
457,160,39,12
480,151,45,14
456,168,52,12
515,189,61,13
576,200,62,14
628,198,63,16
690,199,61,24
710,193,58,20
744,203,55,22
773,217,48,28
770,190,43,29
731,172,42,28
720,160,42,26
710,125,33,17
666,100,23,12
640,143,22,17
629,154,25,14
628,153,49,15
631,155,56,19
578,228,57,26
574,272,54,12
587,230,65,16
581,251,70,17
575,250,57,11
606,164,55,14
618,128,47,12
606,123,48,13
599,135,53,15
614,149,60,16
625,146,62,17
640,146,60,22
633,151,60,37
623,166,53,33
623,165,59,32
629,159,57,34
629,166,59,30
627,159,58,28
623,153,52,29
604,166,53,25
606,183,54,15
618,198,57,12
620,201,56,15
623,190,54,14
622,144,51,23
638,181,55,15
640,215,64,11
637,190,61,11
640,222,57,9
641,218,49,12
634,215,61,11
628,200,47,12
623,182,55,19
623,186,55,13
625,197,56,13
628,209,59,13
631,200,61,14
622,181,49,13
601,166,51,17
587,179,50,14
581,200,53,14
