641,179,79,25
646,167,72,27
652,161,73,30
649,173,74,29
647,167,74,30
642,167,71,27
633,194,69,29
627,220,77,33
622,217,76,33
629,211,72,34
635,208,75,36
637,204,73,32
636,209,75,27
639,214,72,26
646,219,70,30
648,224,71,30
650,228,74,29
653,223,78,32
654,218,76,33
650,220,73,29
652,220,71,30
655,212,72,29
652,210,74,33
646,192,68,29
668,180,69,32
694,189,76,35
697,190,78,37
677,194,77,33
650,186,71,35
645,183,74,30
618,183,66,24
621,184,66,27
625,172,62,25
640,172,67,26
654,168,67,24
649,173,64,25
651,180,69,25
645,189,72,23
631,195,66,23
626,193,68,21
619,199,67,24
604,212,60,22
607,209,60,22
616,203,58,20
606,206,62,26
597,205,63,25
592,200,62,28
594,195,61,30
601,194,61,30
602,196,60,28
602,202,61,23
604,202,65,27
606,202,65,23
612,177,66,24
624,178,78,26
636,182,74,27
638,186,76,28
632,192,72,27
626,199,66,23
624,201,68,26
623,201,69,27
619,204,65,25
618,193,70,26
622,191,71,31
622,182,68,30
622,171,68,30
622,174,70,34
618,174,72,39
615,180,74,37
616,179,72,35
617,180,74,35
618,183,72,34
617,185,73,33
616,191,70,32
612,185,72,30
614,186,72,29
615,185,73,29
616,186,70,26
613,193,70,29
616,180,73,29
618,184,70,28
617,203,70,28
617,199,68,26
619,184,72,29
621,189,69,28
621,196,67,27
620,196,69,28
619,192,71,30
618,194,70,27
618,198,70,28
617,197,71,28
617,198,71,28
617,197,69,28
616,195,64,29
612,197,65,26
610,197,65,28
612,198,66,27
610,196,69,28
628,185,74,30
634,186,72,27
622,176,70,27
616,185,64,28
616,186,65,29
606,188,64,27
615,193,68,27
603,190,61,32
610,189,67,27
611,189,65,25
617,187,69,25
622,185,67,25
612,184,64,29
616,182,68,28
611,184,64,27
615,185,65,26
618,181,66,29
618,185,63,26
616,187,66,26
619,188,66,26
615,187,67,28
618,187,66,28
621,188,68,27
620,189,66,26
612,189,65,25
614,189,71,29
624,192,69,27
622,194,66,25
613,193,70,25
617,192,70,27
617,191,69,28
619,190,68,27
619,191,68,26
626,180,64,29
622,175,65,31
625,176,73,28
627,170,70,28
665,172,77,26
693,177,78,30
690,179,81,33
672,184,77,30
645,188,73,28
642,189,74,32
634,195,73,28
634,195,74,26
633,194,73,28
634,192,73,25
629,195,72,24
628,190,71,25
629,187,70,27
626,192,70,25
627,199,71,26
619,196,72,29
620,200,66,24
622,199,67,25
628,197,69,26
619,202,65,24
625,212,65,22
624,214,67,22
628,209,62,22
627,207,65,20
625,203,65,22
624,201,64,23
626,199,65,23
626,199,66,24
627,198,64,23
626,198,65,24
626,200,66,24
625,200,68,24
627,198,70,27
626,200,72,26
628,200,72,26
637,193,73,29
632,197,74,29
631,196,76,28
627,199,71,28
627,200,70,27
626,197,67,27
626,198,66,27
620,204,68,25
620,201,66,25
628,200,68,26
629,197,70,27
626,193,64,26
624,190,67,27
625,181,66,32
624,189,66,26
623,191,66,26
621,193,67,24
621,191,67,29
620,194,69,28
618,196,70,27
615,198,70,28
614,199,68,27
615,200,67,28
613,201,67,26
612,202,67,27
613,202,65,27
616,180,62,29
626,183,60,30
627,192,58,27
634,190,68,27
683,179,71,23
727,186,78,32
721,189,77,34
714,195,77,35
696,196,72,30
682,199,74,32
674,207,75,31
670,207,71,33
668,208,69,35
666,211,72,37
666,214,74,37
671,224,77,31
678,224,77,34
679,232,75,30
683,234,76,35
685,232,81,36
689,233,79,34
696,233,82,34
696,233,77,32
692,230,76,34
694,216,79,38
712,192,77,33
684,184,73,31
637,191,69,23
589,201,58,29
575,214,59,29
578,206,59,33
589,199,57,35
599,200,60,31
608,197,63,32
613,197,62,31
603,201,61,28
594,201,62,28
593,196,64,31
602,194,64,29
604,199,62,27
603,201,62,31
603,204,60,31
601,210,66,26
600,207,64,28
606,204,68,30
613,199,69,29
610,201,68,28
607,211,68,28
606,212,68,28
607,209,70,26
605,208,71,30
604,209,70,29
604,209,69,29
607,211,70,26
603,211,63,27
595,211,59,31
607,207,63,31
602,206,61,29
592,209,59,29
610,199,65,30
609,194,64,28
601,201,63,28
599,201,61,27
590,197,59,26
564,191,53,33
540,190,47,35
534,196,44,35
544,197,43,31
561,202,49,30
567,207,53,27
586,207,55,24
613,201,59,24
615,202,65,25
617,196,67,25
602,194,68,29
596,197,64,29
604,204,67,25
619,207,71,24
631,199,73,23
637,190,72,25
640,189,72,25
635,191,72,22
637,195,71,27
636,199,74,27
638,192,73,27
636,186,72,28
636,188,71,24
640,188,70,26
647,184,72,27
647,182,73,26
643,183,74,27
640,187,69,25
629,194,71,25
618,193,70,30
629,195,77,30
636,192,79,30
644,186,76,28
642,185,78,26
640,185,76,27
638,185,77,26
637,188,77,25
639,187,78,25
647,178,77,26
640,169,76,32
618,175,69,33
609,177,67,35
605,195,66,29
613,201,60,22
611,196,63,25
617,187,61,28
611,178,66,34
604,182,72,33
607,181,69,31
613,180,71,33
615,180,69,33
613,183,73,34
609,186,74,35
606,187,68,33
604,191,69,34
602,192,70,33
596,206,64,33
598,196,66,30
597,181,61,37
596,183,66,33
601,188,71,32
604,188,69,31
603,186,68,35
599,192,68,33
597,195,67,34
598,195,67,33
599,196,68,32
599,197,70,31
599,200,70,30
601,198,70,34
605,198,74,33
618,194,70,32
635,194,67,29
643,195,70,27
641,196,71,27
646,178,69,25
655,179,71,22
646,185,71,29
615,192,69,26
582,194,64,33
584,189,56,36
606,180,57,37
613,188,64,32
604,189,61,30
596,198,61,30
614,198,67,31
637,193,62,33
657,170,73,32
643,179,70,29
621,184,69,30
617,189,70,29
621,188,70,29
613,192,74,26
613,192,69,25
606,198,69,26
602,200,71,28
601,199,71,30
601,199,67,29
596,196,67,31
589,195,66,32
