919,285,56,24
921,286,54,25
924,286,53,25
924,287,55,25
923,286,56,24
922,286,56,25
922,288,53,22
922,296,51,17
908,308,52,21
900,302,54,23
895,308,55,22
893,300,52,22
892,300,54,23
890,305,54,23
896,308,54,22
911,298,52,24
931,280,54,27
941,269,54,27
948,262,53,27
948,266,54,27
945,273,55,26
938,282,49,21
915,275,41,20
884,275,35,19
838,282,33,20
792,283,27,17
779,281,22,23
788,286,21,22
799,282,23,22
803,284,23,22
805,289,23,20
808,291,24,20
809,289,27,20
810,289,27,22
811,289,26,19
812,290,25,21
812,291,28,20
839,288,41,25
877,287,55,29
902,282,58,32
913,283,59,31
913,285,59,30
909,285,60,29
905,288,59,28
905,291,57,29
906,292,56,29
905,291,57,30
905,290,57,29
904,291,58,28
899,289,58,28
895,287,56,26
884,303,61,25
865,309,60,24
843,313,57,24
834,315,56,24
838,313,57,19
848,302,56,21
871,286,53,19
852,287,58,20
831,293,56,25
808,304,56,26
810,305,58,27
821,300,58,27
830,304,60,28
829,318,60,28
829,314,60,27
836,318,55,25
834,312,62,26
831,325,59,28
819,336,58,29
816,337,59,32
811,341,58,29
822,334,59,32
823,341,63,30
824,341,62,31
830,332,61,30
842,317,59,29
836,314,58,27
822,314,59,28
819,312,57,28
823,317,59,22
836,312,60,26
836,337,60,26
840,337,56,23
827,325,55,27
830,298,58,26
838,299,58,24
837,299,60,27
835,305,57,25
832,301,60,24
847,298,61,24
860,294,57,24
849,275,61,24
825,271,65,27
812,267,66,30
808,266,66,30
809,245,65,31
815,232,64,32
814,258,65,31
811,274,67,30
812,277,67,23
809,265,67,29
807,275,66,30
804,303,68,28
806,293,67,30
803,300,66,29
800,302,66,28
799,284,62,30
807,262,63,30
810,276,60,30
804,323,65,29
809,322,65,30
817,327,60,22
810,321,64,31
807,307,64,28
813,271,59,30
825,247,56,32
834,260,60,32
838,263,62,31
847,274,61,29
850,293,60,30
848,304,58,26
836,311,59,20
826,298,58,26
815,287,56,28
793,275,54,27
785,278,52,26
773,295,51,25
758,323,50,24
751,337,49,26
752,338,49,25
757,327,50,26
761,325,53,28
764,318,56,31
772,312,56,32
792,298,61,29
829,289,66,22
876,264,62,25
909,252,65,26
913,267,67,30
881,311,76,31
858,320,74,31
825,316,73,31
788,323,67,31
757,333,60,29
731,342,49,22
719,331,41,24
713,319,43,25
715,318,36,27
715,322,37,25
720,329,33,24
740,337,33,23
765,340,37,22
785,348,38,20
796,347,39,22
792,348,40,18
786,345,40,21
782,342,40,21
787,338,40,19
791,329,42,18
785,323,48,20
767,326,43,20
0,0,0,0
0,0,0,0
0,0,0,0
0,0,0,0
0,0,0,0
0,0,0,0
0,0,0,0
0,0,0,0
0,0,0,0
0,0,0,0
728,315,42,19
738,305,44,23
750,301,47,25
754,308,50,24
746,315,54,21
732,318,49,22
717,322,50,23
711,326,49,22
710,326,49,23
715,326,48,22
718,326,48,22
720,327,47,21
720,328,50,22
729,333,50,19
742,329,49,20
759,303,58,28
779,298,63,31
792,301,65,29
801,302,64,31
796,305,64,30
789,308,63,29
763,330,57,21
736,347,48,20
713,357,50,22
704,362,52,24
703,362,49,25
705,371,46,21
706,371,46,20
703,368,47,24
703,371,47,21
704,369,48,22
704,370,50,24
704,371,51,24
703,372,52,26
702,375,51,24
702,376,50,25
701,377,53,24
703,376,50,24
704,378,47,23
701,379,48,24
701,378,46,25
699,378,46,24
700,378,44,24
699,378,46,26
699,379,44,24
699,379,46,24
699,379,45,25
702,381,44,23
702,382,45,23
701,382,46,22
701,379,45,26
697,379,46,25
693,381,42,22
689,381,36,20
685,379,39,22
684,381,38,22
684,381,39,22
691,384,32,22
689,387,35,18
687,384,37,24
686,384,39,24
685,383,38,24
684,384,40,24
684,386,39,22
686,387,39,22
688,387,35,22
687,386,37,23
685,387,41,23
686,387,41,23
688,390,39,21
687,392,39,20
687,388,40,24
687,388,40,23
684,390,41,22
686,387,41,24
685,388,42,25
688,391,40,18
686,389,41,21
687,387,39,22
687,388,41,23
688,388,39,22
689,391,38,19
690,392,40,19
693,386,43,23
695,382,47,23
698,377,43,25
698,376,43,23
697,377,43,24
696,376,44,25
696,379,44,22
694,379,43,22
699,383,38,20
697,382,40,20
696,380,41,22
694,380,43,25
694,382,44,24
695,381,43,25
695,378,43,25
696,379,43,23
698,386,40,17
698,387,39,18
697,390,40,18
694,392,44,21
695,389,42,23
698,386,41,20
722,360,40,25
753,342,47,23
790,328,46,26
805,324,59,30
815,325,58,31
818,325,57,33
808,322,57,34
795,322,55,31
773,324,52,29
750,329,45,23
734,333,45,24
720,347,41,23
691,369,36,24
687,379,35,24
689,370,40,25
695,359,42,27
701,354,45,27
702,357,46,24
704,357,42,24
704,356,43,25
703,360,45,25
700,360,41,24
695,390,40,21
693,385,42,23
693,383,42,22
700,380,43,22
699,395,43,22
700,401,44,24
700,391,47,25
703,378,46,25
704,365,43,22
709,354,42,24
709,351,42,25
708,352,42,25
710,353,41,25
725,349,45,21
727,352,47,22
724,353,46,24
717,353,44,25
716,354,45,25
715,356,45,24
716,354,44,24
717,355,39,20
717,350,42,23
717,336,43,24
724,332,45,23
735,324,47,25
734,315,49,28
739,298,49,27
761,270,49,28
777,252,51,28
781,246,52,27
782,246,49,21
793,222,47,23
820,202,57,29
828,205,59,27
832,210,60,29
826,248,64,30
823,273,64,27
829,261,64,28
830,264,63,29
819,278,61,25
804,291,58,26
822,277,53,26
830,268,52,30
837,268,51,30
845,264,54,32
844,267,56,30
840,274,54,29
838,277,55,26
832,275,57,29
831,273,54,29
832,276,54,28
832,274,55,28
836,273,60,28
846,274,63,28
846,276,67,29
848,276,64,26
845,277,66,28
842,276,65,28
840,279,63,26
834,279,62,23
830,287,63,19
