565,30,455,470
583,28,404,458
593,27,405,453
584,26,402,453
560,21,406,470
515,226,451,276
494,245,518,261
514,230,509,274
495,219,524,277
495,216,519,277
516,225,497,271
533,241,483,268
567,248,443,273
562,257,446,266
571,253,436,268
610,250,397,268
643,250,382,267
637,259,389,252
626,277,381,244
654,274,381,247
662,270,411,253
686,257,406,274
688,273,514,258
706,272,482,249
921,279,250,255
871,268,297,282
861,301,310,251
892,297,279,261
902,298,305,265
910,300,278,265
892,288,294,272
955,286,259,271
952,294,235,263
809,283,234,278
764,294,205,266
801,306,283,254
828,292,287,265
809,302,276,277
828,317,257,275
838,306,272,295
834,334,384,268
840,332,356,270
891,323,290,294
918,322,323,285
956,337,291,274
957,339,303,292
926,354,312,285
850,330,338,280
796,284,254,270
729,252,214,296
723,238,221,292
735,238,231,279
763,231,209,295
698,226,253,303
708,240,201,267
683,222,175,262
652,219,175,268
627,207,182,282
601,198,219,299
603,195,214,260
