475,315,24,53
452,277,23,48
0,0,0,0
403,262,24,29
405,424,50,25
0,0,0,0
377,145,58,63
369,117,82,137
313,136,94,132
349,90,73,97
382,99,104,113
395,151,97,143
256,169,76,145
261,214,73,157
353,131,79,93
424,230,146,75
441,315,97,73
0,0,0,0
473,261,57,63
365,287,135,71
406,220,116,86
283,216,45,49
335,463,43,79
359,356,61,40
314,436,39,55
338,401,36,97
406,178,29,69
469,363,68,43
345,276,53,35
382,187,41,70
362,219,64,106
359,203,44,41
463,338,77,81
312,417,49,66
446,202,21,47
299,331,44,15
272,311,48,27
479,262,61,34
261,224,36,33
507,457,50,51
531,470,51,48
520,448,48,46
435,381,54,58
389,339,50,59
351,309,34,62
373,223,66,46
337,434,37,42
289,387,89,58
295,371,123,99
212,383,135,103
122,398,133,121
117,424,91,51
169,263,78,69
330,305,160,81
346,286,132,95
314,251,82,116
189,271,117,121
351,374,125,102
405,338,101,77
448,374,90,104
365,397,98,146
326,386,88,85
398,341,29,74
332,325,77,77
362,319,42,62
363,260,80,119
260,320,62,57
300,130,152,58
321,309,163,74
325,294,162,83
