515,72,114,215
515,80,113,201
521,89,107,202
531,96,102,200
537,101,99,195
539,104,99,193
544,105,95,186
546,103,94,184
544,101,95,181
542,98,95,182
541,95,93,181
540,93,92,180
541,89,90,189
534,79,93,189
545,127,76,137
590,162,176,142
730,128,138,73
549,91,184,131
353,120,237,119
294,166,241,72
341,26,172,206
447,21,154,120
615,119,249,80
719,147,252,71
810,32,174,189
768,114,203,54
635,127,173,73
396,170,245,67
334,195,245,104
360,145,211,109
472,64,137,75
702,73,182,173
618,19,201,165
577,58,215,118
606,127,170,104
496,166,199,128
484,175,223,131
454,58,272,150
488,22,225,125
480,53,223,135
454,116,254,152
434,119,271,141
448,236,234,138
453,227,227,145
407,120,290,146
407,130,290,137
414,125,290,157
529,140,292,155
526,142,289,144
434,142,300,173
440,137,311,183
342,131,310,152
325,148,282,137
413,134,302,156
478,154,290,170
479,159,280,182
480,156,277,170
456,161,293,169
459,160,300,167
454,160,287,165
469,165,262,156
477,162,232,162
483,161,220,131
472,165,238,157
472,169,238,150
490,173,211,136
514,110,172,130
475,59,227,149
438,94,298,86
444,141,289,52
454,162,281,42
459,175,276,33
468,170,274,34
589,168,160,34
575,169,182,36
580,169,127,32
586,172,149,34
557,151,210,53
519,82,247,138
552,126,208,124
576,134,173,105
583,135,164,83
553,133,210,135
553,141,204,139
581,163,90,112
601,195,24,145
556,372,25,21
559,440,31,121
588,456,29,118
586,472,41,121
567,467,46,130
563,482,43,130
562,551,28,101
0,0,0,0
352,516,126,94
501,137,78,96
0,0,0,0
675,112,252,162
388,327,240,208
514,543,91,175
610,481,143,97
301,160,170,88
279,42,213,134
427,50,213,366
439,46,181,354
402,27,185,342
372,1,169,189
422,7,263,158
519,53,315,216
449,1,243,66
230,1,299,185
324,1,125,86
377,1,182,86
495,2,334,194
601,1,122,87
235,1,199,32
86,1,228,281
411,192,34,49
475,107,101,152
308,335,160,36
307,346,166,39
323,369,159,37
337,383,159,40
363,395,121,30
439,300,87,112
1018,2,71,106
777,654,23,66
241,262,141,51
0,0,0,0
1044,160,129,71
958,593,120,106
0,0,0,0
296,342,117,30
336,56,72,122
355,13,152,284
340,16,162,313
359,21,117,315
313,38,113,313
346,144,68,147
232,47,256,180
224,46,123,177
404,121,271,320
441,243,394,230
421,328,365,228
427,352,301,282
464,382,191,289
407,465,131,255
484,585,85,135
0,0,0,0
577,672,28,48
