769,262,94,57
776,235,100,66
771,283,95,45
645,356,70,111
494,276,112,61
599,163,52,81
717,273,84,59
653,357,39,52
0,0,0,0
738,304,55,19
574,268,80,23
507,244,89,34
564,239,75,43
0,0,0,0
692,218,69,80
698,209,20,110
643,255,58,74
583,273,108,56
574,186,87,95
580,156,61,65
564,173,81,67
582,200,90,79
0,0,0,0
688,216,114,64
745,274,53,14
592,278,81,20
505,255,63,31
555,253,55,23
0,0,0,0
713,253,48,23
564,266,75,26
508,276,70,21
520,279,47,20
520,292,30,13
517,278,46,41
533,273,50,45
546,279,58,49
573,309,39,38
0,0,0,0
0,0,0,0
563,188,17,35
577,240,35,39
625,357,38,48
651,278,23,65
600,225,49,55
521,375,19,110
544,361,32,62
0,0,0,0
545,313,41,27
453,262,54,39
366,208,164,84
482,51,137,202
700,209,89,161
658,194,129,94
663,246,113,88
620,293,106,95
538,302,98,128
374,284,91,55
389,271,74,23
401,272,71,23
415,281,85,26
429,283,86,26
452,285,86,21
492,286,75,19
524,282,84,25
572,278,100,19
611,277,126,23
657,274,135,28
696,274,136,36
717,276,101,58
681,258,69,63
669,237,108,67
669,303,72,78
661,300,94,87
672,241,85,90
491,126,140,85
552,180,69,62
584,90,112,68
664,148,68,119
625,347,153,51
460,389,70,71
383,375,121,67
385,423,126,98
437,331,86,118
427,423,72,95
421,446,78,92
422,456,71,80
429,461,66,62
421,487,86,28
441,494,88,26
473,500,87,35
520,501,83,40
567,505,86,49
621,509,72,60
676,506,57,71
725,479,45,81
757,413,41,85
778,335,39,61
744,216,41,64
688,213,102,82
684,197,96,88
680,188,97,93
674,187,97,92
672,197,96,91
669,206,97,88
668,218,95,85
663,227,99,86
656,239,107,83
