543,363,131,26
553,358,133,28
559,352,143,29
561,354,146,26
567,348,141,31
563,348,136,31
550,353,134,26
532,362,129,23
538,350,114,24
537,349,118,26
553,346,99,21
549,340,99,27
559,351,75,17
535,351,89,20
535,358,89,27
559,358,67,16
567,351,59,23
579,351,43,24
577,352,41,21
573,357,35,22
584,348,28,38
604,362,13,17
604,363,17,22
607,363,17,24
609,369,17,17
607,369,15,16
0,0,0,0
0,0,0,0
0,0,0,0
0,0,0,0
0,0,0,0
0,0,0,0
0,0,0,0
0,0,0,0
0,0,0,0
0,0,0,0
0,0,0,0
711,357,20,8
0,0,0,0
694,363,27,7
693,356,24,11
696,361,21,8
0,0,0,0
0,0,0,0
0,0,0,0
0,0,0,0
0,0,0,0
0,0,0,0
0,0,0,0
0,0,0,0
0,0,0,0
593,355,16,17
0,0,0,0
572,362,16,13
567,366,13,11
0,0,0,0
0,0,0,0
555,367,19,32
555,384,17,22
0,0,0,0
0,0,0,0
0,0,0,0
0,0,0,0
0,0,0,0
575,363,37,9
571,370,36,9
555,361,55,10
550,359,110,10
556,361,107,13
