237,229,57,277
320,209,30,285
377,211,52,289
412,335,33,168
428,346,38,137
436,392,38,112
447,341,58,165
464,345,63,142
500,212,154,272
580,226,168,261
640,228,170,251
835,243,32,41
767,238,149,240
856,222,103,266
924,224,74,255
1008,220,42,151
1055,227,29,73
1086,236,26,70
1118,227,21,82
1146,238,22,65
1080,249,119,194
1065,380,36,40
0,0,0,0
1085,350,52,35
0,0,0,0
0,0,0,0
1103,330,90,21
1073,308,115,42
1049,292,146,62
1066,277,110,70
1050,263,128,86
1061,298,94,48
1031,365,125,30
1057,361,121,74
1034,359,145,86
1037,372,142,61
1043,395,126,42
1057,400,125,56
1093,399,93,79
1078,399,102,69
1057,384,95,15
1076,332,97,48
1025,257,128,97
1100,331,33,15
1038,365,96,15
1050,361,105,25
1039,370,32,12
1029,373,45,10
1027,380,61,17
1036,382,77,30
1046,371,90,29
1057,372,85,22
1064,373,90,14
1063,370,102,14
1059,368,107,19
1055,366,107,19
1057,367,104,16
1057,367,106,19
1056,367,106,19
1058,369,99,15
1056,365,100,20
1058,373,99,12
1061,372,97,17
1061,374,97,15
1061,373,98,16
1061,371,96,18
1061,372,99,17
1063,374,96,18
1064,373,94,19
1064,371,95,24
1064,373,94,25
1066,371,92,28
1064,374,94,27
1064,373,94,29
1064,376,93,27
1030,353,113,17
1057,257,93,71
1148,280,19,32
1146,286,18,36
1062,291,72,48
1004,371,124,24
989,368,129,54
967,354,112,16
