866,372,146,95
900,369,101,74
927,370,138,101
1026,427,65,46
1023,387,113,93
1009,374,164,103
1036,373,118,104
1066,375,34,103
1068,389,34,68
1024,386,111,101
1027,399,115,74
1059,407,109,80
1104,405,93,77
1108,408,98,77
1112,407,103,76
1108,404,105,90
1106,403,104,81
1107,398,103,80
1112,401,100,78
1149,408,73,79
1170,421,63,60
1177,417,58,65
1171,408,54,68
1132,403,72,50
1129,401,62,35
1123,399,51,27
1041,381,148,17
1014,326,161,60
1016,285,157,82
1028,300,146,67
1034,350,138,25
1038,358,118,21
1034,354,111,21
1025,355,112,23
1019,356,106,26
1018,365,95,29
1021,358,101,39
1027,363,90,22
1028,364,98,15
1045,359,99,30
1058,356,92,32
1064,360,86,28
1062,358,90,33
1057,360,91,27
1016,342,142,40
1017,334,140,42
1017,356,127,32
1022,357,112,25
1026,298,73,72
1035,223,30,131
0,0,0,0
0,0,0,0
939,247,21,77
901,342,23,20
760,345,140,15
749,302,109,66
807,351,33,23
645,364,168,20
641,335,159,54
686,373,115,25
656,381,127,41
650,344,129,46
641,363,133,26
665,366,105,51
