626,218,287,78
679,302,337,29
706,318,287,47
618,228,350,119
718,332,247,25
738,354,254,58
670,209,205,89
0,0,0,0
0,0,0,0
670,236,119,120
709,352,194,18
735,350,209,86
762,335,169,58
687,270,171,54
661,191,139,114
662,249,119,90
685,365,80,65
636,289,92,46
0,0,0,0
613,396,27,19
0,0,0,0
510,385,26,10
0,0,0,0
0,0,0,0
0,0,0,0
0,0,0,0
537,546,86,70
0,0,0,0
540,266,102,44
525,244,115,88
447,441,114,42
419,412,205,50
446,351,98,22
478,324,80,16
490,348,72,13
517,283,144,65
461,350,157,24
409,311,233,35
443,260,146,62
542,199,236,76
706,271,144,39
771,161,175,48
814,1,61,131
884,57,26,46
638,88,202,12
793,147,98,53
729,128,133,82
674,224,148,12
638,259,156,62
615,266,84,69
605,265,46,85
602,258,36,37
591,249,53,46
594,255,37,45
605,256,25,52
616,250,29,53
0,0,0,0
0,0,0,0
733,302,30,33
699,248,121,92
