47,363,21,81
45,355,37,66
71,324,59,14
83,311,26,16
79,256,25,67
73,216,39,100
74,213,39,100
75,259,42,58
84,275,48,55
87,316,40,24
91,326,65,77
92,326,60,70
93,325,95,46
102,320,80,19
92,304,70,27
94,294,80,36
98,299,72,31
99,297,67,31
92,296,74,39
89,291,70,45
87,298,66,39
87,316,75,26
96,327,68,28
91,336,43,37
92,343,55,64
91,342,63,75
98,348,61,69
92,344,63,71
95,344,66,71
94,346,60,63
93,346,65,64
92,344,66,72
92,344,68,70
94,348,64,67
95,346,65,65
94,345,64,68
94,344,68,71
96,346,67,73
97,344,66,72
95,345,64,66
99,349,68,61
100,353,65,60
109,329,86,33
108,286,40,39
114,247,35,78
135,240,55,78
161,211,70,110
200,201,45,118
229,244,26,73
253,253,41,84
309,262,37,81
348,317,107,28
389,317,91,34
425,319,59,37
459,348,51,33
483,370,34,23
482,368,27,15
484,344,118,34
557,357,37,10
0,0,0,0
531,357,20,10
