172,92,20,94
177,222,60,13
159,239,18,19
0,0,0,0
165,199,35,22
0,0,0,0
204,139,62,84
198,193,32,50
212,228,29,17
0,0,0,0
0,0,0,0
0,0,0,0
0,0,0,0
0,0,0,0
0,0,0,0
0,0,0,0
0,0,0,0
0,0,0,0
316,189,20,69
353,287,12,30
0,0,0,0
387,163,16,88
403,192,23,51
428,186,18,57
0,0,0,0
489,166,16,63
498,162,34,64
528,168,21,50
0,0,0,0
0,0,0,0
583,160,31,49
593,155,17,42
597,162,19,36
0,0,0,0
0,0,0,0
637,163,21,31
640,163,15,32
608,200,13,49
0,0,0,0
0,0,0,0
0,0,0,0
627,190,75,47
553,189,52,11
604,172,13,40
603,149,44,69
599,202,28,16
0,0,0,0
0,0,0,0
0,0,0,0
588,276,25,13
0,0,0,0
568,187,77,44
559,190,80,23
525,156,32,54
478,150,68,49
560,182,77,62
550,219,88,46
542,242,83,20
535,241,82,17
532,232,72,23
