901,110,159,235
865,146,189,224
824,185,221,203
791,157,245,175
882,106,226,158
0,0,0,0
879,96,187,258
0,0,0,0
806,156,254,205
945,217,306,177
1037,330,243,44
951,345,329,21
935,358,343,23
891,365,299,40
929,371,179,60
1031,374,66,65
0,0,0,0
0,0,0,0
0,0,0,0
0,0,0,0
901,506,50,64
923,486,36,64
909,486,44,67
913,481,46,62
917,480,47,60
917,491,39,62
903,485,46,65
905,486,47,67
893,453,61,84
818,319,140,54
953,30,57,293
1066,114,106,85
1073,72,193,135
1069,40,168,165
1080,48,169,158
1083,51,174,156
1084,48,171,155
1084,44,164,161
1085,53,157,153
1084,93,49,86
0,0,0,0
0,0,0,0
900,455,63,61
834,435,147,121
826,436,151,119
826,428,142,116
775,408,179,51
701,410,231,75
707,413,245,132
709,417,244,131
0,0,0,0
736,243,202,149
583,317,284,27
505,283,320,32
735,222,115,108
691,116,152,218
650,150,101,194
562,231,137,104
0,0,0,0
598,387,179,73
649,391,214,103
689,421,161,98
709,390,260,83
721,273,298,89
0,0,0,0
1081,1,64,207
0,0,0,0
0,0,0,0
808,377,305,165
787,402,272,193
757,412,285,160
809,424,247,221
796,426,255,207
799,427,251,211
797,425,248,210
802,422,250,216
803,431,241,209
805,427,246,213
806,430,239,212
803,431,245,209
807,433,243,207
796,430,247,196
0,0,0,0
0,0,0,0
1026,160,170,109
1000,183,257,63
928,151,262,113
516,217,261,121
636,292,183,71
660,175,273,81
768,119,316,85
839,139,327,52
855,136,319,79
912,90,174,215
0,0,0,0
657,382,224,69
660,361,250,140
809,346,157,98
897,382,112,98
921,410,149,106
981,420,100,115
974,413,102,117
958,486,65,85
967,420,101,130
943,431,120,133
943,422,114,132
941,421,126,140
950,400,137,166
954,405,127,154
0,0,0,0
765,204,267,143
0,0,0,0
1070,1,154,244
953,1,236,213
1132,1,77,230
0,0,0,0
0,0,0,0
770,222,176,43
755,147,270,112
0,0,0,0
0,0,0,0
0,0,0,0
0,0,0,0
0,0,0,0
0,0,0,0
0,0,0,0
0,0,0,0
0,0,0,0
0,0,0,0
0,0,0,0
1053,353,77,76
1060,386,96,70
1071,434,130,110
1095,421,143,156
1087,416,138,142
1037,419,142,136
929,391,197,123
792,364,277,117
763,365,288,168
752,375,284,170
754,386,282,167
744,389,293,156
