272,239,247,74
244,193,233,109
250,219,244,80
263,214,249,89
258,215,243,94
257,231,251,84
272,249,250,73
252,309,176,29
265,296,164,45
273,208,240,106
287,213,238,97
288,226,237,102
305,214,226,108
297,177,190,142
336,207,229,100
333,180,218,138
299,223,182,101
323,250,237,76
321,210,232,110
341,193,231,114
367,235,240,95
376,201,210,126
387,219,235,94
381,222,214,116
380,234,236,110
375,225,236,103
389,234,236,108
387,238,233,111
405,222,234,107
421,209,207,118
448,220,222,109
472,204,225,111
518,191,207,118
507,135,91,74
344,71,109,69
452,106,49,33
405,119,25,19
0,0,0,0
304,23,109,110
249,23,132,116
164,19,79,151
0,0,0,0
221,156,33,39
240,107,40,120
246,340,46,48
287,381,43,54
321,358,30,18
238,286,108,43
246,253,238,42
148,171,202,123
12,276,84,89
1,251,54,116
0,0,0,0
87,180,207,68
126,163,218,56
110,140,81,79
5,241,32,50
