767,277,137,35
774,285,146,25
812,300,145,16
821,311,148,79
808,312,165,51
792,272,171,53
849,296,128,36
846,313,163,55
864,314,148,75
853,312,134,82
803,303,153,112
832,289,94,61
740,281,164,58
741,282,130,66
741,279,94,47
755,262,66,27
723,262,88,54
741,201,45,56
728,148,9,72
0,0,0,0
0,0,0,0
0,0,0,0
0,0,0,0
630,272,40,84
618,270,52,99
616,244,45,44
596,236,58,33
567,257,51,73
544,271,65,35
544,258,51,14
541,239,38,27
502,256,27,13
453,276,28,19
453,277,26,16
448,259,192,20
418,274,116,33
400,286,150,32
414,236,194,51
418,223,202,68
380,266,154,33
328,292,204,66
352,281,166,22
386,249,155,45
362,288,146,19
321,297,156,64
353,289,188,53
410,242,190,40
441,244,153,39
423,284,185,48
419,278,194,68
461,241,149,34
487,219,186,52
456,258,139,20
413,278,115,56
404,285,150,76
405,277,181,55
394,265,196,62
375,268,206,45
380,268,154,17
394,194,193,81
376,227,186,58
354,283,146,21
345,320,150,79
341,319,205,116
347,313,216,78
342,299,232,40
390,243,171,54
437,235,158,51
417,317,234,52
443,326,128,14
520,222,171,82
526,241,196,68
460,345,112,22
426,353,100,28
464,197,207,120
406,289,191,48
363,348,102,16
392,247,162,77
385,322,119,18
361,342,102,28
380,233,181,98
412,287,210,50
422,292,135,45
403,285,192,49
336,353,237,61
354,339,187,22
463,245,106,54
535,220,88,47
563,300,96,15
601,134,58,54
0,0,0,0
0,0,0,0
0,0,0,0
0,0,0,0
621,120,45,76
666,132,159,52
677,1,37,140
702,1,27,108
681,1,36,99
720,107,144,62
0,0,0,0
721,136,88,58
667,192,181,34
807,219,186,73
844,245,265,96
855,239,284,114
871,248,282,90
