775,346,169,50
805,377,145,31
774,390,151,37
760,336,145,67
755,381,153,24
791,387,137,70
802,378,122,34
748,347,170,43
752,368,159,24
793,375,134,39
805,381,130,18
828,348,92,49
828,378,81,20
868,377,52,20
842,379,96,21
842,378,75,19
826,365,85,24
817,379,130,28
880,348,76,48
788,327,129,62
792,353,107,37
798,353,150,51
812,387,154,53
800,359,154,44
774,333,170,56
820,370,137,32
825,382,131,22
778,345,162,50
790,382,168,24
831,388,165,53
814,376,172,26
808,359,176,38
848,387,149,21
865,351,116,46
802,339,150,56
796,384,173,23
850,385,154,22
890,362,122,35
885,357,98,37
842,389,162,26
862,391,174,58
842,385,194,25
901,370,119,32
917,367,100,35
856,382,162,24
851,353,164,50
826,355,158,39
