445,210,304,81
591,83,199,241
679,243,115,70
788,99,38,208
734,54,136,236
751,81,142,220
786,114,132,187
817,100,123,187
846,73,87,204
882,75,57,211
888,57,65,206
896,51,57,206
914,48,38,218
928,44,36,210
945,44,39,225
966,47,43,289
992,44,53,310
1020,33,53,314
1067,22,45,307
1084,29,76,252
1068,66,153,208
1038,113,242,142
1041,98,239,161
1070,115,210,142
1096,114,184,145
1088,116,192,147
1033,112,247,153
974,85,275,181
955,84,237,208
969,83,222,210
967,74,180,212
942,91,147,184
895,102,197,182
895,108,220,176
908,87,188,192
899,99,165,174
893,105,106,130
840,122,167,134
834,120,165,140
838,111,162,151
833,118,181,148
823,117,189,145
826,120,189,155
781,49,77,237
477,169,237,103
596,1,104,201
421,109,294,55
522,63,199,57
535,50,106,70
468,90,66,75
479,98,114,54
386,160,150,94
342,280,230,42
382,305,244,33
483,224,207,87
676,220,81,59
685,44,151,254
798,26,81,299
883,25,42,289
909,37,38,280
873,76,106,201
886,101,127,192
923,112,161,219
985,94,108,242
1069,30,30,297
1081,24,66,275
1080,73,117,207
1082,204,50,87
1076,78,53,176
1043,85,76,161
986,97,115,192
935,97,140,208
890,93,166,225
844,115,157,205
829,62,169,270
842,68,157,275
844,65,138,292
812,73,25,273
541,158,261,21
564,93,232,34
643,1,182,136
579,33,203,135
531,31,255,96
549,9,186,141
496,19,207,95
522,1,178,70
452,1,263,140
631,98,24,21
473,217,93,166
