483,19,342,191
510,28,324,192
507,21,334,199
517,24,326,201
509,27,333,200
583,30,257,203
499,23,334,212
503,29,338,211
505,25,342,215
507,48,338,196
494,50,354,191
508,27,335,211
498,29,347,213
492,34,348,212
497,35,340,212
501,36,339,210
478,42,347,216
478,38,302,199
487,35,307,202
515,34,337,216
522,34,338,223
512,30,338,218
512,31,346,228
505,36,342,218
506,36,340,221
530,38,338,232
501,29,342,226
487,30,349,222
503,25,334,234
519,31,330,229
531,28,328,237
535,37,322,235
535,40,319,240
532,35,321,248
531,38,321,244
506,43,341,215
490,62,336,193
482,63,336,190
504,60,323,193
517,1,316,120
503,2,358,187
520,270,686,448
617,692,325,28
0,0,0,0
0,0,0,0
0,0,0,0
783,698,153,22
721,702,175,18
