415,326,500,273
418,316,495,263
416,315,500,266
426,295,487,230
414,339,506,303
408,348,513,311
407,359,516,318
410,349,515,306
402,361,520,325
402,368,509,323
407,357,505,318
408,363,513,326
404,421,523,297
408,410,526,308
424,362,518,312
424,360,519,310
423,407,524,309
420,453,531,263
413,462,535,254
411,457,528,261
124,1,972,662
108,1,974,719
86,1,997,717
85,1,995,716
69,1,1020,719
51,1,1066,719
62,3,1055,669
83,4,1054,506
73,1,1090,432
79,7,1120,430
84,3,1134,424
99,2,1127,451
11,5,1199,543
5,8,1186,589
4,9,1178,644
1,3,1171,670
2,4,1150,610
1,3,1153,587
4,5,1162,581
13,6,1168,683
6,6,1138,664
15,2,1114,632
29,7,1120,626
22,7,1120,705
17,6,1118,709
21,8,1125,678
33,7,1124,602
60,9,1094,534
39,9,1117,650
48,5,1146,714
68,4,1138,661
79,7,1112,649
74,13,1116,591
69,1,1130,581
94,3,1089,520
93,1,1107,589
92,5,1107,541
92,4,1104,487
55,6,1087,481
55,3,1094,504
