694,348,59,72
708,365,61,65
709,387,56,56
695,392,68,67
671,371,102,112
637,415,114,65
569,366,46,60
561,355,52,63
587,338,41,62
606,326,42,65
632,325,35,66
653,324,36,63
660,318,35,63
663,318,36,61
661,317,37,66
653,332,33,60
645,358,36,60
647,379,35,56
653,385,34,55
661,398,33,50
666,398,25,47
665,410,25,40
668,416,24,37
677,413,25,39
683,414,24,37
682,416,24,39
681,413,23,44
675,415,26,42
669,418,25,47
659,425,29,37
658,422,34,38
657,424,36,42
664,423,26,34
668,423,23,32
671,423,23,31
670,421,28,31
675,424,30,35
682,430,28,31
686,437,27,31
695,445,29,14
694,446,44,20
690,444,51,28
688,446,47,22
688,447,50,24
687,449,43,22
687,448,48,21
687,450,45,17
692,450,33,16
695,446,45,25
703,441,33,27
709,440,30,29
710,441,31,31
710,435,33,40
707,436,35,38
704,436,43,41
704,437,45,39
705,436,41,40
708,436,40,41
708,437,42,40
708,438,43,41
704,437,47,41
703,437,46,41
702,436,42,45
698,436,42,43
694,439,45,45
686,439,51,47
682,438,54,47
679,437,53,50
684,433,49,51
688,433,45,51
692,430,43,52
689,430,50,49
689,427,49,50
697,429,39,41
713,446,18,27
709,446,17,23
