151,159,228,159
142,164,239,154
117,164,269,159
122,169,279,158
106,176,289,163
86,188,315,161
73,197,330,162
63,198,342,176
56,209,349,179
47,213,361,192
43,220,344,197
35,222,343,200
36,222,344,209
35,215,335,191
95,201,255,168
100,189,350,173
214,177,305,197
129,163,393,242
63,161,453,245
35,157,460,250
20,169,457,238
6,174,459,233
5,167,456,238
10,162,458,238
13,160,466,239
24,153,479,239
38,135,504,255
37,120,535,270
9,101,602,290
1,95,666,313
1,71,796,345
27,37,826,387
129,48,724,375
100,36,753,378
7,1,849,373
176,1,677,352
