251,137,25,23
267,126,23,18
289,114,22,17
291,105,23,18
287,95,23,17
292,90,23,17
307,102,22,18
327,127,21,18
348,135,21,16
357,131,21,16
354,138,16,13
303,154,21,19
303,178,18,14
326,181,15,12
300,163,16,13
270,223,18,13
264,265,17,14
177,277,21,18
122,277,17,11
88,271,16,15
70,254,16,14
78,250,16,12
92,249,15,11
102,231,15,12
105,218,15,13
114,213,15,12
130,202,15,12
143,174,23,10
194,176,19,9
240,175,15,12
253,184,12,10
262,196,10,10
271,204,11,11
277,203,15,11
290,203,9,12
285,205,12,9
284,202,11,13
286,202,13,13
291,206,13,14
295,208,13,13
296,208,13,13
295,211,11,11
289,212,15,12
274,215,14,12
255,212,11,11
220,199,14,11
218,179,16,15
218,175,11,10
220,180,10,10
226,187,12,10
235,192,11,10
244,192,10,10
252,191,10,10
236,186,10,10
229,178,10,10
209,184,11,10
211,187,10,10
217,192,10,10
221,200,10,10
225,204,10,10
227,207,10,10
226,209,10,10
224,213,10,10
224,215,10,10
227,217,10,10
235,219,10,10
