668,14,33,32
671,67,33,29
666,118,34,32
656,175,35,31
631,250,33,31
597,312,33,33
561,358,37,33
513,386,40,35
457,433,37,34
397,489,37,34
337,538,39,33
251,584,45,36
173,631,45,38
113,675,45,36
91,699,51,21
115,704,47,16
173,694,53,26
269,678,43,42
363,659,41,37
447,646,36,37
516,627,35,34
567,598,36,36
608,565,37,37
635,531,36,36
649,489,35,36
652,453,38,35
652,423,34,35
643,396,36,35
635,373,34,32
625,348,33,31
616,320,33,32
609,294,36,35
606,265,37,36
604,230,38,33
611,185,38,35
630,131,34,33
646,87,34,35
667,46,32,33
684,1,34,34
