21,211,65,73
47,196,60,73
64,179,59,71
79,167,57,69
89,161,55,67
107,153,54,65
136,141,52,63
163,137,50,61
186,136,48,59
205,137,46,57
225,134,45,56
240,133,44,56
251,133,43,55
261,133,43,54
270,133,43,54
278,134,42,54
286,133,42,55
296,135,41,52
304,136,41,52
312,136,41,52
320,133,40,52
325,134,40,51
332,135,39,51
340,135,39,51
350,136,39,51
358,138,39,50
366,144,38,50
378,148,39,50
394,148,38,50
412,152,38,48
431,157,37,47
452,157,36,48
471,160,35,46
486,160,34,45
492,162,35,45
490,167,33,45
485,173,34,44
478,170,34,45
476,166,34,43
482,164,33,43
487,167,33,44
493,166,33,43
501,165,34,43
512,165,34,43
523,163,33,43
534,162,33,43
548,159,33,43
562,156,32,42
567,157,33,43
571,161,33,43
574,162,33,43
576,162,33,44
575,165,34,44
578,170,33,44
585,177,34,44
603,183,34,45
632,187,36,46
668,195,37,49
706,202,38,51
739,204,40,52
768,204,42,54
793,204,44,57
813,211,45,60
823,217,49,63
834,212,51,66
847,206,55,70
863,211,56,70
872,218,57,72
871,229,58,74
905,234,36,45
0,0,0,0
850,271,13,12
836,255,11,13
820,246,10,15
802,243,7,11
787,240,8,11
770,236,13,12
758,234,13,14
750,237,11,15
748,231,13,11
744,235,8,11
741,227,11,11
747,232,10,7
745,226,14,15
752,225,9,8
751,226,10,12
761,224,12,12
767,222,8,9
0,0,0,0
0,0,0,0
0,0,0,0
0,0,0,0
0,0,0,0
872,148,18,31
875,152,23,24
878,151,34,38
860,152,57,64
858,165,74,96
855,197,75,95
863,228,75,96
899,254,76,94
933,273,74,96
944,295,79,100
960,336,81,104
996,377,72,107
1007,424,66,105
0,0,0,0
0,0,0,0
0,0,0,0
0,0,0,0
0,0,0,0
0,0,0,0
0,0,0,0
0,0,0,0
0,0,0,0
0,0,0,0
0,0,0,0
0,0,0,0
0,0,0,0
0,0,0,0
0,0,0,0
0,0,0,0
0,0,0,0
0,0,0,0
0,0,0,0
0,0,0,0
0,0,0,0
0,0,0,0
0,0,0,0
0,0,0,0
0,0,0,0
0,0,0,0
0,0,0,0
0,0,0,0
766,455,56,74
696,425,58,94
623,424,65,72
551,405,64,70
521,368,38,28
442,353,66,83
356,350,65,85
286,351,67,88
231,358,72,93
169,380,76,95
83,427,84,104
1,466,74,113
1,504,8,48
0,0,0,0
0,0,0,0
0,0,0,0
0,0,0,0
0,0,0,0
0,0,0,0
0,0,0,0
0,0,0,0
0,0,0,0
0,0,0,0
0,0,0,0
0,0,0,0
0,0,0,0
0,0,0,0
0,0,0,0
0,0,0,0
0,0,0,0
0,0,0,0
0,0,0,0
0,0,0,0
0,0,0,0
0,0,0,0
0,0,0,0
0,0,0,0
0,0,0,0
0,0,0,0
0,0,0,0
0,0,0,0
0,0,0,0
0,0,0,0
0,0,0,0
0,0,0,0
0,0,0,0
0,0,0,0
0,0,0,0
0,0,0,0
0,0,0,0
0,0,0,0
0,0,0,0
0,0,0,0
0,0,0,0
0,0,0,0
0,0,0,0
0,0,0,0
0,0,0,0
0,0,0,0
0,0,0,0
0,0,0,0
0,0,0,0
0,0,0,0
0,0,0,0
0,0,0,0
0,0,0,0
0,0,0,0
0,0,0,0
0,0,0,0
0,0,0,0
0,0,0,0
0,0,0,0
0,0,0,0
0,0,0,0
0,0,0,0
0,0,0,0
0,0,0,0
0,0,0,0
0,0,0,0
0,0,0,0
0,0,0,0
0,0,0,0
0,0,0,0
1,522,16,50
26,472,75,91
120,431,66,82
193,396,59,75
242,370,56,69
267,348,51,64
284,325,49,60
303,301,46,57
318,284,43,53
336,261,39,49
353,239,37,46
373,227,35,43
396,211,33,41
418,201,32,39
446,192,30,38
469,186,29,36
486,173,27,35
502,162,26,33
513,155,25,32
522,149,25,32
524,149,24,30
520,148,23,29
507,148,23,28
495,147,22,27
488,147,21,26
487,150,20,24
492,155,20,26
501,161,20,24
512,165,19,23
525,168,20,23
538,171,18,23
545,170,18,22
550,170,19,23
549,171,18,22
540,175,18,20
528,177,17,21
518,176,18,22
510,175,16,22
504,174,16,21
501,172,16,21
