201,318,393,52
202,321,395,38
207,323,395,29
214,324,401,22
220,322,405,18
221,312,409,23
225,306,410,24
224,298,413,26
225,290,413,26
228,280,409,26
228,265,413,31
233,261,410,26
236,256,411,22
243,247,409,27
252,251,408,26
263,267,411,22
282,291,404,20
301,344,392,22
334,410,361,16
399,444,297,13
492,358,187,84
587,211,58,194
584,115,55,302
475,203,220,266
577,447,190,248
753,443,266,250
728,319,351,90
663,66,133,315
342,286,335,104
574,372,63,174
590,357,94,94
599,293,44,93
562,173,61,228
518,159,106,255
421,213,253,257
416,476,315,141
529,477,208,52
649,432,19,25
617,378,26,19
621,368,24,22
621,378,24,25
634,391,19,26
650,400,14,25
654,407,14,24
647,402,12,27
634,391,20,31
626,380,20,30
631,363,21,31
626,357,23,24
610,320,66,56
593,314,81,59
580,305,93,65
571,306,72,62
562,320,17,47
502,341,71,31
442,358,130,21
398,360,170,28
356,362,208,37
326,361,237,50
307,351,255,81
294,343,276,91
282,331,294,102
275,321,301,105
269,306,315,114
260,291,329,117
260,275,336,109
264,257,339,108
268,234,342,104
276,216,342,94
297,206,328,78
306,214,322,57
345,237,278,67
414,264,206,114
506,273,122,199
546,266,115,252
460,264,294,79
701,54,110,335
791,177,231,222
750,410,312,150
651,373,50,334
377,180,254,136
571,253,126,50
529,306,97,238
322,317,249,19
418,194,211,156
621,316,36,171
470,220,301,154
681,404,350,96
399,352,245,226
578,74,105,264
524,254,36,172
361,115,224,191
612,339,21,15
510,277,191,223
696,31,66,349
676,394,217,301
353,332,277,168
590,59,115,259
532,256,72,205
337,180,251,120
600,260,55,111
540,280,145,253
618,65,169,320
665,394,226,287
348,326,273,126
615,10,43,237
549,261,153,199
594,239,89,194
462,218,151,123
622,369,21,18
600,317,55,219
510,332,157,14
548,159,120,232
573,85,145,315
665,110,136,314
800,387,47,43
806,449,54,31
661,454,175,57
595,460,270,137
575,467,275,157
499,467,324,60
434,486,352,18
597,461,169,259
646,471,133,249
546,502,218,218
514,497,215,37
613,346,90,119
658,381,16,28
644,139,94,259
596,137,101,333
570,507,175,193
791,456,172,264
755,303,318,112
616,45,166,330
278,363,328,20
531,342,157,78
536,226,248,62
486,50,60,339
346,481,234,140
617,476,66,31
630,315,43,131
550,166,154,315
679,406,105,284
686,328,353,58
533,38,52,352
529,387,333,26
532,331,301,84
531,235,296,45
503,10,21,321
333,405,198,48
612,420,69,19
616,330,255,70
630,363,29,21
646,209,105,184
668,98,67,304
682,101,37,294
612,356,24,16
544,369,98,19
409,371,95,90
257,296,241,208
179,181,360,181
205,77,377,89
369,108,237,123
528,301,113,120
561,255,158,286
618,75,187,296
729,382,365,52
640,393,24,327
344,148,276,183
558,279,126,12
503,270,146,141
316,250,212,52
446,200,153,156
609,348,71,93
487,304,222,159
613,57,165,311
702,316,367,72
633,386,23,334
320,244,306,91
576,109,144,198
543,261,92,35
475,283,98,101
284,271,202,89
305,177,228,116
512,218,64,122
581,318,50,170
444,278,227,153
578,49,143,269
716,97,302,221
658,373,280,255
419,321,163,285
352,82,242,227
548,158,243,158
556,302,259,117
553,343,111,76
583,379,280,141
596,374,260,56
564,335,244,14
534,271,76,91
322,315,312,97
567,381,149,68
825,436,348,136
956,407,175,121
990,348,53,81
730,264,355,141
355,258,174,26
414,255,172,105
794,387,65,34
784,372,103,73
481,339,121,82
434,231,62,87
192,343,294,26
414,393,155,107
629,398,48,63
635,348,28,15
644,169,22,223
506,389,222,55
825,446,305,230
960,401,102,24
710,291,368,84
270,164,292,174
508,311,143,100
605,250,226,214
518,214,267,35
320,106,210,268
422,460,242,81
637,422,25,16
631,311,61,56
537,197,188,283
784,469,28,251
859,445,268,32
813,132,192,202
641,7,118,348
311,369,327,34
553,346,139,73
559,290,100,25
516,126,87,248
380,250,307,187
466,250,278,196
588,177,204,270
717,148,139,284
836,82,70,320
816,58,111,326
790,143,119,273
790,282,92,177
711,410,138,38
732,246,148,195
802,156,79,256
859,212,34,226
883,441,39,35
880,456,58,60
877,408,24,33
879,301,33,107
879,386,68,44
874,459,62,84
860,461,27,52
702,458,165,26
605,469,294,26
533,424,334,56
495,361,329,120
475,348,318,144
438,402,337,90
411,415,341,83
387,425,346,91
394,502,328,26
555,440,112,76
603,417,79,56
609,329,227,100
614,315,248,108
616,402,33,22
617,400,28,19
616,396,29,23
618,398,27,24
622,406,16,12
623,388,25,28
623,381,21,32
616,111,92,291
611,58,64,335
590,81,52,342
454,361,209,94
696,477,74,243
787,476,214,244
829,425,299,86
855,252,242,109
777,161,264,114
637,48,299,247
397,133,235,232
398,352,232,101
585,324,115,126
594,283,257,123
584,244,109,40
545,89,224,196
503,26,56,343
286,423,335,88
516,467,177,123
660,446,15,15
610,386,33,27
607,125,111,278
530,134,140,328
491,489,215,121
751,471,255,249
820,365,281,57
774,133,293,175
655,8,245,302
435,72,188,313
365,374,245,87
546,334,143,110
576,286,270,78
566,134,258,124
537,1,117,282
354,90,195,276
315,442,315,122
591,470,92,80
641,434,13,15
607,372,25,30
612,97,33,324
439,233,246,233
619,469,136,251
800,511,190,209
900,469,233,77
954,337,136,37
886,210,211,55
767,147,316,53
641,89,370,85
570,1,154,241
373,1,218,293
380,264,211,43
560,280,19,152
567,271,116,185
654,352,30,36
581,249,27,30
586,227,24,27
581,210,27,23
575,190,243,122
571,174,252,105
555,162,247,90
527,166,249,29
502,106,223,100
479,51,153,184
467,43,68,226
455,72,20,218
427,109,42,197
403,153,61,162
394,200,68,125
399,255,63,83
425,306,41,48
461,357,19,14
486,382,15,16
516,400,19,15
548,397,23,17
579,389,25,18
600,354,81,43
612,349,71,43
623,342,63,42
631,336,59,46
635,335,57,46
636,336,55,44
634,363,22,20
629,365,23,20
628,367,24,21
630,369,23,19
637,370,21,19
646,372,18,22
650,375,17,21
651,374,17,22
658,377,13,17
0,0,0,0
0,0,0,0
651,373,13,19
649,373,15,18
646,373,15,19
641,372,17,20
636,373,17,17
630,373,19,18
627,372,19,16
626,370,20,18
627,370,24,16
630,373,21,19
632,373,23,18
635,372,22,20
637,374,24,20
638,374,23,19
638,375,22,17
638,374,20,18
636,373,22,18
633,372,24,19
632,373,26,18
634,371,25,19
635,369,26,18
638,366,25,19
640,363,26,19
642,310,224,69
643,316,237,60
641,325,244,49
638,344,240,27
630,346,234,24
626,354,227,19
621,355,31,14
616,356,30,14
610,357,29,15
602,355,28,18
594,362,27,14
584,365,33,19
575,363,87,32
564,362,48,27
556,359,20,16
488,354,90,23
441,349,141,27
396,344,194,30
358,339,236,36
332,335,268,43
304,327,303,49
285,317,326,60
274,299,343,85
266,292,360,83
261,289,373,76
262,284,374,82
263,281,375,86
260,278,378,79
255,277,384,67
255,275,383,62
254,269,384,60
252,258,384,61
250,248,384,55
244,236,389,50
241,220,388,53
239,205,388,53
236,187,390,52
238,176,384,42
241,169,378,41
241,163,380,43
241,158,378,44
248,150,372,45
252,141,370,47
260,135,359,49
258,134,358,51
265,143,348,26
289,123,327,49
295,141,322,30
291,177,320,20
268,200,344,24
271,201,342,42
266,200,346,35
272,192,337,25
292,137,313,97
283,153,321,88
285,197,320,45
281,204,326,35
281,204,328,38
282,213,328,24
282,216,328,25
282,220,329,21
284,223,327,18
294,227,319,19
320,230,290,24
356,221,253,35
340,200,270,48
325,200,291,41
319,200,303,37
305,210,319,33
309,220,314,24
301,202,321,30
331,183,289,42
360,185,271,31
325,195,338,21
315,208,353,18
303,211,349,25
297,201,334,27
286,190,327,36
286,190,315,31
292,189,303,26
291,188,303,17
296,183,297,20
303,177,284,30
316,174,263,41
328,167,244,49
344,160,220,66
363,151,195,87
381,150,171,100
399,152,147,116
416,155,125,129
433,159,109,128
444,162,100,128
429,164,113,122
409,162,133,123
398,155,144,140
384,145,165,148
384,148,167,143
401,158,147,131
417,166,134,115
435,184,123,104
467,219,97,99
495,248,79,102
530,267,57,111
575,275,28,144
596,279,24,186
603,271,39,247
606,264,60,277
603,265,86,254
592,262,116,234
608,258,114,262
602,258,151,301
564,214,257,291
599,198,336,83
712,42,295,215
899,1,117,325
959,94,94,266
898,344,214,28
791,387,298,174
676,351,157,315
461,295,178,215
340,216,291,67
446,10,189,284
591,18,98,294
563,233,155,65
549,293,164,62
511,310,118,147
440,296,54,207
291,252,204,235
229,202,287,204
245,176,298,140
320,192,253,114
436,241,159,159
534,304,74,188
545,274,94,246
446,249,275,180
