168,74,110,321
206,88,85,333
191,147,261,110
306,199,295,25
702,193,119,127
632,431,111,134
567,344,33,36
0,0,0,0
329,104,41,106
174,73,163,250
163,109,165,263
192,122,204,153
341,161,229,113
650,121,113,29
918,110,43,49
0,0,0,0
602,198,84,24
690,75,97,110
693,78,45,141
526,117,128,57
0,0,0,0
391,420,142,29
224,373,21,28
192,218,24,37
209,204,35,42
0,0,0,0
0,0,0,0
0,0,0,0
259,202,16,17
1,413,13,25
0,0,0,0
0,0,0,0
0,0,0,0
0,0,0,0
0,0,0,0
0,0,0,0
108,249,180,85
643,76,51,132
631,426,55,59
0,0,0,0
0,0,0,0
163,215,44,107
80,115,95,254
122,59,76,243
189,68,16,244
242,174,66,57
517,156,77,17
692,72,27,146
0,0,0,0
0,0,0,0
0,0,0,0
416,1,17,126
298,1,14,218
243,34,27,244
185,30,56,345
254,1,35,225
272,101,84,44
0,0,0,0
742,229,18,91
688,358,120,155
0,0,0,0
0,0,0,0
350,1,21,153
277,17,56,294
247,23,78,296
328,20,14,152
321,109,66,24
0,0,0,0
0,0,0,0
0,0,0,0
0,0,0,0
373,22,46,173
310,1,33,256
300,56,56,277
288,78,71,278
316,56,76,244
332,59,104,208
376,94,117,181
414,98,97,174
433,82,103,180
469,82,105,178
510,62,89,210
558,37,28,211
536,59,40,216
530,66,33,189
510,151,28,92
491,236,15,22
0,0,0,0
753,94,20,172
699,422,15,18
0,0,0,0
0,0,0,0
580,77,117,100
561,21,205,135
599,7,141,146
0,0,0,0
0,0,0,0
720,410,51,14
0,0,0,0
0,0,0,0
628,339,23,31
608,323,51,42
0,0,0,0
0,0,0,0
0,0,0,0
599,295,46,22
0,0,0,0
643,299,36,62
0,0,0,0
598,294,47,27
0,0,0,0
532,414,17,19
0,0,0,0
0,0,0,0
453,346,64,36
0,0,0,0
448,67,105,102
496,423,19,34
460,433,182,45
352,228,22,125
438,262,32,112
559,94,75,121
586,260,45,109
466,438,92,10
291,330,30,11
236,195,121,92
0,0,0,0
0,0,0,0
567,371,39,63
409,387,251,74
307,313,141,22
427,218,40,102
0,0,0,0
655,100,15,133
712,382,28,28
708,398,30,32
701,370,71,17
687,377,76,11
657,422,14,65
684,390,49,74
0,0,0,0
471,642,151,78
407,595,98,125
