747,122,83,228
813,46,45,300
795,194,33,93
715,222,34,27
514,220,212,120
511,214,210,133
544,191,163,177
647,189,67,79
679,180,70,62
663,65,174,277
0,0,0,0
440,252,206,59
482,262,168,21
476,223,218,46
571,108,226,183
823,118,24,201
740,160,96,180
516,403,273,45
424,450,291,30
445,415,253,64
634,436,30,30
675,387,129,49
670,274,152,117
688,182,113,98
705,194,87,60
0,0,0,0
376,227,174,67
517,240,172,63
511,208,233,130
565,185,85,193
488,213,249,24
726,136,44,190
700,222,247,41
686,252,78,20
662,205,85,49
660,108,122,142
669,186,94,72
0,0,0,0
710,427,176,27
709,271,89,103
717,211,103,113
712,145,94,107
682,159,74,87
497,231,191,36
461,252,91,44
542,218,145,132
572,192,55,173
516,191,224,60
746,163,51,161
773,242,209,35
699,256,82,52
677,225,76,31
667,135,136,124
709,251,31,21
0,0,0,0
0,0,0,0
802,233,83,60
557,271,70,101
321,289,302,165
687,267,320,88
604,205,232,83
0,0,0,0
585,239,94,23
252,277,227,73
649,424,18,16
564,203,145,121
0,0,0,0
744,217,98,119
0,0,0,0
0,0,0,0
353,180,189,146
655,401,23,20
572,228,109,130
648,238,62,114
827,193,66,108
488,272,166,45
672,263,37,16
530,364,77,31
629,371,19,24
358,262,157,110
644,232,172,49
695,214,80,64
497,277,15,16
583,222,197,37
339,353,275,42
695,383,19,20
474,225,160,140
690,263,189,66
773,222,57,58
524,311,13,19
544,223,105,36
425,383,227,46
628,306,52,73
377,379,255,47
793,294,145,36
610,208,112,21
492,296,13,16
532,178,80,86
729,195,34,268
740,284,43,208
672,517,94,101
692,479,95,241
718,482,88,238
768,553,21,167
763,556,36,164
763,560,28,160
752,536,28,119
711,35,106,418
705,105,97,297
769,427,16,113
714,541,56,65
752,545,29,175
765,530,14,190
751,519,20,197
734,504,18,200
545,463,141,208
338,452,254,73
431,393,144,14
512,367,119,11
550,346,107,40
543,348,111,51
498,341,131,86
443,320,162,112
400,321,204,117
435,314,177,119
479,308,145,113
525,312,101,94
525,314,101,81
515,298,115,96
513,274,114,121
522,275,99,124
528,281,92,120
532,279,89,120
531,276,92,118
528,276,98,116
495,280,164,105
439,292,253,115
408,296,300,119
406,289,299,125
394,282,288,117
399,303,256,82
415,279,222,105
433,268,217,125
441,280,229,115
434,280,244,115
426,275,246,124
419,280,252,119
410,274,266,120
395,322,289,97
384,300,282,111
379,312,288,107
375,305,296,86
375,305,296,72
385,305,293,68
385,294,291,81
385,288,287,95
384,288,282,96
380,292,283,94
377,299,286,82
377,307,290,67
382,304,289,65
382,317,287,38
383,309,282,60
383,310,281,61
382,311,281,61
381,311,282,62
382,313,281,59
376,314,289,56
383,312,282,55
381,310,285,56
381,312,283,54
379,308,280,66
387,274,264,135
394,257,251,169
385,269,260,156
375,299,279,126
375,353,298,57
397,379,306,51
419,389,294,61
434,381,280,67
424,384,284,37
421,382,285,44
411,382,292,45
405,384,295,32
400,388,298,19
400,382,298,22
400,378,297,28
396,390,302,19
390,396,302,33
401,424,299,24
413,427,297,44
448,428,276,102
518,424,228,146
628,402,151,202
767,363,37,230
788,275,167,201
782,270,174,186
782,266,178,180
781,265,176,176
780,267,171,181
779,268,165,185
775,266,166,182
763,263,165,179
743,251,168,176
714,231,186,155
673,214,204,125
673,221,171,73
571,206,232,51
515,212,225,29
469,196,210,88
436,214,158,122
424,238,74,145
384,299,61,135
293,416,193,63
279,472,220,23
285,465,210,29
284,469,212,25
282,473,216,20
285,474,214,18
300,486,198,14
347,496,147,24
404,514,98,25
444,527,62,23
476,497,130,71
539,488,61,45
543,485,54,65
566,491,32,67
596,494,20,64
603,495,49,46
611,509,86,27
618,517,124,25
643,525,140,16
666,510,136,27
679,506,96,37
679,504,62,44
685,499,55,48
684,498,54,40
679,501,48,43
687,498,35,47
689,492,36,41
696,486,22,48
686,490,36,38
683,492,28,38
677,496,32,38
683,496,35,38
686,501,39,24
678,500,37,26
674,501,34,11
671,494,13,18
642,445,13,72
628,492,15,15
602,453,47,70
0,0,0,0
628,567,85,41
583,528,216,150
481,365,250,275
461,328,228,245
456,327,218,249
455,328,204,241
450,329,194,240
447,331,156,219
438,342,78,116
355,335,79,37
275,207,145,156
327,143,125,289
408,173,41,262
441,242,44,165
454,325,41,72
452,390,21,16
451,372,40,33
453,372,38,33
454,372,36,35
458,375,34,35
456,397,22,17
465,410,17,19
469,398,26,47
469,413,18,43
472,451,14,15
426,458,70,26
381,448,139,89
341,423,225,156
351,372,265,252
388,318,279,281
392,303,284,273
397,299,284,264
392,299,289,262
392,299,288,260
386,299,291,256
378,299,296,255
384,299,290,266
386,297,284,279
389,292,280,285
379,297,288,273
393,292,270,287
393,293,271,285
351,309,304,255
271,336,346,193
248,373,301,107
302,401,200,19
358,345,121,83
409,326,66,111
427,319,53,124
428,322,54,120
427,321,56,123
431,325,48,118
433,324,46,116
435,324,42,117
434,323,43,115
435,323,42,115
431,322,46,113
431,321,45,115
428,317,48,116
425,319,52,113
424,318,43,115
384,317,62,130
359,302,70,163
367,304,80,164
435,322,81,114
455,319,157,83
449,290,180,96
399,289,227,120
400,262,184,176
394,283,183,184
368,324,245,124
359,348,275,70
361,370,281,28
367,350,276,85
368,339,283,104
365,340,288,93
368,344,283,92
370,351,280,97
382,362,272,114
390,372,272,133
415,374,270,159
494,353,232,213
646,281,133,269
779,182,120,186
766,164,134,175
757,152,139,140
729,141,153,72
669,143,181,27
648,127,143,88
647,175,62,72
0,0,0,0
718,134,133,264
470,438,39,18
453,460,51,14
457,465,45,13
462,467,40,12
470,479,30,12
488,508,18,12
513,485,101,56
605,490,24,18
614,494,20,18
618,496,21,18
