193,256,95,362
224,240,202,305
501,239,59,124
582,267,42,74
624,241,28,76
622,235,80,71
625,236,93,61
594,207,106,58
479,153,39,171
468,182,13,139
434,262,69,83
435,240,135,179
428,267,150,160
554,416,24,21
552,423,22,23
548,431,25,22
546,434,27,22
543,438,26,20
540,441,27,20
537,447,25,20
543,454,28,15
540,391,25,17
406,278,170,40
429,250,165,19
442,237,159,31
442,231,158,42
0,0,0,0
0,0,0,0
511,179,106,38
494,179,125,20
473,174,152,23
462,160,150,44
440,162,101,63
425,200,102,26
0,0,0,0
570,168,62,57
602,159,20,21
514,180,86,20
527,172,88,28
504,160,112,35
486,153,128,38
470,144,138,43
457,142,149,46
461,136,87,69
404,174,79,91
394,189,92,77
403,190,87,62
435,190,80,39
474,174,85,21
452,158,102,25
443,163,81,20
402,159,147,19
521,126,112,36
513,119,131,33
513,118,133,23
605,80,52,19
606,1,59,271
626,321,47,34
610,336,47,48
590,316,43,76
545,375,20,40
567,287,74,28
584,238,126,28
578,251,99,23
562,265,68,30
551,265,33,34
549,262,35,37
550,290,48,24
626,326,130,21
654,295,169,27
658,292,175,22
658,282,181,25
663,258,184,41
671,273,164,24
675,270,164,26
677,277,153,18
675,273,148,19
676,275,141,25
666,269,150,35
639,263,121,39
567,264,16,21
518,263,58,17
597,241,41,57
735,203,27,22
743,177,20,33
734,148,18,51
657,1,38,176
663,294,24,16
680,334,31,61
639,295,66,97
719,196,31,40
708,183,49,37
693,179,45,44
619,74,23,205
431,46,83,289
343,205,18,370
323,212,173,232
650,240,35,27
713,211,65,37
702,216,89,21
693,220,101,15
692,224,112,22
701,232,117,33
696,238,113,35
696,242,111,33
692,243,117,31
674,235,127,19
671,236,115,16
641,217,117,51
516,101,41,333
257,268,215,307
323,233,50,366
360,253,179,161
634,187,119,69
572,185,84,86
603,203,60,74
645,215,20,47
658,200,28,65
605,138,54,118
609,89,43,158
613,44,31,193
613,9,17,230
596,1,18,224
530,53,66,259
535,135,62,216
585,187,24,149
602,190,58,148
622,215,77,96
621,221,108,64
615,224,49,75
576,252,46,57
553,210,65,96
562,226,55,79
571,227,48,78
574,231,45,73
585,230,35,71
589,233,33,66
598,243,24,59
604,243,19,59
607,244,23,56
606,231,22,70
610,222,20,78
614,230,20,69
614,243,38,56
614,243,41,57
614,229,33,63
613,182,27,99
604,124,28,158
540,22,99,296
545,1,100,293
599,1,56,279
584,1,77,283
577,1,86,277
585,1,80,269
577,1,84,262
538,1,91,175
476,1,123,186
419,1,126,195
422,1,112,194
524,1,61,186
527,1,85,195
539,1,74,197
528,1,92,273
453,1,129,320
488,1,73,317
482,1,75,252
500,1,70,321
506,1,68,318
511,1,67,306
520,1,68,300
495,1,94,297
520,1,63,301
515,1,70,304
536,1,49,305
532,1,56,303
535,1,57,298
519,1,75,286
528,1,64,272
504,1,81,260
518,1,94,243
581,1,51,220
547,1,85,219
545,1,85,219
548,1,79,219
544,1,83,218
538,1,89,213
532,1,90,205
531,1,65,133
482,1,87,147
397,1,134,171
409,1,122,181
513,1,63,162
513,1,66,167
506,1,69,167
513,1,66,179
493,1,93,243
453,1,130,266
460,1,119,270
458,1,119,272
450,1,122,278
447,1,113,286
437,1,102,306
427,1,93,334
413,18,90,352
426,37,54,362
424,43,48,364
405,41,71,361
389,38,92,363
393,42,87,361
424,22,70,365
406,1,99,268
424,1,110,320
425,1,119,322
425,1,123,317
422,1,129,316
386,1,145,328
358,1,186,322
527,1,99,222
511,1,122,230
527,1,107,233
530,1,104,232
526,1,105,229
526,1,104,229
526,1,102,229
520,1,86,174
517,1,79,166
505,1,82,162
506,1,64,167
0,0,0,0
567,367,106,91
616,366,26,18
465,88,130,266
513,19,63,337
478,26,54,358
470,1,160,249
553,1,111,235
557,1,111,232
479,1,86,285
277,145,203,337
329,100,62,365
583,125,59,106
625,161,125,25
644,189,111,22
641,187,116,37
638,182,117,40
637,160,107,61
635,143,118,61
663,196,91,38
666,212,90,56
669,214,97,60
666,212,101,60
661,213,93,41
629,154,100,54
674,253,31,22
694,359,159,25
698,366,129,23
709,370,159,31
715,375,171,60
709,380,180,54
705,384,184,72
705,389,188,51
702,391,186,64
695,391,190,59
695,378,195,73
696,409,200,41
646,441,139,160
616,449,117,104
605,450,127,117
589,451,110,121
536,467,45,38
506,409,49,123
548,233,257,52
587,263,145,44
450,312,71,28
596,224,24,47
622,204,35,58
605,184,19,17
447,1,101,211
572,321,48,47
568,334,62,84
622,251,17,18
569,211,73,25
551,170,48,89
373,40,87,364
273,115,108,374
497,145,81,143
625,128,56,52
642,159,70,42
637,162,91,50
628,152,109,49
624,119,95,71
628,125,94,65
631,134,93,59
628,119,90,69
611,47,76,133
596,1,56,197
532,8,61,306
526,196,84,206
548,308,86,149
528,309,86,135
480,128,108,291
488,90,80,317
513,95,17,337
433,36,126,334
505,1,137,321
489,1,149,317
381,76,49,271
231,243,181,347
337,202,197,243
590,278,52,78
610,299,41,49
623,306,53,73
632,309,58,67
585,290,268,99
596,372,316,135
608,402,323,135
611,427,336,97
593,456,289,73
613,441,195,47
559,375,146,134
500,431,147,82
617,305,144,17
554,337,30,68
622,264,21,76
602,247,46,64
561,162,47,98
424,143,39,253
309,211,106,373
373,187,158,172
615,246,94,35
620,265,69,18
661,209,108,83
691,202,130,118
700,182,175,132
700,176,172,131
