176,421,388,115
310,431,370,119
586,431,134,63
753,465,20,45
648,543,103,43
661,606,79,114
613,478,137,90
757,314,26,293
747,546,51,73
730,639,17,81
714,407,57,193
685,98,39,471
648,112,30,491
599,77,83,503
599,145,140,432
604,46,130,498
600,97,86,356
618,228,25,217
645,241,20,212
663,239,29,209
666,283,62,137
660,288,74,98
657,295,71,102
656,304,63,110
660,302,56,123
660,297,40,136
657,286,27,137
640,273,20,77
618,283,31,140
582,182,41,257
524,146,110,303
488,162,135,289
475,158,143,302
470,159,152,301
485,177,151,266
526,204,137,205
593,204,92,193
648,217,34,180
668,262,26,141
664,288,20,54
659,294,48,147
656,295,48,146
654,281,41,160
654,266,19,97
635,200,22,253
590,173,41,311
533,156,89,340
499,177,126,320
497,143,154,354
505,137,154,354
505,138,165,353
497,146,178,341
503,163,176,316
519,185,160,269
542,199,137,243
584,209,111,230
639,206,56,237
667,264,23,176
666,252,24,169
651,187,30,234
622,179,58,243
583,185,100,236
535,186,152,238
510,192,177,223
513,202,183,198
555,212,159,179
615,216,104,190
680,271,20,149
689,285,39,132
680,297,33,124
666,324,46,97
632,299,43,132
597,183,45,258
532,170,110,287
481,170,146,282
468,178,169,256
528,177,95,272
606,210,28,273
634,282,57,233
644,295,81,229
650,296,89,228
647,292,91,231
642,286,89,239
648,272,72,252
660,267,62,250
701,222,29,266
694,270,71,108
520,281,313,114
397,313,528,45
305,255,682,190
269,190,724,365
248,195,750,381
248,181,750,410
239,178,760,409
239,303,783,222
384,350,668,130
420,318,561,108
452,278,439,162
434,244,450,263
401,250,549,251
422,282,552,106
456,256,503,152
444,248,498,154
421,229,485,192
391,220,496,210
369,216,499,218
356,209,503,231
392,194,431,298
552,115,177,495
632,69,60,558
652,93,52,528
628,85,76,526
571,223,164,337
627,193,68,277
648,230,48,215
654,233,50,195
658,238,69,171
674,278,36,127
692,295,17,114
678,310,40,75
0,0,0,0
639,181,25,263
595,178,86,282
574,183,119,284
575,204,139,245
595,213,154,209
626,213,122,204
648,211,77,205
646,209,53,227
642,218,41,235
644,223,44,219
644,229,82,243
652,248,115,225
695,246,99,155
739,235,33,96
733,216,35,182
728,235,57,107
680,239,108,115
647,193,104,254
643,190,135,318
658,133,64,587
676,145,62,575
697,142,59,480
694,142,87,502
691,171,85,549
724,124,87,161
705,12,81,278
663,200,125,73
403,1,300,657
404,303,63,352
304,692,164,28
473,693,17,27
354,629,131,91
447,269,49,200
429,256,193,59
438,180,39,30
477,43,49,149
476,1,200,452
829,690,24,30
0,0,0,0
778,600,27,120
765,590,21,130
755,603,26,117
738,615,26,105
718,621,25,99
696,652,16,68
657,641,22,79
636,661,15,59
628,673,13,47
607,673,21,47
596,669,20,51
594,670,21,50
597,670,19,50
603,678,20,42
603,681,20,39
603,678,16,42
597,669,22,51
601,654,21,66
0,0,0,0
677,672,14,38
687,607,23,113
598,541,89,179
477,372,204,88
521,383,177,69
592,444,137,54
567,452,158,113
516,402,178,111
620,391,67,49
590,411,67,53
497,353,144,116
1,492,784,133
