828,159,48,170
830,157,40,185
830,157,35,193
827,154,34,199
819,165,43,166
816,177,49,136
823,177,41,122
844,167,39,161
840,196,71,138
835,190,39,137
828,158,47,183
822,165,46,161
776,175,106,134
732,187,140,125
692,204,141,163
661,205,150,190
631,199,156,190
615,197,155,188
608,194,154,187
601,189,156,181
595,189,197,117
593,185,165,103
606,181,162,187
612,182,158,184
612,183,162,189
610,180,167,198
603,180,171,194
592,181,162,172
587,181,143,177
583,179,154,216
584,180,153,216
594,169,153,226
617,167,142,206
651,177,125,209
672,169,116,257
679,167,119,254
687,157,112,259
687,161,110,246
698,157,74,246
688,148,41,235
692,147,38,224
698,151,32,218
644,204,113,98
325,64,648,278
144,1,244,332
326,196,801,207
539,462,644,76
772,516,89,43
744,479,68,150
752,481,64,126
752,471,63,131
753,469,50,141
751,465,45,150
754,458,53,148
756,425,66,112
757,434,73,117
761,435,63,135
765,433,80,119
778,431,84,137
780,445,61,137
778,454,71,125
778,456,64,129
775,458,66,124
775,458,64,129
778,453,55,135
775,440,41,142
753,421,32,162
700,457,77,137
674,313,172,280
670,333,184,244
697,418,101,153
724,404,68,178
749,424,26,174
765,446,26,148
772,451,50,140
777,438,121,118
898,385,63,51
773,232,152,207
666,220,222,162
287,1,695,627
229,112,260,608
52,156,235,532
1,199,351,468
202,212,120,328
278,339,212,113
311,314,214,129
336,311,223,121
354,309,218,79
346,302,237,45
344,287,251,38
368,269,237,24
377,194,228,74
410,141,203,103
425,173,190,76
410,213,216,40
417,218,213,34
425,215,206,36
427,219,207,34
421,233,213,26
422,236,215,31
418,235,222,38
386,117,340,192
411,2,277,303
423,21,248,252
427,123,261,123
415,174,314,67
383,190,320,46
363,199,310,35
353,162,305,58
419,78,240,137
488,50,163,162
562,148,125,57
546,1,251,611
736,1,252,587
803,1,302,377
870,128,64,81
855,217,28,28
874,223,27,32
900,191,41,35
906,206,35,30
857,200,37,79
852,233,31,33
841,221,32,28
839,187,35,88
839,178,32,95
790,187,95,41
513,127,501,134
432,1,309,320
431,245,739,237
629,512,632,32
808,487,64,101
796,459,56,134
786,440,38,103
723,488,44,42
644,369,192,189
608,343,238,226
600,345,239,226
632,356,189,212
685,434,93,133
735,427,60,147
789,416,34,112
643,390,415,37
469,171,635,351
444,91,45,483
434,1,56,588
393,220,202,261
368,163,289,298
374,168,303,274
390,183,330,222
391,205,323,149
402,94,306,364
371,102,176,520
342,73,261,507
376,74,244,524
490,1,170,565
536,11,139,568
422,11,208,565
397,28,251,540
546,9,118,574
577,1,48,550
516,20,89,541
452,54,153,511
456,46,188,525
465,45,195,540
465,53,174,546
438,37,152,540
423,20,165,424
360,161,313,51
381,104,277,104
402,96,236,117
432,85,199,126
516,108,69,107
453,47,312,368
577,1,208,576
693,1,157,570
842,1,234,497
794,1,400,413
823,15,244,333
845,162,37,188
844,166,43,202
848,170,38,197
849,169,36,200
850,171,37,200
858,168,39,201
862,182,63,161
871,210,82,87
885,221,113,96
889,229,156,121
903,251,136,84
880,219,124,110
877,210,107,121
867,200,110,128
839,198,121,104
806,200,115,79
760,192,114,118
728,181,109,193
695,182,125,226
664,171,128,230
648,171,128,216
635,172,113,182
646,181,45,151
572,208,134,70
263,94,639,274
322,227,170,152
327,371,905,116
600,516,545,50
749,468,93,101
710,455,120,118
708,454,109,116
699,451,110,115
695,448,107,116
704,451,99,117
726,455,93,118
746,455,96,118
764,459,95,119
779,458,91,112
795,454,64,106
794,438,27,130
740,467,84,118
701,347,201,244
691,349,215,234
713,456,110,129
750,436,81,166
766,450,61,165
782,459,48,161
825,453,58,166
831,434,179,67
855,253,124,154
683,278,293,58
348,94,552,559
285,248,73,464
159,282,151,403
1,360,381,282
1,208,419,375
270,182,80,318
282,220,270,236
288,166,287,305
293,179,273,286
283,194,291,236
268,193,348,184
279,198,375,138
297,183,370,145
307,185,351,136
307,187,351,93
310,181,338,35
322,112,305,97
349,102,281,107
361,185,277,33
358,206,287,43
370,198,272,27
406,135,229,81
565,156,45,37
508,1,341,548
843,1,153,567
905,98,375,387
952,277,43,33
902,231,38,57
839,164,47,124
511,1,506,407
405,137,328,404
466,331,731,234
621,511,578,86
790,455,50,40
779,410,75,39
444,327,645,156
1,547,366,87
1,209,377,376
346,128,209,290
375,165,185,107
488,107,45,48
404,1,406,418
784,1,73,447
863,1,221,358
870,150,70,97
783,189,75,34
666,136,230,72
370,1,589,449
412,496,43,34
458,559,715,50
624,514,460,43
751,387,89,92
777,355,45,112
643,332,269,140
326,244,757,267
1,447,414,137
56,156,326,408
325,224,251,179
368,209,223,58
408,111,190,132
420,40,121,234
315,1,168,290
312,1,476,69
0,0,0,0
397,1,635,478
866,578,414,98
885,349,160,97
941,293,67,35
927,278,58,45
910,221,39,61
