523,201,35,135
547,214,21,110
543,227,49,83
543,223,56,91
543,228,56,86
540,230,56,85
531,228,65,91
529,226,61,97
525,227,62,98
522,229,63,95
520,230,60,92
520,232,54,89
514,231,64,92
507,238,68,85
508,242,53,79
493,247,42,67
458,261,107,50
422,240,200,67
373,165,380,210
456,131,389,365
691,218,173,311
830,102,215,433
840,152,166,315
809,222,50,166
779,217,35,130
721,112,209,228
533,89,430,421
524,178,291,380
526,293,316,308
540,461,419,177
613,333,328,294
620,259,198,322
611,244,189,322
488,222,361,336
400,531,50,57
0,0,0,0
78,426,351,213
147,379,306,241
223,338,225,264
394,233,88,186
339,171,187,231
316,48,169,307
284,1,43,289
208,1,108,160
0,0,0,0
523,241,360,479
680,388,274,220
764,291,194,224
817,48,165,433
810,37,141,299
554,343,152,158
389,269,230,242
381,171,305,206
568,124,160,26
548,98,283,40
555,89,402,26
605,91,167,43
384,96,299,56
373,101,323,50
387,106,306,35
388,105,303,29
379,109,309,29
367,110,318,36
368,107,306,39
370,108,297,41
369,108,290,49
368,107,288,48
373,105,278,50
415,98,237,62
633,93,59,35
675,97,292,169
673,83,351,202
623,64,272,201
518,50,64,117
300,75,198,134
116,208,379,51
339,318,360,58
788,414,317,40
673,387,296,103
587,367,107,107
439,344,241,117
407,348,271,109
414,345,267,109
418,325,264,126
429,309,257,138
470,292,229,140
605,335,108,83
664,299,82,101
734,271,94,130
654,221,371,213
549,213,440,267
60,274,355,144
88,275,329,109
357,222,123,49
501,187,68,32
577,111,116,88
624,89,169,113
645,73,266,119
646,82,319,103
602,120,411,65
551,147,450,60
489,174,209,80
354,180,142,83
190,196,302,71
198,199,296,70
256,200,234,68
327,211,137,58
453,170,208,47
455,81,367,131
483,16,402,196
507,1,361,224
525,1,306,240
528,1,295,243
529,1,300,243
534,1,293,247
546,1,278,256
558,1,275,271
559,1,285,293
558,1,287,302
564,1,284,309
564,1,290,329
552,22,310,352
539,47,314,374
508,94,329,378
495,132,323,373
488,176,309,353
495,124,280,386
525,28,251,380
539,14,253,371
537,51,299,352
518,97,330,381
498,197,303,358
495,400,198,192
500,483,203,118
523,602,64,95
513,616,23,104
512,615,19,105
500,540,73,180
488,536,111,184
397,556,211,164
322,568,289,132
309,585,253,79
320,584,253,66
389,563,188,37
389,427,223,155
387,312,211,267
480,230,51,285
477,221,205,96
523,171,162,88
624,105,62,90
662,79,139,215
673,78,184,191
641,103,267,150
592,144,345,81
519,192,421,90
474,182,434,186
447,202,367,287
455,284,230,280
485,501,39,93
463,594,105,53
452,592,124,44
447,597,141,24
456,594,141,25
469,595,138,27
464,594,142,26
454,579,150,38
437,559,149,48
445,554,144,52
451,550,140,55
448,554,142,52
446,551,145,55
448,553,144,52
451,551,141,56
455,547,132,59
457,551,132,53
458,551,131,54
458,551,129,55
457,551,130,53
451,549,136,55
451,549,135,55
455,550,129,55
455,551,129,54
454,555,132,50
443,556,147,50
447,554,140,51
448,549,143,55
452,547,138,59
454,548,133,58
452,546,138,58
451,533,136,65
443,515,159,88
430,490,177,113
407,415,180,179
392,323,164,254
398,262,133,306
451,214,82,355
504,228,39,331
529,264,74,277
529,270,90,270
528,264,96,276
525,261,101,273
516,256,112,261
505,255,125,236
478,259,151,162
473,271,128,87
495,283,22,21
426,244,129,60
363,174,229,158
335,128,287,243
305,102,360,315
295,107,420,351
314,119,432,365
341,137,423,359
429,214,348,303
448,236,337,291
469,232,316,301
476,237,310,301
549,250,232,301
647,207,131,352
758,160,291,371
791,234,153,219
704,273,107,101
701,253,113,114
720,248,95,113
743,221,62,131
742,187,126,188
645,180,306,255
566,135,440,374
574,160,380,354
568,309,298,215
562,416,353,130
562,493,471,113
587,474,472,153
635,399,364,220
660,356,284,239
664,303,222,256
658,291,215,261
638,273,218,263
638,260,219,281
637,250,225,295
634,259,234,286
639,270,230,271
647,271,220,267
666,283,179,248
688,287,127,240
727,400,23,115
716,401,52,98
542,274,229,200
460,286,293,176
408,291,307,170
396,286,313,177
400,284,307,183
405,284,303,181
414,284,299,179
425,284,297,173
457,291,288,147
508,295,254,124
674,299,105,90
740,259,50,113
771,203,199,102
701,146,309,146
335,182,230,227
16,143,433,269
169,195,276,127
437,181,55,57
552,111,168,80
607,95,309,72
626,82,383,124
629,88,289,139
494,100,151,117
355,111,296,88
293,118,360,60
288,118,365,61
288,119,366,59
289,119,365,62
290,119,364,62
289,119,363,62
302,115,341,72
325,114,312,86
420,105,212,115
529,98,107,137
631,90,214,181
651,84,319,237
688,80,319,287
702,76,256,306
696,61,137,315
676,49,105,322
638,32,102,327
616,26,104,317
577,6,107,313
559,1,52,149
533,1,48,262
526,1,28,81
387,32,216,180
334,119,359,80
311,162,510,214
524,273,261,176
737,424,233,93
717,519,412,26
699,441,308,113
725,399,149,129
725,369,51,92
719,369,60,61
734,362,30,23
728,336,45,26
708,269,41,121
704,221,25,218
653,177,106,226
572,225,214,77
610,168,149,137
