594,86,17,298
587,90,26,296
593,93,35,293
593,73,36,289
607,74,23,294
614,84,22,293
615,81,21,292
602,79,24,295
589,93,30,295
583,79,27,296
585,94,30,301
587,88,31,302
602,66,24,305
615,31,26,310
615,54,36,311
613,76,24,309
621,84,22,313
613,81,28,311
624,86,27,310
632,212,177,245
636,237,211,218
647,220,195,246
658,185,194,265
655,126,152,311
626,136,151,323
592,162,132,325
563,218,111,295
549,272,95,243
567,321,65,165
581,309,47,160
582,167,67,270
608,40,96,370
641,60,112,375
640,71,103,373
634,24,72,403
649,52,72,395
655,94,84,383
644,96,121,355
682,97,101,342
759,90,22,357
787,107,30,359
789,111,54,359
796,109,22,359
788,100,45,363
785,93,70,364
788,104,102,359
788,125,125,345
793,95,119,355
795,84,70,381
786,107,103,359
791,52,34,394
784,21,35,413
763,2,23,410
771,63,24,401
757,90,79,407
743,74,76,434
735,84,57,431
717,96,46,420
702,106,39,418
849,100,45,421
968,88,38,361
978,115,44,353
968,109,54,352
952,104,53,352
934,91,39,348
919,92,47,348
917,104,53,341
916,113,51,337
909,108,54,335
904,98,55,328
896,97,54,321
890,102,53,312
879,104,59,306
876,97,54,296
858,84,36,282
847,84,28,273
826,77,28,290
615,84,129,301
542,90,14,276
526,96,32,272
530,94,34,270
542,93,31,269
550,81,26,268
551,85,22,264
549,90,18,261
540,87,20,259
552,116,19,244
558,276,154,97
536,328,225,16
510,308,230,23
482,179,201,16
476,1,149,64
470,1,115,58
458,1,124,56
453,1,143,63
450,1,161,73
449,1,155,69
454,1,143,64
459,1,150,73
457,1,174,81
452,1,177,83
450,1,181,87
424,1,195,173
387,77,32,241
326,187,114,79
418,77,220,108
605,1,73,225
598,1,79,239
593,2,85,241
595,1,87,242
602,6,88,239
604,17,87,237
603,24,86,237
601,14,91,234
588,2,99,234
625,1,79,222
707,43,31,203
728,157,15,138
646,286,173,69
533,347,128,158
508,350,143,188
496,347,142,188
494,347,142,189
496,344,146,189
501,344,145,189
502,337,149,189
494,326,153,111
467,100,149,156
447,102,149,119
463,242,80,119
628,373,49,202
667,372,19,213
663,369,37,206
664,367,29,208
663,366,23,212
661,369,22,214
645,376,22,218
635,374,15,228
617,381,38,241
584,397,52,242
559,398,52,241
535,392,41,239
517,430,17,194
482,418,41,175
463,358,84,209
486,344,82,203
518,379,42,163
545,374,15,169
554,373,30,165
556,375,49,158
551,378,69,153
536,392,64,140
522,376,47,143
509,361,18,146
491,361,28,136
516,352,16,135
533,346,33,136
540,345,59,131
535,364,66,123
517,360,61,125
504,344,42,129
506,339,16,132
526,352,13,128
558,353,25,130
582,356,54,122
583,361,64,117
573,365,57,127
580,368,63,130
591,372,79,135
615,381,87,134
625,379,50,159
614,379,22,175
597,355,48,228
630,448,16,208
650,507,28,213
656,559,18,161
612,613,16,107
570,619,18,101
558,628,26,92
545,593,32,127
548,573,21,147
545,580,22,140
537,584,34,136
564,515,168,205
629,414,236,94
641,348,221,14
564,159,285,217
593,141,314,155
691,89,126,244
638,304,290,76
658,231,258,187
611,190,264,222
670,1,48,337
789,81,139,219
868,133,259,233
858,158,281,234
849,164,292,220
853,164,290,220
852,164,293,223
853,168,292,224
855,172,296,220
857,171,293,230
857,171,285,241
855,180,286,238
842,186,281,253
827,179,263,283
812,137,255,311
774,1,22,269
577,55,106,157
620,124,40,57
586,30,143,304
669,108,73,314
539,1,132,346
530,60,41,176
541,111,25,105
504,32,135,302
535,22,135,378
651,63,29,376
670,101,123,323
709,121,126,214
705,168,153,178
673,366,134,40
581,472,70,96
419,459,112,220
341,446,199,217
358,411,187,221
366,396,162,224
415,401,103,233
520,450,29,182
529,400,149,211
555,426,211,161
555,424,229,162
532,418,208,191
524,425,181,210
521,412,169,220
514,424,183,213
516,425,195,205
511,423,194,205
508,428,176,217
511,428,172,221
511,423,185,217
500,418,192,216
499,428,185,217
493,430,187,221
492,430,185,221
497,424,183,227
502,423,173,229
512,419,156,233
513,411,152,238
516,417,153,232
521,414,132,244
525,419,140,238
528,427,143,231
532,424,119,238
563,472,83,190
567,473,88,192
548,407,125,250
549,415,154,240
550,413,169,238
555,408,178,240
559,408,180,240
564,413,174,240
564,416,171,240
564,413,174,244
568,420,186,236
572,414,182,239
575,419,169,243
573,416,167,242
575,414,169,241
581,415,169,243
586,421,167,242
585,414,166,242
581,404,173,241
583,410,175,241
590,409,160,244
599,416,146,252
606,431,155,251
615,427,168,252
620,422,179,252
620,423,179,253
624,426,165,264
623,442,165,267
