341,530,246,87
338,520,234,86
339,517,235,85
384,549,216,83
377,533,219,84
340,503,233,98
343,511,221,92
342,529,214,79
344,536,207,75
338,539,209,73
337,545,210,67
343,546,211,66
334,555,222,63
317,588,237,55
318,672,256,48
248,599,298,83
221,573,299,94
228,581,290,93
236,580,288,100
244,572,285,101
258,556,283,110
272,551,280,111
294,533,269,125
310,493,259,151
323,453,249,175
333,411,239,198
342,366,220,220
356,330,201,240
376,327,177,250
376,299,154,271
355,255,134,279
349,241,122,283
403,240,101,279
469,230,98,281
504,222,94,278
492,237,99,265
458,240,100,268
421,233,109,279
419,220,114,295
415,209,125,316
431,192,125,344
426,187,140,370
425,185,147,391
428,187,149,397
431,190,157,410
425,203,171,418
410,234,194,427
413,357,140,264
413,464,152,241
409,565,138,155
0,0,0,0
0,0,0,0
0,0,0,0
0,0,0,0
0,0,0,0
0,0,0,0
0,0,0,0
0,0,0,0
0,0,0,0
0,0,0,0
0,0,0,0
533,654,87,33
343,580,168,33
263,471,176,105
252,312,144,140
320,206,111,159
344,195,97,164
371,177,85,172
380,157,78,179
392,136,72,183
422,133,73,182
436,116,67,195
441,103,60,206
451,90,56,227
459,89,47,237
453,93,47,249
409,117,77,276
307,321,134,149
323,577,192,102
0,0,0,0
0,0,0,0
0,0,0,0
0,0,0,0
0,0,0,0
789,689,47,31
854,638,37,57
919,590,37,77
931,559,56,81
890,509,96,52
879,454,101,26
900,429,58,32
0,0,0,0
0,0,0,0
0,0,0,0
499,511,155,22
409,481,138,33
355,288,92,62
386,153,107,161
475,110,64,185
489,112,50,188
494,124,43,196
526,142,43,208
567,148,41,224
585,145,39,243
563,153,45,251
550,139,46,268
525,139,52,275
529,140,60,283
523,134,67,286
510,126,79,295
495,111,93,305
463,83,109,316
447,44,112,351
434,54,138,384
465,55,138,425
483,16,146,465
484,4,154,476
501,10,144,480
498,19,153,477
486,27,158,469
459,50,174,450
418,91,201,422
398,126,214,412
365,156,234,400
353,144,245,402
346,126,263,396
322,133,313,347
318,161,343,352
329,166,354,386
368,149,348,419
416,126,360,456
425,135,378,469
366,142,393,490
252,147,479,495
176,177,541,482
112,172,556,502
120,151,531,520
77,187,569,520
96,193,544,523
109,178,511,528
135,189,504,527
167,170,478,550
187,196,477,524
190,221,485,499
208,223,469,497
207,219,468,501
210,204,449,516
212,189,430,531
204,186,435,534
193,190,448,530
203,185,439,519
210,185,432,521
214,193,427,522
220,201,422,519
228,209,422,511
231,212,427,497
234,226,427,477
208,294,458,426
143,476,367,242
136,607,292,113
188,542,354,178
297,366,457,337
391,216,391,386
439,115,325,421
444,112,315,394
455,94,290,374
485,100,239,358
501,153,219,335
518,230,212,307
510,249,218,314
513,221,205,343
512,202,203,363
542,184,192,389
583,180,170,408
596,194,184,421
591,211,215,425
559,204,240,431
572,187,192,458
554,198,220,457
616,178,164,493
647,168,151,507
653,160,158,516
665,150,157,529
658,145,166,534
664,145,175,537
671,145,186,534
638,139,243,507
660,155,215,473
723,110,170,539
733,113,175,544
748,121,166,553
748,142,171,543
731,154,188,530
726,164,185,523
701,176,202,510
723,180,180,513
718,176,177,514
771,181,126,521
766,186,124,518
763,190,122,519
761,189,119,520
756,190,121,522
758,187,119,522
763,189,119,525
752,191,133,522
737,176,159,524
741,134,177,545
722,97,208,563
729,77,215,575
726,76,221,580
730,94,215,573
708,117,220,559
730,128,150,541
731,156,131,511
802,164,56,506
800,151,58,508
804,153,61,516
805,149,65,522
657,171,242,511
798,148,75,529
799,147,79,530
805,134,95,536
783,137,119,535
756,116,129,535
765,89,102,535
771,85,81,528
761,93,86,516
759,114,80,513
797,141,46,521
785,173,61,508
769,167,65,494
720,149,116,489
693,124,133,504
671,106,147,515
667,94,154,518
672,92,155,520
672,107,149,518
626,125,172,521
563,122,200,498
567,127,197,447
621,110,174,428
737,119,125,409
788,145,117,400
766,158,125,398
719,133,103,423
659,102,110,442
623,78,126,467
614,81,133,486
629,86,119,505
666,109,105,502
689,112,94,498
717,104,77,496
731,109,62,491
727,117,56,492
735,118,65,504
744,131,55,499
732,126,59,495
704,111,69,503
681,95,72,507
650,81,90,502
630,77,92,489
642,62,78,502
641,63,71,496
625,76,96,496
600,75,118,498
571,76,128,487
562,39,115,486
551,50,119,471
585,55,90,483
594,56,88,490
598,60,88,498
592,59,100,502
572,42,131,497
567,43,135,479
530,41,148,480
508,51,144,465
514,56,136,459
528,62,129,458
538,78,137,460
547,85,130,455
547,73,142,465
623,33,95,472
686,31,80,473
746,57,101,467
797,20,124,498
825,1,129,565
857,1,94,617
892,1,80,662
