164,43,105,77
155,61,103,44
164,84,83,9
169,84,89,15
168,55,125,40
260,12,47,73
322,9,58,79
328,20,78,70
326,24,74,70
311,50,62,59
289,110,56,31
241,167,73,39
194,156,57,58
156,122,50,32
143,92,95,44
175,91,82,27
238,82,42,30
286,55,24,58
291,44,61,73
290,50,79,69
290,55,84,66
290,55,85,67
288,56,84,69
269,72,89,63
233,106,103,47
203,149,98,14
152,153,113,21
155,114,36,29
156,26,11,120
165,54,11,64
177,84,12,34
156,105,83,18
161,99,134,22
277,78,38,37
337,74,70,38
349,89,101,22
352,94,106,17
353,93,105,18
353,93,102,19
343,92,91,21
323,105,74,16
289,127,81,22
256,130,72,27
0,0,0,0
178,64,27,29
174,73,84,57
209,95,73,31
290,107,21,17
330,100,48,13
340,88,77,20
343,94,73,13
343,90,75,15
342,90,77,15
342,91,76,15
340,91,78,15
332,91,86,20
301,104,91,26
252,130,90,22
208,153,90,10
161,145,113,14
158,137,108,19
159,137,103,19
165,148,102,13
181,165,112,9
217,162,118,28
262,148,118,45
286,142,119,48
296,142,120,47
304,137,117,50
310,137,111,48
313,136,110,50
313,136,110,50
310,136,114,49
296,142,117,42
270,159,113,22
246,160,105,13
231,146,93,15
222,120,82,31
234,99,77,40
237,104,82,33
254,112,80,26
281,111,74,31
306,115,79,33
325,119,78,32
337,119,75,34
342,118,72,36
348,119,71,35
348,125,71,28
350,125,69,28
350,123,71,28
327,125,91,30
303,132,108,19
278,124,99,15
270,91,57,42
240,46,56,65
218,29,58,61
204,40,48,44
202,61,11,19
171,62,42,37
166,74,105,85
294,175,16,14
332,188,77,57
347,185,91,36
355,180,95,34
357,176,98,36
358,173,96,32
357,170,99,36
346,166,88,36
318,163,87,43
281,157,78,48
246,144,46,26
0,0,0,0
173,67,32,32
183,77,72,58
207,93,65,46
265,116,35,34
326,134,13,17
350,156,59,9
356,161,70,16
358,161,67,20
358,158,67,23
357,157,68,25
353,158,72,25
332,158,87,31
290,165,80,34
233,171,80,39
171,155,101,53
145,138,109,39
138,118,93,12
137,97,97,10
148,82,104,12
173,67,115,12
214,51,127,22
263,44,129,27
286,44,131,27
299,46,128,34
303,46,128,33
305,47,126,34
302,49,130,33
296,57,125,37
284,74,118,44
282,113,80,64
267,151,47,69
250,170,19,42
232,150,25,24
224,81,45,77
240,65,57,63
245,74,88,48
264,91,100,27
290,88,104,23
311,85,105,16
324,81,102,12
331,73,103,15
335,76,102,10
337,77,101,8
335,78,101,8
331,82,101,20
331,93,89,34
294,122,90,19
286,122,47,19
255,102,47,47
246,96,36,45
239,96,34,35
236,96,33,33
235,97,33,37
233,98,36,38
233,99,37,39
233,98,37,39
234,97,36,39
234,97,35,38
235,98,34,38
237,98,34,38
237,101,38,35
239,104,44,33
248,106,42,31
265,105,34,30
286,109,28,27
304,112,24,28
310,115,22,25
304,114,23,22
286,111,26,20
264,106,26,23
254,100,26,23
257,100,21,17
271,102,11,19
291,109,9,9
290,110,35,28
306,79,33,88
306,86,70,62
314,90,83,45
309,88,103,38
318,86,104,25
324,83,106,19
328,78,105,22
332,77,105,22
334,76,104,21
335,76,101,21
335,76,100,20
334,76,101,19
333,76,101,19
334,77,102,18
333,80,85,15
333,80,89,14
334,78,101,17
334,79,102,15
335,78,102,17
336,78,102,17
337,80,102,16
337,80,102,16
339,80,99,16
339,80,98,17
330,83,105,30
311,102,98,57
284,159,76,23
254,173,68,17
236,165,75,13
234,142,78,34
260,113,66,45
277,90,75,51
287,87,100,42
306,87,108,23
323,78,108,18
333,70,105,18
336,67,105,17
337,68,107,16
338,70,104,14
333,73,106,15
318,83,105,34
297,122,94,23
289,133,40,27
270,89,16,77
255,57,15,84
240,40,25,80
224,33,36,81
208,37,44,74
202,48,16,24
207,58,11,12
184,61,54,65
181,54,85,81
179,62,122,49
196,49,133,29
264,1,81,86
342,1,16,83
354,1,39,89
357,1,65,88
357,1,87,90
359,1,93,93
360,1,101,96
361,1,103,98
361,5,104,95
362,13,102,90
363,15,100,90
362,17,103,89
363,19,104,88
364,19,105,89
364,22,105,88
365,24,104,88
365,25,104,88
365,26,105,87
366,27,103,87
366,28,103,86
365,28,104,87
365,30,103,86
365,30,101,86
364,32,103,85
365,34,103,84
365,35,103,85
362,37,105,85
353,46,100,82
337,51,100,81
327,79,82,57
295,135,85,28
256,179,84,44
223,173,50,56
214,168,26,14
0,0,0,0
166,125,79,22
162,125,82,18
159,128,84,14
156,129,86,12
154,127,88,13
158,127,84,11
162,128,82,9
167,123,79,11
169,118,78,16
170,112,79,23
171,106,77,29
170,103,77,35
