320,216,110,93
456,81,17,69
0,0,0,0
0,0,0,0
407,30,40,96
405,129,108,72
296,86,160,48
0,0,0,0
0,0,0,0
0,0,0,0
299,176,123,121
437,167,30,104
0,0,0,0
759,77,95,124
793,79,60,109
783,110,49,43
615,73,55,14
461,194,33,98
506,351,78,92
554,92,115,61
338,1,70,17
0,0,0,0
320,163,134,51
284,159,57,18
487,118,76,19
472,74,32,58
400,61,57,134
431,47,33,138
444,31,32,147
350,55,175,44
296,60,61,102
382,94,38,25
487,45,81,169
471,63,89,53
332,109,71,117
571,268,160,122
520,365,219,50
0,0,0,0
0,0,0,0
315,1,10,106
0,0,0,0
349,67,156,170
331,83,170,124
318,89,69,41
0,0,0,0
0,0,0,0
0,0,0,0
275,143,120,78
299,149,49,96
0,0,0,0
389,68,44,99
373,151,47,108
0,0,0,0
134,431,81,49
1,404,92,76
0,0,0,0
0,0,0,0
212,236,115,242
102,12,196,71
0,0,0,0
0,0,0,0
0,0,0,0
178,174,31,12
27,182,174,20
