532,164,176,264
553,155,158,277
522,160,242,284
508,159,299,290
486,158,343,301
477,131,371,334
471,113,387,348
467,109,387,358
460,107,384,369
485,107,311,387
532,110,310,416
543,93,287,434
574,105,285,439
532,70,303,485
555,93,311,448
552,76,295,474
519,72,306,470
604,83,177,491
513,80,313,517
569,107,239,464
506,116,340,414
550,141,298,346
572,152,245,322
505,147,280,321
511,144,301,311
560,144,256,303
477,168,284,273
532,178,242,264
550,178,243,259
497,183,240,258
556,184,249,257
563,182,223,259
498,183,262,260
533,175,268,268
553,167,247,285
508,174,292,278
581,164,231,290
494,159,315,293
591,154,221,300
518,143,273,325
503,146,296,322
562,130,261,343
515,125,281,334
534,125,254,332
566,121,256,332
574,152,346,339
530,168,532,363
505,133,604,375
457,86,596,374
338,64,642,369
287,38,627,366
253,41,602,367
261,70,573,358
286,89,555,360
315,98,529,372
345,93,503,388
354,88,492,393
366,88,475,386
391,85,446,392
413,80,406,407
