184,61,842,516
211,64,822,505
226,62,845,503
228,54,840,516
217,43,817,528
204,45,801,528
188,48,804,524
176,54,771,519
173,64,735,515
172,64,752,514
171,73,752,515
165,72,750,519
161,67,741,519
153,57,737,536
153,57,698,536
160,64,704,528
199,51,689,542
228,26,669,565
232,22,648,577
233,31,629,570
236,34,589,571
255,59,517,560
298,78,495,540
330,57,483,566
340,42,419,592
295,28,434,622
244,26,525,636
310,16,479,654
293,1,510,674
294,1,525,684
291,5,504,684
363,4,405,698
381,1,399,715
359,1,421,712
284,2,493,715
223,1,555,716
237,3,556,716
286,1,531,719
280,1,551,720
235,1,602,717
213,1,669,720
257,6,679,710
278,1,678,709
210,6,714,698
188,1,725,697
237,1,662,674
258,1,671,670
269,3,693,665
249,1,690,661
286,2,649,654
291,1,646,654
298,2,620,657
294,7,568,649
306,14,566,639
313,14,583,642
318,10,600,644
346,16,585,637
322,1,618,638
343,1,599,620
356,3,582,611
356,6,587,619
367,1,556,640
368,2,538,650
351,4,483,630
301,2,495,620
337,6,453,607
370,3,450,603
383,1,410,608
354,4,438,587
324,1,474,570
433,1,359,566
408,3,377,563
435,29,354,546
302,48,440,543
251,63,516,463
363,73,299,502
420,65,272,511
352,100,439,455
396,90,458,455
353,63,526,477
286,68,593,469
247,77,636,452
224,55,667,465
265,71,647,438
289,89,622,408
219,83,672,394
166,97,701,373
216,118,739,369
326,133,727,364
437,157,814,360
539,161,735,376
697,156,579,410
683,151,596,408
753,173,527,414
805,201,474,440
739,226,534,443
539,254,738,447
339,268,938,443
206,301,968,407
145,291,900,407
62,231,929,458
33,214,915,432
42,201,887,429
103,213,826,401
102,152,841,447
194,259,831,384
170,280,816,362
187,309,763,334
202,279,708,347
203,278,679,336
203,215,664,403
221,128,632,452
232,124,604,449
245,113,590,461
259,60,577,512
269,39,546,534
276,28,533,538
308,36,498,523
333,17,467,534
346,14,431,520
332,1,418,487
342,10,396,357
356,24,356,316
362,51,349,237
345,33,373,243
367,38,359,245
354,35,391,268
377,48,365,256
398,46,294,211
440,103,385,447
459,113,382,462
485,119,392,461
512,87,346,508
542,115,286,482
576,98,303,502
630,97,201,510
618,70,260,533
657,92,133,507
665,82,119,517
673,97,98,503
648,122,38,33
657,109,28,63
643,96,97,494
622,101,55,106
613,66,61,118
520,48,214,491
516,27,231,488
486,29,276,474
467,28,315,462
468,36,352,450
467,53,373,428
473,70,388,409
441,89,414,403
412,98,398,412
383,113,463,413
367,131,528,396
368,119,575,401
369,119,585,403
360,120,575,409
355,139,577,404
347,133,628,421
332,128,626,423
321,119,609,427
320,111,598,436
331,115,566,440
349,133,551,442
344,148,547,436
344,154,459,435
364,167,401,416
363,152,414,426
350,156,457,425
385,213,458,372
419,296,441,294
449,139,374,449
483,134,386,470
458,134,447,478
453,133,454,489
486,130,421,491
549,126,364,491
477,131,424,480
