312,33,791,499
321,43,805,504
306,36,823,503
279,50,829,472
266,41,819,479
274,22,852,504
289,23,868,501
289,30,886,506
288,35,903,524
288,52,894,476
285,73,890,467
280,69,885,472
279,53,891,487
282,53,891,483
285,67,895,471
274,74,838,460
221,88,797,428
167,84,822,430
172,77,841,431
209,67,837,439
223,53,871,436
210,41,876,447
183,27,908,445
163,24,910,440
166,32,912,432
189,37,905,428
216,46,879,419
243,44,872,422
275,62,869,450
310,78,839,436
324,65,840,420
331,62,875,423
335,58,922,433
345,75,928,425
355,72,921,422
347,70,930,426
328,81,942,428
313,89,905,447
304,84,902,447
301,87,910,441
305,93,904,436
307,81,934,444
309,78,933,439
302,87,900,431
286,102,902,430
274,95,900,438
250,90,906,437
222,80,898,433
211,76,920,434
216,65,930,435
221,67,931,437
225,80,931,435
222,83,929,433
215,79,931,437
208,79,933,433
200,79,929,427
195,79,922,423
194,67,920,440
194,79,916,437
193,91,929,442
194,94,922,448
197,95,912,441
199,94,913,437
203,97,913,436
202,99,918,432
206,94,907,434
201,94,913,411
196,99,919,436
202,106,919,436
213,103,909,428
241,123,862,382
279,107,859,408
300,98,876,446
306,122,877,438
306,130,893,418
310,129,892,410
323,107,895,428
347,113,887,424
369,119,890,419
370,115,872,438
351,120,848,447
345,133,779,462
421,117,642,438
424,111,590,447
383,123,648,457
391,136,611,467
405,134,587,475
349,122,583,464
294,84,646,471
348,77,447,483
418,84,302,464
393,127,311,413
383,98,325,434
348,94,387,437
335,100,425,430
365,116,388,402
454,100,316,408
467,110,281,400
500,80,294,418
461,79,356,421
480,97,376,412
525,126,390,379
583,108,383,404
736,103,261,419
757,77,282,446
755,92,291,429
757,94,307,427
715,117,389,415
681,111,370,435
666,129,354,398
679,124,333,405
670,106,336,437
705,108,318,456
672,115,352,447
722,140,258,402
734,150,256,393
697,149,319,385
666,160,368,361
641,154,401,359
577,141,463,370
552,117,481,384
537,73,486,422
494,47,521,447
475,37,536,470
447,29,552,477
402,24,581,479
374,32,588,475
350,18,598,477
326,9,604,480
307,7,608,473
294,4,620,473
284,6,629,470
279,1,631,482
270,4,641,471
264,2,646,473
264,1,649,477
263,4,655,470
261,3,656,463
248,1,669,471
242,2,680,482
238,2,686,486
234,8,686,500
276,26,672,491
330,68,656,459
349,65,665,482
398,61,627,501
443,67,585,519
448,48,573,556
459,19,565,618
537,4,499,630
489,3,575,627
475,1,592,549
433,2,631,521
420,1,644,529
409,1,638,542
380,3,648,527
363,2,650,519
340,4,660,508
330,2,661,512
336,14,647,502
345,51,661,459
413,87,623,426
468,145,598,375
504,169,573,349
497,178,576,362
501,171,557,357
502,173,542,323
529,194,514,300
554,220,495,283
568,222,491,269
574,209,484,277
574,202,482,285
578,189,466,304
623,172,427,324
644,167,424,340
678,154,405,358
679,151,406,353
694,145,404,349
711,162,391,330
761,167,367,327
