804,185,77,151
828,173,64,151
837,178,83,156
854,186,102,158
876,196,92,161
884,211,78,164
907,224,72,161
939,237,65,157
959,257,77,158
977,267,92,165
980,267,111,170
1013,266,106,173
1039,265,101,179
1054,254,102,181
1073,248,105,186
1102,246,96,186
1112,237,107,197
1111,232,116,195
1101,243,124,195
1077,257,114,187
1068,272,105,185
1082,269,113,186
1105,264,120,193
1150,259,93,198
1165,255,87,185
1191,261,88,188
1183,350,97,105
1196,381,84,62
1193,357,87,68
1233,361,47,45
0,0,0,0
0,0,0,0
0,0,0,0
0,0,0,0
0,0,0,0
0,0,0,0
0,0,0,0
0,0,0,0
0,0,0,0
0,0,0,0
1088,139,148,291
1070,129,145,290
1059,120,139,289
1052,110,127,285
1051,107,126,282
1045,104,130,275
1025,106,145,276
1021,99,139,279
1013,93,127,275
1018,84,114,277
1001,84,127,269
983,86,138,266
965,82,143,269
963,87,132,266
968,86,121,267
967,90,119,270
971,94,112,267
972,93,110,268
966,86,112,267
962,87,115,265
961,92,118,266
965,98,119,268
965,102,128,267
967,118,128,258
967,124,125,259
972,117,123,268
975,109,114,274
970,108,105,263
936,88,132,263
941,85,133,263
949,88,111,265
935,92,96,264
912,92,131,260
898,78,146,263
892,77,117,260
885,75,132,256
894,77,130,264
907,80,105,259
917,73,98,270
889,76,129,256
890,73,134,258
890,69,127,257
896,69,114,259
903,74,101,255
899,76,110,242
894,79,121,242
886,78,132,241
881,70,137,241
914,60,116,246
923,43,113,264
928,43,86,254
916,41,108,238
917,45,117,234
915,48,127,253
924,69,119,253
939,85,115,252
952,102,111,243
956,112,110,247
963,109,107,250
969,86,106,237
971,77,100,237
958,92,108,226
939,111,139,247
929,130,139,246
929,123,135,247
940,114,143,257
957,89,115,261
949,93,92,253
924,95,120,249
931,102,115,250
929,109,107,249
922,110,106,248
923,105,99,247
912,90,101,245
886,84,99,246
872,89,101,244
865,105,101,233
858,140,104,232
848,163,104,233
851,176,99,230
848,183,105,236
851,188,108,232
859,187,103,234
853,180,105,236
854,174,105,232
847,159,119,238
853,144,106,240
858,131,104,245
855,120,108,238
854,105,106,239
859,93,105,243
878,86,105,247
883,79,102,243
878,90,113,240
871,108,117,232
865,100,116,233
858,77,113,243
857,67,112,259
852,73,99,238
841,76,111,239
837,80,114,240
833,80,110,243
828,86,102,238
827,90,94,231
827,93,93,234
825,98,98,230
829,100,100,229
823,108,108,225
816,111,107,225
813,108,102,228
811,102,103,233
807,101,90,232
801,101,93,233
794,101,92,233
794,101,85,232
801,104,83,225
805,106,90,222
805,107,93,220
806,99,89,230
813,83,90,229
812,76,84,219
805,77,90,220
803,79,92,221
796,88,86,220
788,89,86,217
780,83,87,215
782,77,88,216
787,74,90,214
794,77,87,216
794,80,94,213
796,84,96,220
825,76,101,225
846,70,99,248
810,1,151,265
822,1,137,270
829,1,123,273
796,1,124,275
782,1,121,263
781,1,124,253
784,1,131,252
780,1,136,250
774,1,146,252
787,16,162,257
1231,315,49,204
1225,320,55,202
1205,336,74,188
1204,343,76,180
1202,332,78,179
1193,316,87,183
1190,261,90,240
1185,256,95,241
1183,258,97,236
1174,228,106,269
1164,223,116,292
1152,220,128,295
1145,217,135,300
1133,221,147,294
1112,219,168,290
1110,213,170,291
1104,205,176,290
1098,198,182,288
1083,192,187,286
1073,189,190,276
1086,181,179,279
1099,165,155,283
1099,151,147,283
1103,136,130,289
1100,120,143,261
1085,106,140,260
1079,99,133,255
1079,94,125,260
1072,87,119,266
1050,71,110,262
1010,53,125,264
965,54,142,263
949,51,144,264
951,42,147,259
953,42,135,270
966,43,106,254
974,55,113,255
965,62,125,249
943,69,124,264
930,61,118,265
906,48,115,261
894,23,122,268
916,15,113,269
947,14,121,272
1006,27,134,281
1034,36,138,287
1052,35,137,289
1059,61,138,287
1071,81,127,292
1066,74,130,295
1068,67,133,300
1073,54,137,303
1084,46,135,308
1090,58,137,309
1095,70,149,308
1099,65,145,310
1101,54,131,301
