998,217,187,90
1002,220,193,95
996,216,199,94
990,204,195,93
988,196,200,98
988,192,204,98
995,193,204,100
995,199,201,99
989,204,206,94
989,214,202,95
988,222,200,93
985,229,197,95
984,231,198,91
982,241,204,90
981,247,206,91
977,253,208,94
965,255,208,92
964,255,199,92
962,260,195,94
963,265,199,92
974,269,202,94
983,283,201,98
980,295,210,97
947,298,222,85
884,292,222,64
778,287,213,68
677,288,214,77
548,278,215,84
505,294,153,95
511,310,150,130
562,309,123,157
569,296,112,166
503,278,133,163
445,254,151,161
428,245,155,160
453,265,184,159
486,300,197,136
505,335,209,134
531,353,193,132
533,351,186,115
535,346,180,103
530,339,190,99
539,326,179,105
552,304,176,109
549,280,185,99
544,268,195,96
561,259,184,98
530,249,188,103
515,249,195,98
470,241,202,98
455,236,207,107
463,240,208,105
488,250,207,108
499,251,206,111
510,252,203,105
520,259,200,109
528,268,204,110
532,268,195,103
529,270,195,109
522,269,213,112
519,266,210,117
531,268,197,111
530,268,197,113
531,265,196,111
531,267,200,112
529,267,202,113
532,267,195,109
531,268,194,114
537,267,196,112
531,270,203,105
530,268,200,114
530,267,200,111
527,269,199,105
532,269,197,109
533,266,198,116
528,268,199,113
520,270,210,105
532,265,195,113
532,268,192,112
531,267,196,110
530,266,198,113
533,269,193,111
528,271,201,109
529,270,197,108
531,270,193,112
532,269,197,110
531,268,197,111
531,268,194,110
532,267,194,113
531,268,193,112
529,270,200,105
534,267,193,113
532,268,194,117
530,270,195,110
533,267,195,110
532,270,192,110
533,266,195,107
530,273,196,106
529,269,197,113
528,269,200,109
532,268,193,111
531,268,194,112
531,268,196,114
532,271,202,103
532,268,193,114
532,268,196,111
532,269,196,107
530,269,199,110
529,267,201,112
532,270,198,109
533,269,200,110
533,268,198,108
529,269,194,114
529,270,202,107
529,270,197,111
534,269,190,108
531,267,196,115
525,268,201,117
530,267,197,112
532,269,197,110
530,269,195,106
532,269,194,110
533,270,190,104
533,270,190,111
530,270,195,109
533,270,195,107
532,270,194,107
530,268,200,113
530,270,198,103
529,269,199,106
528,268,201,111
530,268,199,110
532,269,194,109
528,271,198,107
533,270,192,109
523,271,203,105
529,268,195,112
528,268,198,112
525,268,204,113
526,270,203,109
531,269,200,107
527,270,201,110
531,267,199,116
532,269,198,110
528,268,207,113
531,267,196,114
529,266,199,116
528,268,199,110
525,269,199,114
531,267,198,112
