506,85,239,509
498,71,210,572
496,62,158,612
471,81,180,610
502,126,187,565
504,377,288,112
535,349,222,134
548,357,198,116
557,395,178,40
551,403,179,50
560,414,154,48
545,402,176,67
513,375,215,100
513,360,220,136
529,351,236,177
523,328,245,223
521,320,244,233
522,321,242,232
523,327,253,227
521,339,268,213
517,352,277,193
512,360,294,180
502,359,308,179
495,355,321,189
488,349,333,202
487,342,337,219
482,331,343,237
485,330,340,241
484,327,339,245
485,326,331,242
494,329,324,243
502,328,316,250
510,330,306,249
513,329,299,244
518,345,287,215
523,352,283,206
524,352,277,200
521,354,280,188
517,360,286,179
517,374,288,157
559,413,247,102
521,394,278,96
530,380,278,83
527,368,286,85
527,341,286,121
521,339,287,146
508,325,291,177
482,317,306,210
441,304,340,247
402,284,375,296
389,291,396,318
391,303,394,306
406,311,391,261
397,338,416,201
387,365,440,164
382,363,445,164
388,361,439,162
390,357,431,168
393,351,424,191
401,350,418,208
