227,218,959,390
190,360,997,252
180,206,1007,405
236,204,951,405
191,354,997,252
200,214,987,393
250,225,938,382
227,318,959,288
229,327,959,276
209,371,979,237
182,342,1006,270
179,303,1009,307
185,281,1002,328
193,215,994,395
203,202,984,411
231,203,955,413
204,322,983,295
177,471,1010,151
158,506,1029,119
157,535,1087,96
160,535,1086,139
158,542,1083,146
158,546,1086,157
160,550,1082,162
158,551,1087,161
159,549,1084,163
157,551,1088,161
159,549,1090,163
158,553,1088,159
159,550,1086,162
160,550,1084,161
158,550,1085,162
159,549,1086,163
158,550,1087,161
158,553,1087,158
158,555,1087,156
158,551,1087,160
159,550,1087,161
158,553,1087,158
158,552,1086,158
160,550,1086,161
158,551,1087,160
159,551,1086,159
160,550,1085,160
159,550,1086,162
159,552,1086,158
159,555,1085,155
159,552,1085,158
159,548,1085,163
159,550,1087,160
158,551,1085,161
158,551,1086,161
159,552,1086,158
159,549,1085,161
158,552,1086,158
159,553,1086,156
158,551,1086,160
158,550,1087,161
159,549,1086,162
157,549,1088,162
160,549,1083,163
159,549,1084,162
161,551,1083,158
162,550,1083,160
158,552,1087,159
158,551,1086,158
160,551,1084,159
159,550,1085,161
159,549,1086,162
159,551,1086,159
159,551,1086,160
159,550,1086,160
