93,122,466,280
105,119,463,278
115,121,463,268
127,120,458,261
139,122,449,256
145,124,443,251
150,127,436,255
151,130,430,259
151,128,425,268
149,127,421,274
136,132,422,280
129,137,418,281
120,138,423,281
116,135,426,280
110,133,426,277
103,133,425,272
98,134,426,268
93,134,423,262
93,134,418,257
92,135,419,250
87,139,426,245
82,150,435,233
74,159,446,226
67,167,455,216
65,170,459,198
64,179,462,183
69,188,464,170
78,201,470,154
88,216,482,139
94,234,489,106
103,253,491,71
119,258,492,63
156,231,493,118
199,196,470,223
215,165,440,312
231,159,426,359
248,170,431,374
264,180,442,380
288,192,437,412
370,269,358,395
372,266,366,421
361,244,379,443
350,211,390,477
350,186,390,502
365,203,373,486
363,196,377,494
370,193,373,499
375,199,370,492
369,210,377,481
364,214,381,478
366,216,379,475
367,217,379,475
369,215,378,477
369,214,379,477
370,215,376,476
369,215,378,476
368,216,378,476
367,216,380,475
367,217,380,475
367,217,380,474
367,216,381,475
367,216,381,475
368,219,379,472
367,221,381,471
370,222,381,469
372,221,382,471
377,226,383,469
386,235,394,466
399,239,398,467
413,243,403,470
430,251,413,469
446,256,420,464
455,257,421,463
456,252,420,468
457,248,418,472
455,246,418,474
447,239,415,481
435,235,410,485
423,231,405,489
406,229,399,484
388,220,396,486
371,218,390,483
350,213,384,479
329,207,379,479
315,205,374,477
308,209,377,470
304,218,384,462
290,208,402,472
302,221,396,460
316,224,400,461
