642,358,164,68
650,357,156,75
661,342,141,101
662,321,129,120
663,309,121,131
680,303,93,148
705,302,50,160
713,306,38,158
704,309,56,148
674,304,101,141
652,304,132,123
642,306,148,106
637,310,158,90
634,312,163,81
633,311,162,76
631,311,163,69
632,310,162,66
632,309,163,64
633,309,162,64
634,309,163,63
637,308,161,63
640,308,161,62
644,308,161,59
648,308,159,57
652,307,158,56
654,306,158,56
656,306,157,55
658,306,157,53
655,307,160,49
656,306,161,48
656,306,162,49
657,306,161,49
657,306,161,49
658,307,160,50
656,307,161,51
655,308,161,52
652,309,163,54
650,310,163,55
648,310,164,57
646,311,165,56
646,310,165,57
645,310,166,58
646,310,166,58
647,310,165,59
648,310,165,60
654,308,160,74
675,301,145,109
707,289,124,141
748,277,71,159
766,274,48,175
770,278,21,173
769,281,22,170
769,282,23,170
770,282,24,169
771,282,24,169
770,283,28,169
771,285,29,167
773,286,28,167
772,288,31,165
773,290,34,163
772,288,47,167
750,293,95,156
710,303,133,130
680,303,141,115
664,308,148,92
654,310,156,76
650,311,158,67
648,311,156,63
647,311,156,60
644,310,158,59
642,310,159,57
640,310,161,58
639,310,162,60
639,309,162,66
639,309,161,67
637,310,162,66
635,310,163,65
633,311,164,63
632,311,164,63
632,311,165,63
634,311,166,64
638,310,167,64
646,308,165,64
653,307,165,64
661,307,162,63
664,306,163,64
667,308,163,60
670,307,162,59
671,308,163,58
672,308,163,56
673,308,163,56
674,307,163,56
676,307,163,57
678,306,162,58
680,306,162,60
687,305,156,72
710,311,134,114
730,332,129,129
734,347,135,126
726,360,147,114
719,371,160,94
713,369,165,86
706,366,170,78
702,362,172,72
702,362,171,70
702,363,171,72
702,364,168,73
702,364,167,75
706,354,162,94
723,344,143,118
745,337,120,141
760,323,93,160
771,321,79,169
779,323,73,169
783,329,64,171
779,341,53,158
772,327,48,173
765,324,43,173
759,321,39,175
753,320,42,175
742,325,56,173
732,331,74,164
726,333,83,162
723,336,92,158
720,343,106,149
721,349,112,141
720,349,113,142
717,348,115,140
713,345,116,139
708,339,119,140
701,333,126,136
692,323,131,132
680,315,136,124
673,306,137,118
667,304,141,110
661,303,143,100
654,301,146,93
647,300,150,87
643,299,151,85
638,300,153,81
634,300,155,78
630,300,157,77
628,300,158,79
626,300,159,79
623,303,162,76
623,304,162,75
623,305,161,75
622,306,162,76
621,306,161,77
621,306,161,78
622,306,159,78
623,306,159,78
623,306,160,77
624,306,159,75
624,306,159,74
624,306,160,72
624,306,160,70
625,305,161,66
627,305,160,62
633,307,159,64
643,310,156,73
656,312,151,81
671,314,147,81
683,312,145,80
695,310,141,74
703,307,140,69
710,306,136,62
714,304,134,51
717,302,131,39
716,301,133,30
713,299,135,21
708,297,137,15
699,293,144,16
686,293,147,16
672,295,152,20
659,295,157,30
647,297,160,39
638,298,163,50
631,301,166,57
627,302,167,66
625,305,166,69
624,309,168,68
624,313,169,64
625,314,169,63
625,316,170,57
625,316,171,55
627,317,171,55
633,319,168,57
643,320,160,59
656,317,148,62
666,309,138,61
667,303,136,52
663,301,138,46
654,302,142,40
643,301,150,39
633,298,158,42
626,300,163,42
622,301,168,45
624,302,169,49
628,303,170,53
639,304,168,57
654,304,165,61
674,303,158,66
694,301,148,73
708,301,142,73
717,302,139,70
719,303,141,68
721,304,142,69
720,306,144,72
720,307,146,78
720,309,146,82
721,310,146,84
725,311,142,83
729,309,138,81
734,309,134,66
737,306,132,49
736,304,133,35
738,302,131,26
736,302,132,22
733,302,132,16
726,301,139,15
717,299,145,16
709,300,151,14
701,299,156,15
693,300,160,15
685,300,165,18
675,298,168,23
662,302,172,22
650,303,177,26
641,305,177,28
635,307,177,33
630,310,177,39
626,314,177,43
624,316,175,45
623,316,174,48
622,316,173,50
621,314,172,55
623,317,172,60
626,318,170,65
630,314,168,64
636,310,164,61
642,304,158,54
645,301,154,47
646,299,151,42
645,299,149,36
642,300,150,34
639,300,153,35
637,300,158,40
641,300,162,49
655,301,156,57
679,301,143,64
702,302,129,67
708,303,130,64
702,304,143,64
695,306,155,60
694,307,159,57
693,308,163,55
694,306,165,56
697,306,164,59
700,306,164,65
703,308,162,71
706,310,161,76
706,312,161,81
710,315,157,82
710,315,155,85
709,315,152,80
709,312,148,75
706,308,148,62
704,305,145,47
703,303,143,32
703,301,141,18
702,294,145,18
701,289,142,24
700,289,143,24
700,292,143,20
702,295,144,16
707,296,141,19
720,297,130,28
741,299,110,34
757,300,95,36
750,302,105,34
733,306,124,31
711,306,146,35
698,307,159,38
691,309,166,45
688,312,168,50
688,313,168,55
687,314,169,55
686,314,169,54
686,313,170,54
687,310,167,58
683,310,167,50
679,310,166,44
674,309,164,41
666,306,166,39
657,303,168,39
651,303,164,35
642,303,165,30
635,303,166,28
629,304,168,25
623,303,171,27
618,302,173,31
615,303,173,36
614,303,172,43
614,304,169,53
615,305,167,62
617,306,165,71
622,309,162,76
628,311,160,82
635,314,160,82
644,316,158,85
654,315,157,88
666,313,156,88
678,310,154,84
690,307,152,76
701,305,146,67
709,304,143,56
713,302,143,48
715,300,143,37
714,300,143,23
708,293,147,19
700,288,150,22
690,292,154,18
680,296,157,18
672,295,159,17
663,295,163,16
656,299,164,16
651,300,166,18
653,302,163,17
655,306,160,18
658,313,158,15
667,316,151,19
679,321,140,20
695,319,126,28
705,310,113,38
706,305,106,44
696,304,111,44
680,303,123,45
665,301,135,50
651,304,145,49
638,303,156,54
629,301,161,59
627,305,159,73
630,310,155,92
637,311,149,103
644,311,148,101
651,307,150,97
660,303,150,96
669,300,150,89
678,298,150,80
686,299,150,66
695,299,148,55
701,302,144,45
701,303,146,40
696,305,151,38
689,306,158,40
685,309,162,45
684,312,165,52
687,314,164,56
689,311,166,56
693,307,165,57
696,306,161,63
698,303,159,60
700,302,159,48
703,304,156,46
706,307,151,42
699,306,155,40
688,302,162,47
681,309,164,61
685,328,158,85
706,336,140,100
730,329,118,96
734,312,114,46
717,299,127,16
699,297,140,15
679,298,149,19
655,298,159,25
636,299,164,32
624,297,163,47
622,295,158,60
626,293,153,68
636,292,140,66
642,294,136,45
632,297,151,16
623,291,163,23
617,296,168,20
613,301,173,17
611,307,173,15
609,313,175,19
610,315,173,26
610,318,174,32
613,320,174,40
620,324,172,47
633,326,170,54
653,321,164,65
679,317,152,68
700,313,142,63
711,312,133,57
714,310,130,50
705,305,140,46
695,303,146,39
685,301,148,33
671,299,153,27
659,299,155,23
646,298,160,20
637,298,161,19
628,301,162,22
624,300,163,27
621,300,163,33
619,303,162,34
617,304,164,35
613,306,167,39
616,309,165,61
626,312,157,81
639,310,148,85
653,302,140,73
663,299,140,42
673,299,136,32
682,300,135,25
691,300,131,21
699,301,127,16
708,297,122,17
724,296,109,17
740,298,93,15
743,298,90,16
721,292,116,22
689,293,148,19
672,299,166,17
665,301,169,25
661,301,172,36
657,303,173,43
655,306,172,49
654,308,172,58
655,313,169,65
658,318,166,74
661,321,164,80
666,320,163,84
675,315,159,79
683,308,157,65
686,306,156,47
686,304,156,36
683,304,158,29
678,300,161,27
669,301,161,23
658,299,164,24
646,297,167,27
636,297,169,28
629,298,170,27
624,296,171,26
623,296,168,31
