488,404,134,203
482,404,121,200
473,412,130,189
471,411,116,186
465,401,115,190
443,392,143,198
438,381,151,207
450,375,137,210
478,376,116,208
494,383,121,200
514,384,100,198
532,383,72,198
541,383,70,197
550,383,65,197
552,386,66,196
558,385,62,196
561,386,72,197
560,383,89,200
583,406,87,179
606,410,124,178
640,401,108,186
690,394,74,191
718,389,99,199
755,389,86,199
782,392,106,196
804,400,130,188
872,406,106,183
893,402,117,185
932,398,105,191
967,395,74,197
982,404,79,188
989,397,89,196
972,393,116,202
965,405,140,185
974,416,135,176
994,414,95,179
1030,414,56,179
1010,411,79,181
990,410,98,182
994,405,92,187
993,410,83,189
990,409,70,191
987,408,59,190
989,409,64,189
991,408,65,191
994,406,73,192
1002,406,67,193
1010,406,63,188
