439,365,105,88
442,370,102,82
446,372,102,84
454,387,103,86
412,484,105,95
245,559,106,109
146,543,111,107
96,502,114,101
136,485,111,96
516,642,95,78
681,606,96,94
677,607,95,94
672,608,95,93
668,608,95,95
664,609,95,94
660,610,96,94
657,610,95,95
654,612,95,93
650,612,96,94
648,614,95,93
644,614,95,94
641,615,96,94
639,616,95,94
635,617,96,93
632,617,95,94
629,618,96,94
625,619,96,93
622,620,96,94
620,620,95,95
616,621,96,94
614,623,95,93
610,623,96,94
608,624,95,94
604,625,96,94
602,626,96,94
600,626,96,93
598,627,95,92
595,628,96,92
593,629,96,91
880,498,87,78
1014,432,73,86
1011,432,73,86
