620,96,291,523
626,107,284,506
632,114,276,502
640,126,271,488
647,137,266,477
654,143,259,473
658,153,256,461
666,163,252,453
675,170,248,444
683,180,245,434
691,189,243,428
700,199,237,419
709,208,232,412
716,215,227,406
722,221,227,402
728,230,224,394
734,236,221,393
739,246,218,382
745,254,213,380
744,260,213,375
750,267,206,364
746,271,204,362
749,273,202,358
748,272,204,355
750,273,199,347
752,272,196,343
754,277,194,337
757,283,186,330
753,283,186,326
750,286,184,323
747,288,183,318
745,289,180,312
744,289,177,310
744,290,175,305
744,294,171,301
742,295,170,293
742,294,169,291
741,295,168,288
741,295,167,289
741,297,167,289
741,300,167,288
742,308,161,282
742,315,160,272
742,326,162,265
742,333,157,259
742,339,157,256
744,353,156,243
744,368,159,232
745,384,154,219
747,388,156,215
747,393,154,212
750,395,154,210
751,398,155,209
753,401,154,208
754,402,155,208
757,405,154,208
759,403,153,212
759,405,154,214
761,406,154,211
762,406,155,210
763,407,155,208
763,407,154,207
762,403,158,211
758,402,160,215
756,403,158,213
750,402,158,214
744,401,157,214
737,402,153,209
727,401,150,210
716,400,150,210
706,398,148,212
695,399,147,210
685,399,146,210
675,398,145,210
664,399,144,208
652,399,142,208
638,399,140,207
623,399,140,207
607,398,140,208
592,397,140,209
575,397,142,209
560,396,141,209
546,399,143,208
531,400,146,207
520,400,145,207
512,401,143,207
503,399,142,207
495,400,143,205
488,398,144,205
481,400,143,202
474,397,143,205
467,400,139,199
460,398,141,201
455,395,140,201
445,394,144,205
443,394,145,205
437,396,147,203
436,398,140,197
430,398,141,197
424,396,142,197
419,395,141,196
416,395,141,195
412,393,141,195
406,392,142,194
400,391,142,194
394,391,142,193
387,391,143,192
381,390,143,193
373,390,142,192
368,389,142,192
360,389,144,192
354,389,144,192
349,391,144,191
344,390,146,193
342,389,147,193
341,389,147,192
343,390,145,191
345,388,146,192
347,387,146,192
351,387,145,191
355,386,145,192
360,386,145,191
366,385,143,191
373,385,141,189
379,386,139,188
383,385,138,189
384,384,138,188
385,383,138,189
388,383,136,189
389,383,136,189
390,383,135,188
389,383,135,189
389,382,135,191
387,383,136,191
387,383,135,189
384,383,135,188
382,383,136,189
379,384,136,188
377,384,137,189
376,383,137,189
374,384,137,189
371,383,137,189
367,383,139,192
368,384,136,188
366,384,137,188
365,384,137,188
364,384,138,188
365,384,138,188
365,385,137,188
364,385,138,188
364,385,138,188
365,385,138,188
365,385,139,188
366,385,138,188
368,385,137,187
368,385,138,188
370,385,137,187
372,384,137,188
374,385,136,188
374,385,137,188
376,384,136,188
378,385,136,187
378,384,137,189
379,385,136,188
379,384,137,189
380,385,136,188
379,384,137,189
378,384,137,189
378,384,137,188
376,386,137,188
374,385,137,188
371,385,137,188
368,386,138,189
366,385,138,189
365,386,138,189
364,387,139,188
364,387,138,188
364,386,138,189
363,386,139,189
362,386,139,189
362,386,139,190
361,387,140,189
360,386,140,191
359,386,140,189
356,388,141,189
355,387,140,191
353,387,141,191
350,387,142,191
349,390,142,189
349,388,141,190
349,389,141,190
347,389,142,191
347,388,141,191
347,389,142,190
347,389,142,190
346,389,142,190
346,389,142,191
346,391,142,190
346,390,143,191
345,391,144,191
343,390,145,191
343,391,145,191
342,392,145,191
340,392,145,192
338,393,146,191
335,392,146,191
334,393,146,191
333,392,147,192
332,394,147,191
331,393,148,192
332,393,148,192
333,393,147,192
334,392,149,193
337,394,148,192
340,394,146,191
341,394,146,192
343,393,146,192
343,392,148,193
345,393,147,192
346,394,145,192
348,394,143,191
349,395,143,191
351,393,143,193
351,394,144,191
354,395,142,191
356,393,143,192
356,393,143,193
360,394,142,192
359,394,143,192
360,395,143,191
360,396,143,191
359,396,142,192
358,396,143,193
356,396,144,194
355,396,146,195
353,397,146,195
352,396,147,196
350,397,148,196
349,398,147,196
348,398,148,196
