161,71,309,427
148,74,328,412
151,61,298,440
150,54,291,451
153,59,292,448
155,56,283,452
156,55,275,451
147,53,277,454
151,48,271,456
143,44,261,460
141,51,246,455
145,62,211,463
148,67,179,460
147,73,145,461
118,80,146,466
83,68,150,490
50,63,130,486
22,86,152,470
1,186,165,383
1,230,164,346
1,234,164,340
1,258,164,320
1,266,160,310
4,248,162,318
1,249,162,302
1,254,159,299
1,245,170,298
1,239,177,313
1,232,185,317
1,249,190,301
1,249,194,307
1,259,195,301
1,258,197,302
1,258,193,304
1,270,197,292
1,267,194,302
