615,330,362,205
627,329,364,211
631,325,372,223
622,316,364,235
616,305,354,248
607,307,350,256
569,308,347,260
523,292,354,267
476,282,357,270
451,250,362,283
443,198,349,288
443,177,336,292
453,174,333,297
447,164,336,298
468,161,322,306
493,150,328,308
505,129,331,305
518,104,334,311
533,79,331,309
555,61,331,303
553,37,367,294
555,25,395,290
572,36,397,275
590,39,387,278
622,25,385,279
633,10,401,276
649,1,410,281
632,1,407,270
611,1,416,255
610,1,424,250
617,1,420,238
626,1,425,253
645,1,423,262
662,1,426,255
675,1,428,237
705,1,431,221
761,1,441,215
778,1,449,211
792,1,467,202
803,1,476,209
818,1,448,222
846,1,433,234
866,1,413,235
897,1,382,235
914,1,365,233
925,1,354,237
956,1,323,228
988,1,291,217
1011,1,268,216
1043,1,236,231
1057,1,222,238
1072,1,207,245
1078,1,201,248
1097,1,182,246
1100,1,179,243
1120,1,159,244
1156,1,123,233
1166,1,113,248
1160,1,119,247
1165,17,114,226
