225,138,191,459
374,87,345,550
372,87,345,548
362,84,364,555
360,83,365,555
362,82,365,554
363,83,362,553
363,83,364,554
357,84,370,552
355,84,372,555
357,85,367,553
359,84,362,555
358,85,366,552
356,85,366,555
357,85,366,551
358,85,367,552
359,84,369,554
360,84,369,554
361,85,367,553
364,86,367,554
365,85,366,553
368,87,366,552
370,87,364,555
369,87,369,553
374,87,363,552
381,87,358,553
391,90,347,552
395,90,344,554
392,91,347,553
393,90,347,553
395,91,344,552
395,91,342,551
394,94,342,547
393,92,343,551
394,91,344,550
394,92,344,552
