363,272,307,55
396,276,322,53
425,275,326,61
455,283,319,62
454,285,348,62
499,291,308,62
491,287,325,70
467,283,357,80
535,292,298,69
544,278,317,98
561,298,308,80
557,293,327,85
549,316,351,63
599,307,313,66
610,311,300,66
608,310,303,57
603,303,303,67
610,301,297,67
623,300,285,66
627,293,288,72
639,295,288,68
662,296,288,72
596,299,374,78
718,303,267,78
729,317,271,66
745,313,269,69
758,313,249,61
763,312,242,63
766,306,237,70
771,301,229,64
751,296,254,66
734,285,264,71
745,286,251,68
771,292,225,62
745,292,263,73
760,296,264,82
777,304,262,77
793,308,240,68
748,305,285,69
789,301,229,65
