750,463,380,153
727,438,442,182
770,419,391,190
720,429,411,190
720,408,418,209
714,405,427,208
720,395,406,218
716,396,434,202
716,368,422,231
708,371,417,231
698,346,427,268
697,387,431,228
697,380,425,236
695,417,425,196
695,444,415,183
709,466,425,159
708,469,419,164
714,488,415,143
712,480,443,154
714,496,441,129
723,504,441,133
741,506,442,118
735,508,435,124
749,478,446,146
742,489,417,128
741,475,432,145
740,553,340,103
757,558,326,78
744,548,282,98
736,546,281,89
748,546,271,92
745,526,280,106
746,562,235,71
733,502,387,137
733,512,382,160
735,509,388,142
732,511,363,136
738,505,363,147
731,521,362,126
726,497,429,157
727,510,393,135
730,506,405,140
724,520,418,129
735,503,421,144
719,501,429,148
729,484,418,171
719,487,432,163
731,520,419,141
726,472,425,188
738,496,405,166
727,478,421,188
717,464,407,215
714,450,425,235
704,509,412,156
