352,166,440,112
286,153,521,163
248,137,536,112
236,131,536,110
222,143,499,185
206,134,500,151
200,147,509,150
174,143,498,157
185,144,479,180
188,121,444,231
193,144,415,243
163,163,421,121
88,45,365,356
96,45,272,366
164,128,140,317
154,264,262,127
45,188,474,157
101,139,443,200
153,79,398,260
242,89,400,258
274,95,417,243
357,170,326,161
368,205,289,120
508,166,163,69
395,156,246,80
395,142,200,106
287,61,349,176
165,3,412,209
81,1,393,168
82,1,430,186
164,1,333,145
284,1,154,94
0,0,0,0
198,1,132,101
1,1,331,165
1,1,300,190
1,1,323,217
1,1,470,203
1,1,393,202
1,14,255,183
1,1,251,145
1,1,278,167
1,1,293,168
1,20,323,140
38,43,336,167
37,54,348,165
22,54,315,152
4,38,293,146
20,48,289,139
1,105,249,109
1,19,220,135
44,26,234,113
106,71,191,92
158,102,176,62
189,71,106,65
196,46,44,78
165,40,123,50
150,34,175,54
146,45,178,50
114,36,212,66
125,41,210,72
149,56,202,86
192,91,191,75
242,111,180,69
243,111,223,74
225,93,257,101
182,85,313,105
149,99,352,109
74,75,465,134
40,73,488,129
52,73,414,147
126,83,333,155
228,70,298,177
294,80,310,177
291,95,376,149
262,112,388,131
244,122,417,103
248,205,360,92
171,188,260,66
175,194,299,68
183,192,337,71
195,196,323,82
181,198,351,75
190,226,358,68
204,225,355,84
272,215,265,114
389,226,156,81
334,235,253,73
300,222,317,95
294,216,358,97
303,236,342,83
343,259,219,88
341,269,166,99
369,240,127,125
383,245,125,156
381,239,125,161
377,229,147,182
402,241,115,203
417,207,117,250
432,230,107,232
430,215,105,242
428,183,100,254
434,187,140,252
436,161,184,274
440,150,215,296
426,219,186,210
380,241,268,138
321,263,407,99
255,303,424,77
256,308,387,90
266,282,314,97
232,221,312,199
200,193,301,234
204,191,229,264
281,218,155,132
306,226,209,86
292,224,249,80
329,241,344,80
375,239,287,121
478,249,158,84
381,212,324,116
352,219,375,92
294,201,400,112
201,184,469,139
167,185,466,144
186,200,452,141
217,242,484,142
272,251,451,153
375,262,329,131
420,290,275,101
355,319,226,126
370,315,180,123
335,313,79,115
264,289,114,99
264,282,129,96
274,248,130,103
279,237,130,100
197,231,186,95
208,235,166,98
252,225,123,141
278,227,95,123
285,225,103,132
273,234,115,85
206,200,245,96
141,160,399,189
142,173,433,219
147,184,451,245
186,211,448,216
214,232,415,205
227,258,468,221
253,272,422,195
254,282,420,152
278,290,377,124
300,302,342,102
322,307,330,98
395,297,341,92
365,290,447,117
383,297,434,116
376,342,406,119
384,401,389,78
428,420,337,60
486,378,142,101
500,293,244,186
511,290,315,170
533,339,320,140
540,380,312,90
507,345,318,77
480,318,312,70
399,286,323,85
312,257,343,128
297,209,380,190
299,202,376,188
282,199,407,185
296,205,398,174
323,214,381,168
296,226,418,168
326,235,304,116
405,200,184,108
262,194,329,68
269,170,279,123
