581,316,262,80
583,337,258,64
582,347,254,58
582,340,258,70
593,345,244,69
597,338,241,73
601,348,236,68
601,338,231,73
605,340,227,72
610,338,225,72
620,329,215,81
621,337,224,75
623,330,223,83
623,328,220,85
614,339,232,74
622,349,217,61
623,347,227,65
630,353,240,71
661,349,200,61
686,355,187,68
714,364,158,54
707,355,165,76
662,330,228,97
641,344,238,80
664,344,217,80
648,348,220,72
622,352,249,75
616,343,252,88
611,344,255,101
618,350,241,70
607,346,257,67
630,346,242,75
629,330,238,77
628,337,223,72
627,332,216,74
626,335,207,69
627,342,222,59
629,334,209,62
639,339,223,53
656,351,195,44
658,350,210,46
661,351,231,47
682,345,216,58
717,352,183,57
705,349,214,68
672,345,232,78
664,352,246,74
659,355,246,70
650,348,253,75
651,353,246,79
659,346,234,88
641,340,249,97
630,355,250,94
605,369,260,78
585,387,274,64
581,397,262,59
579,397,254,45
569,392,255,60
582,398,247,57
569,400,250,51
578,397,241,59
571,402,243,50
583,400,232,54
589,392,137,49
594,398,156,45
583,389,192,49
561,397,250,37
568,385,257,50
584,385,240,50
464,337,363,108
576,379,261,51
595,370,251,61
608,376,235,51
609,371,219,57
622,369,192,61
635,373,189,55
640,364,176,56
649,371,165,54
661,368,162,51
676,355,154,50
0,0,0,0
0,0,0,0
0,0,0,0
0,0,0,0
0,0,0,0
627,317,249,59
570,321,405,112
642,320,182,43
638,324,155,38
647,322,160,36
668,317,157,31
674,321,162,37
673,320,158,59
679,320,159,63
697,321,134,56
680,324,175,58
685,327,168,56
689,327,186,64
682,330,205,62
679,331,218,53
684,332,208,55
682,327,210,60
682,328,216,57
679,327,211,68
675,331,201,57
672,326,203,71
669,325,196,71
663,319,174,77
632,312,204,81
642,299,203,95
635,316,210,72
642,324,190,64
647,314,207,76
660,316,193,72
657,322,175,67
661,321,208,65
650,327,249,65
667,322,223,67
654,325,210,70
638,328,213,72
629,334,241,67
618,342,264,68
624,347,247,61
622,342,252,62
629,333,252,75
638,335,225,65
645,336,238,66
653,337,219,68
655,337,226,66
656,335,230,73
646,332,214,83
631,334,214,90
611,333,231,96
595,352,231,90
593,352,224,86
582,355,247,86
574,356,250,86
572,348,244,91
567,350,257,90
559,363,245,77
549,354,255,88
549,358,250,80
547,351,256,80
546,356,260,74
543,363,250,66
546,349,242,81
535,344,249,86
522,346,260,89
509,334,271,95
506,352,268,73
508,355,271,69
516,352,270,65
515,352,278,63
525,346,262,71
540,345,261,66
550,342,234,70
557,337,239,71
570,342,236,73
621,335,196,74
623,346,188,62
617,357,198,55
640,354,170,66
608,349,229,77
604,333,243,106
795,331,54,37
796,316,58,48
796,315,65,49
607,323,246,79
