259,229,64,38
230,241,109,33
234,241,140,45
260,261,133,27
289,259,126,30
319,253,133,25
369,250,111,27
372,253,124,25
382,255,122,25
389,257,121,26
388,262,123,25
386,266,125,25
393,268,115,27
396,272,107,25
388,274,113,27
466,287,34,23
462,289,41,23
442,290,57,29
367,293,130,28
366,295,129,28
360,298,132,28
366,303,123,27
370,305,114,31
374,307,114,37
405,319,86,37
403,331,92,32
402,340,98,31
388,347,113,27
382,352,116,23
387,356,114,25
396,363,108,27
404,372,103,22
413,379,102,22
417,382,102,23
424,388,95,23
427,394,96,21
430,399,101,22
432,405,116,34
432,410,122,34
447,415,113,34
481,426,95,36
485,431,96,40
475,435,105,33
470,436,105,35
470,437,104,33
472,438,99,29
470,437,109,34
491,431,66,48
462,446,46,33
421,443,86,36
378,458,50,21
335,451,62,28
336,441,83,29
359,425,106,28
394,419,117,21
425,418,122,19
457,415,118,21
473,413,127,22
498,407,121,23
528,400,109,25
538,399,109,24
542,399,110,23
544,398,105,33
597,396,27,52
580,405,42,56
557,429,60,46
