326,245,16,15
325,244,15,15
326,245,15,15
325,245,15,15
326,245,16,19
325,245,18,18
326,244,16,18
325,244,17,19
325,244,15,12
0,0,0,0
325,245,15,16
325,245,15,16
329,244,14,17
327,245,12,13
327,246,14,11
0,0,0,0
0,0,0,0
0,0,0,0
0,0,0,0
0,0,0,0
0,0,0,0
0,0,0,0
0,0,0,0
0,0,0,0
350,244,13,22
0,0,0,0
0,0,0,0
0,0,0,0
0,0,0,0
0,0,0,0
0,0,0,0
0,0,0,0
326,232,17,15
0,0,0,0
320,228,19,20
322,229,19,20
321,230,20,18
322,230,18,20
321,230,20,18
321,229,18,19
0,0,0,0
0,0,0,0
0,0,0,0
0,0,0,0
0,0,0,0
0,0,0,0
0,0,0,0
364,235,19,21
364,236,18,21
364,236,18,18
364,235,18,21
363,236,19,20
364,236,18,20
365,242,20,16
364,243,23,14
365,241,18,16
355,245,18,13
351,237,22,20
352,237,19,21
352,238,19,20
352,238,21,21
352,237,20,21
352,238,20,19
353,236,18,20
352,237,20,20
353,237,18,20
352,238,20,21
353,237,18,21
358,237,13,22
354,234,17,23
