484,198,140,64
466,193,133,87
447,200,134,103
438,227,96,111
435,251,69,129
448,275,40,150
455,290,50,141
459,314,62,131
470,335,62,121
477,340,69,125
484,325,93,148
483,358,122,110
467,380,159,85
475,387,161,68
481,400,171,59
481,405,183,60
486,408,187,65
523,415,147,59
533,420,136,57
521,426,142,61
526,426,135,61
538,418,92,79
554,420,74,97
569,414,62,91
552,414,75,83
546,412,74,96
559,402,60,113
575,406,44,101
573,409,42,95
557,406,56,110
548,401,69,92
541,392,83,79
534,387,93,73
526,385,120,64
528,380,119,53
525,371,133,64
522,372,139,56
539,375,129,50
539,376,128,47
531,381,152,59
523,390,145,46
523,386,153,54
