539,301,78,47
548,311,79,44
556,324,93,44
566,342,98,51
573,360,106,45
575,368,118,36
570,366,123,45
558,367,127,56
558,371,116,47
546,375,119,44
532,371,121,49
516,368,127,54
508,369,124,56
503,367,120,53
492,364,123,48
484,362,123,53
475,357,126,51
472,352,124,54
453,345,137,53
450,341,137,62
454,334,128,54
451,322,133,68
452,324,130,72
470,323,113,73
456,324,132,75
488,320,98,76
506,320,81,73
533,308,63,88
550,312,52,81
555,320,41,76
559,327,42,71
558,312,55,100
559,322,60,93
545,351,99,73
538,351,76,83
533,364,63,80
