589,447,205,127
616,440,204,121
620,481,214,82
578,519,215,81
594,452,152,145
668,407,55,138
658,311,40,119
658,237,67,120
671,236,82,114
695,238,86,114
661,265,84,111
613,322,91,109
598,375,125,103
573,394,147,101
558,416,160,97
557,451,163,86
560,473,160,85
573,489,154,88
590,502,149,71
566,497,155,63
544,452,155,71
555,355,151,78
564,306,138,102
578,296,142,92
599,300,136,93
620,314,118,97
644,365,89,35
638,327,40,72
635,317,47,71
617,302,51,61
592,288,114,100
561,296,138,64
535,289,139,76
488,298,113,104
450,311,145,89
405,343,145,96
360,374,145,123
303,405,174,130
279,425,187,113
284,427,182,112
275,432,170,109
254,459,159,128
259,464,157,125
295,462,144,132
321,476,107,137
335,488,107,123
351,500,78,137
357,510,91,139
382,547,122,171
392,591,125,125
410,595,125,121
431,589,123,129
454,592,127,127
467,594,137,124
474,588,173,129
470,570,235,145
481,545,272,171
499,562,277,153
501,573,306,116
525,562,293,156
564,565,262,83
513,562,316,86
548,561,277,88
549,559,272,90
560,562,263,89
560,563,268,86
