867,118,211,246
813,152,173,229
747,176,171,229
687,171,183,229
611,207,192,200
516,202,239,215
500,206,220,230
483,196,220,241
451,186,233,254
401,151,277,284
346,147,398,293
292,147,550,283
305,147,594,284
261,202,751,225
279,187,796,231
322,188,788,229
338,193,797,225
334,192,827,227
333,195,828,226
378,172,785,249
410,149,758,268
466,133,718,281
573,189,490,252
642,211,190,271
631,217,248,267
633,207,272,304
635,197,286,310
631,196,293,310
632,197,285,307
633,191,286,314
632,192,291,318
636,187,282,318
630,169,293,338
629,172,293,336
632,168,287,342
635,172,286,335
633,168,288,338
636,169,290,339
640,174,291,331
639,178,296,326
642,180,296,326
642,178,294,327
637,165,302,340
635,164,298,338
633,164,293,348
623,168,294,340
620,138,294,377
617,148,296,372
621,166,297,376
620,189,294,376
609,202,292,378
585,212,292,377
563,227,297,366
550,228,299,365
553,230,291,362
548,226,297,369
554,211,293,381
558,214,291,375
561,216,294,377
560,213,296,378
562,213,290,376
559,216,295,376
566,214,288,378
567,226,289,366
566,228,290,365
566,227,292,362
566,226,293,364
565,227,291,365
565,230,295,363
567,227,290,361
567,232,291,357
566,227,296,368
569,231,291,358
569,229,292,363
571,228,288,361
570,228,292,363
566,232,294,365
563,231,298,362
569,232,293,361
570,230,292,359
570,232,291,358
570,239,292,352
567,243,298,349
573,246,291,346
572,243,291,346
569,242,293,350
570,245,293,343
571,243,295,350
569,240,323,353
574,241,320,351
568,248,318,344
571,257,315,333
575,262,308,327
571,261,313,331
577,243,323,349
575,242,328,348
571,241,327,355
579,241,325,356
577,244,327,347
575,242,331,354
573,244,330,346
573,244,332,348
576,242,327,350
574,245,319,349
578,260,299,327
574,260,304,328
572,259,306,330
585,258,297,335
576,282,357,308
578,284,352,305
582,283,348,308
582,284,311,305
572,279,315,310
576,279,310,312
567,277,318,316
575,275,310,319
571,270,315,322
568,268,320,322
565,320,314,274
566,318,317,271
571,284,311,305
568,285,304,306
585,272,260,320
513,276,299,288
477,272,384,293
290,276,725,253
