490,615,12,11
0,0,0,0
727,296,18,16
785,262,10,11
0,0,0,0
702,368,6,4
667,351,7,6
623,317,7,6
537,375,10,9
473,430,11,10
446,402,10,14
428,313,10,15
413,236,11,13
427,184,14,12
446,175,14,13
475,143,11,13
507,124,13,14
527,132,14,13
538,141,14,14
572,167,16,17
603,210,17,15
608,215,17,19
608,158,16,17
561,90,20,17
539,108,19,19
524,215,20,24
499,284,19,19
463,279,20,19
390,168,21,24
365,142,21,21
396,270,20,29
362,366,22,18
368,365,20,22
441,431,23,26
1,537,640,181
0,0,0,0
622,207,9,9
591,233,9,12
579,314,9,15
581,339,7,7
593,352,8,8
615,363,8,9
639,378,11,11
664,388,11,11
688,400,11,10
710,409,11,11
733,418,11,11
755,427,9,11
774,436,11,9
791,445,9,10
