590,560,15,17
589,563,9,10
587,564,11,10
586,564,11,10
585,563,11,11
584,563,11,11
584,563,11,10
582,563,11,10
583,564,10,10
583,563,10,10
583,563,10,9
583,564,10,10
582,564,10,10
581,564,11,10
580,563,11,11
578,563,11,10
576,564,11,11
572,567,11,9
567,570,10,11
563,578,11,10
563,580,11,11
567,584,12,12
572,588,11,12
569,591,12,10
561,590,12,11
547,588,11,12
532,586,12,11
520,580,12,11
507,575,10,10
489,575,11,10
472,576,11,10
460,580,12,11
456,580,10,11
456,581,10,11
456,579,11,10
458,576,10,10
463,572,9,11
469,570,10,10
478,564,10,11
489,559,10,10
