437,187,44,45
455,92,37,37
638,165,43,45
836,265,41,40
834,263,39,41
756,406,42,44
672,480,38,40
670,526,34,35
688,553,30,30
755,537,32,25
781,524,22,16
740,484,17,15
747,494,15,13
0,0,0,0
789,396,8,10
771,337,7,7
741,311,7,5
695,339,8,6
638,410,9,11
583,527,9,12
549,501,6,7
538,507,6,7
537,549,6,7
540,540,6,7
547,561,6,6
555,570,6,6
558,567,6,7
553,564,6,8
544,560,6,6
531,555,6,6
523,554,6,6
516,559,6,6
511,566,6,6
506,572,6,6
505,579,6,5
511,583,6,5
524,586,6,5
544,590,6,5
570,594,6,5
593,599,6,5
609,602,6,5
622,602,6,5
