525,574,11,14
520,578,9,8
517,574,8,7
518,359,13,17
517,342,10,10
540,316,10,11
559,283,7,6
554,305,7,9
575,327,5,4
588,279,5,5
607,292,10,12
607,357,9,6
627,327,4,4
626,274,8,9
631,239,8,7
639,187,12,9
638,149,11,11
632,159,12,11
641,147,11,9
651,151,13,11
639,147,12,11
647,103,14,11
643,95,13,12
647,67,15,13
659,95,14,14
656,139,15,18
646,111,15,18
611,79,17,14
592,127,16,17
549,187,19,19
515,240,18,16
473,289,18,21
439,258,17,14
429,302,15,17
403,333,13,12
395,329,11,12
404,379,10,13
376,246,12,84
460,175,8,25
481,89,10,6
474,104,9,9
435,167,9,13
395,295,8,18
363,373,9,9
339,363,8,8
323,429,9,9
319,431,8,9
320,460,11,10
323,479,10,9
327,495,9,9
332,507,10,10
342,513,12,12
359,518,12,10
378,524,12,11
397,533,14,11
422,543,13,12
451,554,14,12
484,560,14,13
518,559,15,14
552,557,15,15
589,559,15,13
629,559,15,13
667,561,14,13
699,556,15,14
727,547,15,14
753,538,14,13
782,543,15,13
804,547,16,14
825,546,16,15
837,542,17,16
834,534,17,17
816,524,19,17
803,521,19,19
804,519,20,20
817,519,21,19
843,525,21,19
863,539,21,19
