572,84,17,17
582,137,16,17
604,185,18,19
631,197,18,20
638,239,20,20
630,299,21,22
641,394,24,29
699,511,27,30
765,502,29,32
814,381,24,32
812,331,26,26
790,400,24,26
788,481,17,16
784,530,14,15
707,640,16,19
734,270,9,25
740,154,8,11
729,175,8,9
712,234,8,13
705,346,6,13
697,360,9,9
690,388,9,9
684,399,10,10
681,402,11,11
683,400,11,11
684,389,12,12
676,381,12,12
655,387,13,16
623,406,16,15
583,420,19,19
545,425,22,21
528,416,24,22
531,410,24,22
527,416,24,22
513,436,24,23
489,456,24,23
461,476,24,23
431,490,26,23
403,502,26,23
379,508,26,25
357,511,26,25
