377,143,233,192
372,143,241,190
371,142,224,191
369,144,226,190
364,145,234,189
359,150,266,184
348,154,272,179
337,156,250,177
326,157,250,175
323,159,268,174
332,159,276,170
340,151,271,170
338,142,271,162
335,134,266,166
335,131,268,169
334,129,269,167
326,124,273,170
317,115,266,170
300,100,268,176
293,82,268,173
290,69,269,175
289,62,265,174
294,63,259,180
297,64,264,178
303,58,259,188
312,56,252,185
321,58,248,191
321,71,246,189
319,91,243,181
322,103,245,185
320,125,235,179
318,141,224,180
310,149,219,179
304,148,224,183
300,148,215,185
296,148,201,176
289,146,195,179
287,149,193,176
282,149,190,170
278,149,180,170
271,148,183,165
269,149,173,172
265,150,164,168
254,156,169,168
249,160,161,164
253,159,150,166
262,158,146,171
273,158,142,168
271,157,154,165
281,158,159,156
282,159,156,146
291,154,133,150
279,155,132,156
278,153,130,156
277,148,123,167
263,142,135,193
248,129,170,229
231,115,188,244
204,102,229,259
194,87,260,272
190,95,247,266
177,80,209,279
183,72,183,287
177,80,172,280
172,100,160,261
168,141,158,220
167,141,154,220
162,139,155,221
164,134,148,225
168,137,140,224
172,134,123,226
174,135,112,226
169,131,111,228
166,136,113,224
163,130,112,231
136,126,116,233
103,118,119,243
88,120,117,239
