237,68,142,292
244,69,140,289
251,72,136,288
255,67,137,293
271,65,120,295
261,56,128,303
265,53,120,306
261,52,120,306
255,52,124,306
245,45,128,314
233,44,145,314
231,48,161,311
276,62,145,291
433,178,24,66
276,82,117,173
292,95,217,237
306,107,267,214
314,108,281,211
316,104,300,229
310,96,305,228
296,91,300,235
291,87,289,237
284,84,298,235
280,81,306,181
272,79,302,198
264,84,285,207
256,89,273,209
247,95,283,202
238,96,292,197
236,100,278,197
231,100,276,197
210,73,337,259
173,38,449,307
155,7,487,338
130,1,509,327
122,1,517,331
118,2,521,342
122,6,518,348
121,9,519,350
120,15,520,344
120,12,519,344
135,14,491,346
177,13,463,348
258,14,383,342
388,43,253,312
574,67,64,286
374,23,84,49
0,0,0,0
389,19,179,293
390,1,221,307
384,1,257,307
380,1,260,313
382,1,257,315
388,1,251,317
399,1,240,322
399,1,242,324
403,1,237,323
402,1,239,323
404,1,234,320
405,1,234,308
394,1,248,289
365,41,275,224
363,59,261,192
362,54,266,197
363,54,263,200
362,57,266,204
363,61,265,203
366,65,270,203
366,65,266,204
363,63,266,200
357,57,267,201
355,59,266,193
