444,212,406,130
413,197,384,167
403,217,381,184
442,214,289,209
425,174,207,266
485,168,103,250
461,176,144,196
443,191,160,163
412,205,216,163
394,231,247,173
407,250,265,187
438,267,272,193
462,272,288,205
501,298,299,210
534,307,317,226
554,306,347,228
554,314,362,238
538,303,376,248
511,293,400,256
504,276,399,261
471,224,464,273
426,208,370,283
456,236,337,285
478,288,356,276
620,281,319,289
602,346,627,326
590,436,689,262
680,390,599,198
746,360,532,136
785,291,490,138
737,266,542,230
580,261,699,207
570,295,709,157
804,292,475,150
926,346,354,129
868,412,412,121
753,372,526,220
641,340,559,233
594,391,539,217
588,398,516,205
