509,357,85,123
498,372,106,128
479,369,146,144
459,390,184,144
423,386,273,167
428,392,259,129
422,387,256,170
432,357,245,211
480,389,188,178
381,374,319,172
341,389,372,145
354,399,377,107
344,386,382,98
361,349,433,137
420,350,389,106
468,329,411,111
503,315,433,140
571,313,398,145
576,322,395,152
546,319,411,180
553,330,385,182
543,355,340,194
525,381,330,199
494,428,299,196
487,465,334,148
487,491,354,107
458,518,378,97
454,542,331,82
422,568,356,95
401,573,336,118
404,581,349,138
435,577,309,142
471,565,292,154
509,555,260,164
526,538,235,181
550,521,194,198
555,519,201,200
539,526,183,193
535,548,152,171
558,485,178,234
567,477,176,242
543,467,192,252
551,447,185,272
562,453,139,239
579,434,93,238
563,416,128,249
569,406,83,248
553,407,98,232
561,414,100,207
545,425,91,223
528,442,128,207
530,436,129,216
534,445,142,211
541,455,122,207
553,455,109,204
556,448,113,204
560,450,111,206
563,449,121,197
564,446,139,188
575,456,115,175
577,444,110,176
579,454,97,156
576,452,88,153
571,440,77,147
575,444,68,141
