776,449,185,120
782,446,180,133
779,447,179,131
775,452,184,127
774,446,188,133
776,447,177,134
775,446,188,133
779,450,170,131
779,452,169,127
779,447,168,135
778,443,173,142
779,443,177,137
776,441,179,138
781,445,177,134
779,446,178,134
780,444,179,140
780,447,175,132
779,446,178,137
778,444,181,137
780,444,178,138
779,445,183,137
780,446,183,136
780,445,184,138
783,445,179,139
782,446,181,136
781,446,179,137
774,447,186,135
780,445,182,138
781,448,173,132
779,446,180,135
777,446,187,135
776,446,190,134
802,446,184,125
831,448,198,69
863,456,178,50
880,465,240,62
896,464,250,79
894,465,254,77
893,464,255,73
896,464,261,76
896,465,251,75
890,466,268,73
896,464,253,63
955,468,186,69
1006,480,183,63
1082,500,140,48
1168,489,82,74
1170,491,80,77
1178,489,75,76
1161,487,91,80
1159,489,94,78
1169,487,83,79
1165,487,90,79
1160,488,97,81
1166,488,90,79
1162,487,92,70
1152,487,105,81
1193,498,85,77
1167,507,112,44
1100,502,161,49
1070,485,96,73
1071,486,88,67
1054,480,99,73
1053,475,98,82
1006,473,142,71
954,458,219,87
958,461,183,90
952,461,184,92
937,457,194,93
953,453,184,96
953,452,183,100
954,452,195,108
953,452,181,100
952,451,182,100
936,454,205,96
957,450,179,104
907,453,214,82
873,455,187,64
876,448,162,64
873,455,168,57
872,457,169,54
875,456,166,53
880,456,159,53
877,454,161,57
880,458,160,49
872,453,171,57
880,455,161,54
871,457,170,51
865,455,172,54
861,457,167,56
815,463,143,103
806,462,132,117
803,464,133,111
804,466,132,111
803,465,134,111
803,468,132,113
796,463,136,118
769,486,150,91
749,534,120,41
0,0,0,0
0,0,0,0
0,0,0,0
0,0,0,0
505,559,65,25
448,542,129,43
354,511,221,76
286,488,233,89
247,478,245,92
251,479,248,94
246,482,247,85
253,485,242,91
247,485,250,87
248,483,248,88
252,486,242,88
265,485,231,86
263,484,235,87
244,482,253,92
252,485,244,88
248,484,247,88
247,483,249,91
258,484,239,86
245,484,252,89
244,485,254,85
258,485,238,84
205,482,290,92
266,482,232,90
247,483,250,92
264,482,229,88
250,483,247,91
246,483,249,89
253,482,244,92
249,485,249,89
246,482,251,88
258,480,235,91
266,484,230,87
271,484,226,91
275,487,221,87
305,489,194,83
252,485,249,88
266,485,233,87
257,484,239,89
242,489,220,74
249,487,251,85
252,490,247,83
254,486,245,87
259,485,242,86
260,483,245,91
219,485,280,90
251,485,247,90
249,487,252,86
