691,98,400,458
648,107,456,434
641,109,448,437
654,124,431,410
658,161,433,357
649,195,461,314
619,233,509,261
589,277,566,209
569,331,593,145
546,369,604,106
515,383,609,85
501,409,610,87
510,358,589,91
498,336,591,99
507,369,616,87
506,385,640,99
501,367,650,113
483,344,654,77
496,339,610,82
527,367,572,81
568,310,534,120
589,265,513,188
580,267,539,173
589,249,532,200
617,242,454,213
611,210,420,248
564,295,464,129
548,380,478,114
584,368,452,166
630,385,408,96
651,317,382,91
637,327,400,79
634,305,399,113
625,305,396,116
641,254,368,172
653,210,347,226
644,213,368,219
617,219,422,204
567,238,506,161
571,195,515,234
584,162,463,293
589,255,443,185
562,324,459,86
548,306,473,92
575,243,421,173
607,209,365,217
559,183,427,238
412,147,629,239
321,97,711,226
318,41,681,274
515,10,408,365
579,3,350,390
580,103,365,273
522,126,438,224
512,160,462,159
336,148,661,110
210,160,775,55
209,159,755,103
234,28,584,315
443,112,377,330
585,353,310,78
600,382,285,101
573,382,324,88
559,366,338,79
540,331,369,108
538,287,371,158
563,291,337,154
557,249,347,194
506,228,397,200
493,230,434,196
473,224,475,200
466,260,523,99
554,227,401,103
284,100,632,455
241,57,618,520
209,28,619,534
221,4,567,592
299,8,373,597
474,18,90,192
329,345,38,55
0,0,0,0
400,1,34,117
406,5,21,228
379,4,65,255
437,2,87,500
482,1,57,570
515,6,28,550
524,4,69,570
520,4,141,575
490,2,272,585
466,2,399,593
482,1,323,609
492,7,337,552
469,1,416,605
542,1,239,629
593,1,222,521
631,2,183,488
674,1,75,534
690,3,99,343
742,1,128,210
482,1,559,392
469,1,689,353
472,12,779,297
487,63,791,221
503,139,786,92
544,174,735,87
599,144,680,136
625,156,655,115
633,194,646,67
839,167,417,83
811,30,404,248
745,1,329,404
715,3,329,402
684,1,327,402
700,2,226,366
671,1,146,597
593,4,130,597
502,3,256,591
401,43,376,541
337,70,458,487
326,59,477,510
359,49,445,536
371,36,428,537
386,25,395,546
386,13,356,546
361,10,330,548
297,37,366,523
231,71,448,459
217,89,487,429
245,86,476,399
262,85,480,349
240,106,545,305
214,179,604,204
465,309,330,61
690,330,377,61
539,277,590,167
528,264,592,191
532,286,603,168
575,280,588,191
904,356,215,81
771,313,368,145
934,354,216,44
961,402,207,90
993,399,201,53
1090,332,192,27
1166,240,117,29
1149,168,130,67
974,139,306,180
1102,252,172,62
971,246,231,209
985,201,227,441
963,245,313,324
847,217,226,67
952,232,326,121
934,268,343,112
949,323,331,92
1027,348,253,54
1022,336,258,52
1015,313,265,70
1052,296,228,77
1090,358,189,56
1122,286,152,59
1075,102,56,123
1037,4,93,233
1114,56,167,250
899,193,370,147
835,390,305,104
542,345,362,147
374,344,367,156
403,339,326,145
423,339,310,150
425,342,307,146
420,340,311,165
430,326,287,245
380,136,250,527
402,32,178,673
356,9,244,647
346,5,239,625
369,81,210,400
433,184,249,77
545,160,172,89
440,56,414,274
712,73,164,93
712,95,142,78
665,80,123,92
