268,86,339,349
261,94,338,345
260,93,337,345
261,93,334,349
260,93,336,356
259,88,336,373
257,100,339,371
259,107,336,372
260,111,334,367
262,118,333,362
259,148,337,330
260,217,335,262
258,281,336,198
257,296,338,182
338,300,255,178
262,276,334,204
263,248,333,231
261,224,333,257
259,211,334,268
261,195,333,283
261,149,333,331
260,118,333,360
259,103,334,374
259,84,331,395
258,72,321,409
258,68,325,411
258,77,317,402
263,87,320,392
259,78,333,399
256,68,340,408
256,63,338,383
261,57,333,357
266,50,326,335
295,56,300,312
307,62,289,289
308,64,287,272
310,78,288,251
309,71,287,260
