718,496,42,40
665,444,34,29
644,370,30,26
730,236,31,26
766,175,28,26
756,257,34,35
714,363,34,30
684,432,34,30
706,460,37,31
736,469,36,32
762,460,35,31
756,471,37,32
732,486,36,30
702,481,39,32
677,466,36,27
650,441,35,26
626,410,35,25
610,380,35,27
608,357,35,27
583,383,36,29
573,422,38,32
604,453,40,35
676,465,36,31
757,441,38,33
808,386,39,34
813,317,36,25
777,255,32,25
716,218,32,24
644,211,30,26
575,239,31,26
523,290,32,28
502,357,37,32
549,416,37,36
652,442,38,34
775,414,42,36
864,346,41,33
884,264,37,27
841,203,35,29
756,171,32,27
655,176,30,32
560,217,28,28
494,284,32,29
478,360,36,31
531,429,34,31
652,464,37,34
798,446,41,35
908,373,38,35
940,284,38,31
894,210,36,30
807,166,32,30
700,154,31,26
598,173,30,27
519,226,34,33
492,316,38,32
540,416,39,41
659,506,41,38
813,534,54,50
955,484,47,43
1010,374,50,49
951,270,51,43
795,192,44,35
