520,454,186,162
569,566,228,154
860,672,156,47
943,684,136,36
938,664,162,56
940,676,151,42
960,705,94,14
0,0,0,0
0,0,0,0
0,0,0,0
0,0,0,0
0,0,0,0
0,0,0,0
926,694,127,26
899,657,169,63
894,631,181,89
900,620,181,100
904,619,180,101
941,595,183,125
994,563,179,157
1005,532,179,162
1010,501,173,160
1030,493,172,154
1029,495,170,156
1029,495,170,156
1029,495,170,156
1029,495,170,156
1029,495,170,156
1029,494,171,156
1029,494,171,156
1029,494,171,156
1029,494,171,156
1029,494,171,156
1026,494,171,156
1023,497,171,156
1019,499,171,156
1017,501,171,156
1015,502,171,156
1009,506,171,156
1001,511,171,156
1007,506,171,156
1003,507,171,156
