216,280,53,52
219,277,51,52
232,273,52,53
243,267,51,51
257,260,49,51
270,251,49,50
280,244,48,48
296,227,49,48
303,202,48,48
311,184,49,46
357,225,45,46
354,217,46,46
384,216,45,45
420,213,44,45
453,204,44,45
469,190,45,44
468,188,44,40
453,180,43,41
442,171,42,40
447,159,42,39
463,144,41,39
469,129,42,45
480,115,41,41
494,102,41,42
502,85,41,41
504,65,41,44
501,54,41,44
490,63,40,42
472,74,40,43
457,74,39,41
454,69,41,45
449,73,41,44
447,92,40,42
446,97,42,44
448,101,38,44
448,108,40,44
448,111,43,46
455,110,41,45
449,112,42,45
445,116,41,42
440,123,43,44
437,131,44,45
428,141,42,44
412,146,42,43
401,151,41,43
399,130,43,44
396,129,41,43
392,134,44,47
391,139,40,42
381,141,45,45
373,141,44,45
368,140,44,44
365,140,44,47
357,141,44,44
354,137,43,46
344,141,45,44
337,144,45,46
330,146,43,45
326,150,44,47
324,151,44,46
