211,98,738,491
192,81,777,516
150,58,823,549
125,44,859,569
118,36,884,587
105,32,918,609
84,38,941,620
68,39,959,630
60,41,981,639
63,62,991,641
69,67,993,639
70,67,1000,640
65,48,1011,646
76,25,1003,642
91,8,1000,639
86,2,1011,634
92,2,1009,624
119,15,1002,619
133,20,1007,623
136,5,1023,626
142,5,1036,633
101,1,1051,627
83,1,1035,591
83,1,1000,583
135,1,966,585
137,7,961,582
136,1,912,572
134,1,932,553
127,8,923,561
122,19,919,574
124,12,919,556
134,10,912,556
114,26,920,586
79,45,958,604
64,43,986,620
14,23,1069,664
1,7,1106,710
1,1,1281,720
1,1,1280,719
1,1,1163,720
1,1,1129,719
1,1,1094,717
1,1,1086,720
1,1,1084,721
1,1,1102,720
1,1,1120,719
1,1,1127,721
1,1,1124,721
1,1,1124,720
1,1,1119,722
2,1,1131,721
3,1,1165,712
33,1,1152,701
33,1,1165,699
39,1,1168,700
31,1,1173,713
19,1,1173,720
2,1,1167,720
1,1,1155,720
1,1,1140,719
1,1,1143,721
1,1,1162,720
1,1,1172,720
1,1,1162,719
1,1,1153,718
17,1,1133,718
1,1,1156,721
1,1,1158,718
1,1,1155,719
1,1,1151,721
1,1,1149,720
1,1,1161,719
1,1,1170,721
1,1,1182,720
5,1,1170,720
6,1,1139,719
13,1,1108,720
22,1,1079,721
24,1,1064,721
29,2,1046,717
32,3,1034,717
34,16,1024,703
46,11,1017,709
53,1,1021,721
48,1,1042,720
54,1,1045,719
55,1,1059,719
49,1,1075,720
61,1,1071,720
80,1,1060,719
84,1,1053,721
76,1,1046,720
61,1,1039,719
46,1,1036,718
42,1,1042,719
38,1,1050,718
34,1,1055,721
18,1,1078,720
14,1,1082,718
7,1,1084,719
8,1,1084,721
17,1,1083,720
24,1,1089,719
30,1,1098,719
34,1,1106,722
18,1,1120,719
1,1,1131,719
1,1,1126,720
1,1,1113,717
1,1,1109,718
2,1,1103,720
1,1,1107,721
2,2,1102,717
1,2,1096,715
3,1,1091,720
1,2,1088,718
2,1,1081,719
2,1,1079,719
1,1,1079,718
8,1,1077,720
