494,327,56,64
479,324,55,67
471,322,55,69
463,330,54,70
429,375,73,46
430,365,67,53
427,343,65,74
419,330,61,75
408,341,59,73
390,372,64,48
391,358,62,61
387,342,60,70
379,326,58,69
370,313,58,71
365,305,61,69
361,313,58,72
351,318,84,87
375,304,80,85
384,303,80,89
387,341,81,79
402,323,78,84
415,296,71,80
416,286,67,81
414,282,71,82
423,316,72,81
447,347,71,74
453,340,67,79
458,321,65,75
472,304,56,72
470,302,57,66
472,317,74,84
537,378,29,45
0,0,0,0
0,0,0,0
0,0,0,0
214,392,66,30
192,352,62,48
178,313,63,58
156,310,66,75
112,346,79,72
102,351,78,69
125,337,60,65
130,312,69,76
134,346,77,69
157,321,81,70
184,261,78,79
208,215,74,84
231,208,67,86
199,264,83,85
205,297,79,78
228,286,77,83
251,337,75,74
224,304,71,55
222,210,55,69
198,229,81,82
269,371,78,50
431,381,30,41
449,385,29,35
0,0,0,0
0,0,0,0
216,344,54,51
227,245,47,62
242,219,46,53
259,215,39,52
268,217,36,54
274,219,31,55
269,227,34,55
223,239,50,60
79,275,83,54
39,290,73,42
25,312,75,43
22,321,76,45
35,300,75,47
62,269,65,48
74,267,62,46
84,270,63,44
90,274,62,45
88,284,63,46
93,277,60,45
83,272,60,50
65,303,65,50
109,306,64,32
167,288,51,39
231,242,42,38
270,210,22,34
281,208,18,32
289,210,19,34
296,212,18,35
269,224,42,36
211,220,68,51
184,202,72,61
162,208,75,56
201,185,68,69
232,207,62,66
266,232,59,68
283,252,57,64
290,284,56,67
307,318,53,71
379,271,38,55
431,223,48,51
479,187,35,64
501,171,30,68
498,166,31,66
483,172,32,66
464,177,30,66
435,169,33,72
419,181,32,68
395,176,30,73
367,185,31,72
332,203,30,68
300,223,32,67
275,232,38,61
239,270,46,66
206,271,52,67
183,284,59,65
172,327,56,70
174,348,59,67
178,366,60,56
184,371,60,49
196,373,54,48
197,367,60,54
205,316,61,61
220,249,73,63
253,197,67,76
262,188,61,76
264,191,62,72
264,187,60,73
258,190,58,68
247,194,61,68
236,194,59,68
229,187,60,67
219,206,60,66
233,209,57,67
254,199,55,66
276,206,51,64
295,202,49,67
305,191,51,67
307,192,52,64
307,199,55,66
311,205,53,67
318,245,46,62
322,254,46,66
320,272,51,66
329,316,49,67
347,334,45,67
355,302,47,69
382,255,45,65
407,262,42,61
433,315,36,69
449,322,37,68
480,275,33,69
515,239,33,63
534,217,34,62
533,183,38,66
520,174,37,67
508,179,35,66
526,203,42,67
548,228,47,65
519,203,38,64
515,230,32,70
519,233,30,66
502,200,28,71
493,199,26,69
494,208,25,71
496,231,27,74
491,290,28,74
475,256,26,73
456,247,28,69
446,310,26,88
429,329,26,76
431,408,28,14
443,398,26,24
468,386,26,34
499,381,26,40
534,362,28,58
584,306,45,69
603,224,37,68
582,211,52,69
536,244,39,65
455,338,56,55
431,352,78,67
554,214,55,76
622,165,18,75
583,190,55,70
489,299,55,72
455,374,49,46
436,394,44,27
412,396,45,26
404,396,42,24
403,394,43,28
404,394,40,26
405,395,39,25
446,378,52,42
531,341,50,57
593,319,47,49
634,295,6,43
0,0,0,0
0,0,0,0
633,300,7,44
626,304,14,45
613,308,27,44
601,309,39,46
585,311,44,45
571,309,49,47
562,307,50,48
554,316,49,46
545,328,44,45
536,330,44,46
524,334,47,45
510,346,47,45
491,368,46,40
445,379,52,42
415,386,50,35
403,391,49,29
413,392,46,29
422,390,47,31
436,388,51,34
454,386,52,37
476,389,53,32
493,391,48,31
486,388,44,31
456,389,52,32
438,390,51,30
427,390,53,31
421,386,53,36
415,385,53,35
410,387,56,35
408,388,54,32
408,387,55,36
410,385,53,35
417,385,54,35
421,383,56,41
434,386,54,37
449,388,55,35
469,388,54,35
485,385,55,35
496,383,53,38
497,385,53,36
503,395,48,26
497,393,51,28
490,389,52,33
485,386,52,35
486,380,53,41
496,378,54,41
512,372,53,47
530,373,52,47
533,371,53,50
526,372,51,50
514,375,54,48
513,378,50,41
518,364,45,49
513,344,44,51
510,329,47,69
517,315,47,81
498,349,52,61
498,338,60,83
510,338,59,81
512,339,57,83
504,341,59,79
531,311,46,91
497,269,48,94
493,276,55,86
495,277,58,88
492,274,56,92
502,266,52,95
503,269,55,90
521,272,54,86
569,264,47,92
597,277,44,95
571,311,51,90
575,315,53,88
606,286,35,92
571,266,51,93
569,265,52,95
568,270,54,86
595,267,45,90
566,302,53,84
578,279,48,87
556,269,52,92
590,276,47,87
605,302,36,54
604,349,36,46
621,413,18,8
0,0,0,0
0,0,0,0
0,0,0,0
0,0,0,0
415,286,47,56
0,0,0,0
0,0,0,0
0,0,0,0
0,0,0,0
0,0,0,0
278,279,49,58
0,0,0,0
299,263,48,69
0,0,0,0
0,0,0,0
0,0,0,0
0,0,0,0
0,0,0,0
0,0,0,0
0,0,0,0
0,0,0,0
0,0,0,0
0,0,0,0
0,0,0,0
0,0,0,0
0,0,0,0
0,0,0,0
0,0,0,0
0,0,0,0
0,0,0,0
0,0,0,0
296,279,47,61
0,0,0,0
0,0,0,0
0,0,0,0
0,0,0,0
202,270,50,62
0,0,0,0
0,0,0,0
0,0,0,0
222,277,47,58
0,0,0,0
0,0,0,0
0,0,0,0
0,0,0,0
0,0,0,0
0,0,0,0
0,0,0,0
0,0,0,0
0,0,0,0
0,0,0,0
0,0,0,0
0,0,0,0
0,0,0,0
0,0,0,0
0,0,0,0
175,393,58,29
121,299,78,71
89,306,92,66
99,318,92,64
109,323,90,65
109,329,89,58
102,334,88,58
88,328,83,57
84,303,78,60
147,246,39,66
47,281,93,66
95,277,64,67
63,299,86,62
96,281,78,65
109,273,75,64
136,265,61,59
144,253,65,61
109,285,83,62
119,306,71,46
116,300,67,47
130,278,62,56
