712,316,98,111
708,311,96,112
703,307,92,111
700,300,91,116
698,295,90,112
703,310,87,107
702,338,90,107
710,338,93,107
720,336,89,110
720,335,93,110
720,331,90,114
721,306,91,115
738,297,89,113
756,339,98,107
775,339,97,111
795,334,94,115
817,330,93,125
841,332,94,123
863,335,97,131
884,364,97,116
902,364,95,118
914,345,94,127
928,376,98,113
934,354,99,142
926,362,107,122
915,339,116,125
915,336,118,120
904,334,119,115
886,328,132,110
877,323,129,112
874,323,129,111
855,311,116,121
833,296,106,138
840,305,116,127
837,298,114,137
836,306,120,121
837,313,118,113
838,317,116,116
842,327,114,112
849,332,115,110
854,336,115,108
859,337,117,109
868,335,113,113
873,336,115,110
877,336,116,109
875,336,113,109
873,336,114,110
851,327,106,118
818,299,129,142
808,299,103,146
802,313,70,132
821,335,96,128
850,333,112,131
856,346,105,127
858,355,107,119
860,360,109,119
859,359,106,123
845,358,110,124
847,358,114,123
846,345,118,129
852,342,125,131
857,345,123,132
865,350,123,131
874,360,114,135
889,396,112,136
901,429,113,125
905,425,113,123
905,425,116,125
900,430,110,121
891,432,108,125
888,432,108,126
883,430,108,129
879,434,110,130
876,436,108,130
875,434,101,128
872,429,102,122
869,421,100,127
869,421,102,122
872,426,105,119
884,443,111,108
905,454,111,104
933,441,111,105
1009,434,110,108
1126,443,115,106
1228,466,51,87
0,0,0,0
0,0,0,0
1258,351,21,98
0,0,0,0
1255,350,26,68
1135,274,109,88
1004,207,88,132
909,310,78,81
838,312,77,81
782,305,79,81
747,299,77,80
729,290,77,78
717,269,77,85
721,266,81,82
684,217,77,88
626,221,77,81
549,222,78,82
474,214,83,78
420,227,85,78
380,234,86,81
345,236,85,82
323,232,83,81
294,198,85,96
233,250,113,85
242,239,105,87
270,247,85,80
259,243,92,80
261,252,88,82
281,256,83,79
363,247,91,82
443,216,91,72
494,257,92,110
530,260,97,117
554,266,102,116
596,265,84,110
618,271,87,109
640,284,83,111
642,293,100,108
671,295,75,105
674,292,74,105
680,291,78,103
649,290,101,94
678,292,81,113
641,289,105,100
676,287,85,110
673,287,75,106
670,288,89,112
650,289,97,103
674,288,80,111
661,287,73,105
661,286,89,110
627,286,98,97
666,284,96,111
650,282,78,99
636,296,101,89
624,312,74,103
629,299,100,105
657,288,81,102
654,298,87,110
641,312,92,111
620,287,92,82
599,297,93,96
577,308,88,109
542,319,99,99
538,327,80,101
527,328,78,95
519,328,88,83
535,329,76,96
571,334,86,87
631,343,105,80
709,362,83,98
687,334,66,115
829,343,57,108
682,328,77,102
487,344,75,83
648,350,66,93
779,338,100,99
832,313,91,98
706,313,114,116
549,359,142,77
662,402,89,102
716,607,69,75
720,457,114,106
694,353,139,102
762,443,91,101
780,460,71,78
732,317,131,109
700,364,123,114
630,457,77,92
511,383,106,115
435,323,121,100
414,377,122,108
405,391,129,99
446,293,130,108
573,275,95,116
780,369,88,97
878,377,116,111
874,358,79,99
791,357,144,100
545,371,128,87
577,331,114,91
775,308,139,106
750,313,121,110
621,371,94,93
646,469,81,88
666,537,77,74
639,527,74,73
592,514,70,73
559,523,73,71
547,527,71,72
541,530,75,70
526,513,82,73
515,493,75,67
482,487,79,76
461,515,79,80
475,527,80,78
504,527,76,78
533,511,63,73
476,448,83,69
310,277,113,90
281,190,115,84
272,184,123,87
272,190,122,83
294,175,122,83
331,155,116,85
363,153,114,82
377,163,116,76
381,179,119,71
385,186,123,73
421,178,128,75
415,185,130,69
380,203,120,64
357,216,125,57
336,227,123,59
318,242,128,56
308,262,128,54
301,266,132,56
324,259,136,65
411,278,127,59
535,317,81,69
621,372,81,80
672,461,85,83
721,555,82,78
734,586,87,80
724,589,90,80
696,586,96,81
663,584,99,83
629,595,101,88
615,602,97,89
615,607,103,88
619,608,108,88
625,610,108,87
631,614,113,85
644,617,116,84
674,619,110,82
714,614,112,88
762,618,104,89
816,624,101,86
851,621,102,84
846,617,105,81
825,618,108,81
810,618,99,84
790,618,99,86
774,620,101,84
761,620,102,85
756,620,102,84
754,618,96,84
744,619,101,84
740,618,103,83
735,615,105,84
735,614,108,83
729,592,114,79
733,400,110,109
765,266,101,140
781,402,86,95
800,295,105,120
836,271,130,91
816,275,133,89
798,277,133,88
789,281,138,85
788,286,133,84
782,287,135,84
777,288,136,82
770,288,136,87
754,305,120,89
716,329,109,89
684,370,91,74
722,287,97,84
774,281,127,74
772,283,132,73
764,284,137,69
760,285,136,69
748,284,131,71
674,297,106,78
594,368,79,75
588,370,79,73
675,281,100,75
774,274,121,76
816,281,121,73
848,289,120,75
874,301,111,72
884,308,117,71
895,310,115,72
902,309,115,73
908,309,113,70
911,307,113,74
913,310,111,72
906,310,118,73
859,301,109,89
740,302,117,113
621,289,134,130
548,265,128,137
419,275,116,125
399,295,97,115
417,290,95,131
421,329,76,98
423,339,75,95
523,226,81,111
647,187,73,97
806,255,123,111
840,259,123,129
862,262,122,123
882,273,128,113
904,277,126,121
919,280,126,119
935,279,123,120
945,277,125,123
939,286,118,113
920,316,120,126
890,334,112,126
878,349,104,128
893,374,144,85
918,245,131,137
934,305,145,105
924,391,152,90
908,394,126,106
887,427,106,82
840,418,109,87
798,420,109,86
781,446,100,82
768,382,114,106
645,243,131,132
364,254,123,132
207,419,151,106
205,489,160,101
197,500,162,100
187,492,161,99
182,494,160,95
183,496,157,101
184,497,158,100
187,496,161,99
192,491,158,104
200,488,156,96
214,487,155,94
296,466,140,90
477,458,105,107
533,413,95,112
399,412,105,104
311,487,124,70
232,494,129,70
163,476,130,71
116,455,130,70
89,360,126,110
103,291,101,130
85,294,119,107
93,334,136,79
149,339,129,88
160,376,137,75
196,359,140,74
249,332,133,81
285,342,128,78
310,349,128,81
290,407,130,69
346,402,125,68
413,392,123,67
