433,309,146,71
441,298,147,68
450,295,145,64
473,299,127,66
509,287,102,63
543,295,76,50
563,303,66,50
588,299,49,49
571,289,73,94
599,274,56,78
553,238,104,102
511,209,118,93
482,187,119,77
467,180,115,70
457,172,114,64
443,162,118,64
428,158,119,66
414,162,118,65
419,161,104,65
429,168,44,64
425,170,68,76
403,185,140,69
429,211,146,61
455,231,138,58
471,256,138,68
503,293,110,65
531,306,93,60
540,298,89,56
540,278,84,59
531,243,84,59
547,216,84,58
573,188,72,54
588,173,70,52
583,146,67,52
590,146,66,53
614,191,66,51
635,243,64,60
648,260,68,49
676,245,79,48
719,249,70,46
720,257,85,50
720,241,88,48
746,238,85,45
763,241,88,46
781,252,83,47
778,256,84,50
789,259,92,49
809,265,102,50
872,276,97,46
907,275,97,42
945,266,69,45
0,0,0,0
0,0,0,0
1073,362,78,43
1043,370,113,51
1038,384,101,42
1007,378,107,46
981,385,103,44
957,387,103,42
954,400,104,45
962,399,107,39
969,392,98,49
979,407,107,34
967,406,111,44
942,405,108,40
914,410,85,28
835,402,113,39
779,399,107,38
738,399,102,43
706,385,77,44
665,367,61,37
573,376,85,33
535,379,73,31
0,0,0,0
0,0,0,0
458,364,85,47
431,363,122,47
447,336,57,48
487,279,28,39
431,231,76,85
369,202,103,68
294,169,92,75
199,144,111,74
125,125,98,65
72,119,144,71
47,116,143,63
24,117,137,57
13,119,126,48
2,106,108,50
4,106,114,54
27,108,129,67
92,128,132,78
133,186,138,77
157,251,134,56
163,292,132,50
166,300,136,51
190,294,129,49
181,300,136,53
179,307,124,55
159,334,121,47
158,363,97,41
137,381,103,32
151,390,84,42
178,410,94,34
143,396,133,54
183,400,109,43
236,396,42,38
244,397,30,31
218,392,35,36
187,401,30,38
122,400,63,36
83,402,96,38
55,391,101,45
26,379,101,45
