408,297,206,69
414,306,196,57
412,301,197,62
413,298,193,59
413,299,191,57
418,292,191,64
410,346,205,73
396,442,218,75
386,509,225,76
377,568,231,89
379,587,232,94
382,590,229,92
381,587,234,97
382,590,228,94
380,590,231,95
381,592,234,95
390,594,230,86
388,592,226,88
384,591,235,91
385,591,232,89
387,594,229,85
383,591,236,92
385,592,229,93
383,590,230,96
384,589,232,95
382,591,233,86
382,592,228,92
381,590,233,87
383,589,236,89
383,588,232,92
384,591,229,89
384,590,231,88
384,588,231,93
387,591,230,87
404,590,223,71
395,589,227,63
385,583,227,71
382,582,228,73
384,588,229,79
385,588,230,81
385,589,228,79
383,589,227,84
385,588,229,88
384,586,231,93
384,587,226,87
386,589,227,83
384,588,228,87
385,588,229,89
387,591,228,79
422,592,197,75
399,593,225,70
417,593,205,73
390,593,227,76
388,591,228,80
389,593,229,80
390,591,227,78
389,592,229,77
389,589,227,75
393,593,225,77
392,590,228,76
393,590,227,78
392,592,227,76
391,592,228,71
391,594,229,77
394,592,225,83
393,593,226,76
392,592,228,85
390,591,227,90
397,593,227,66
409,586,220,77
385,587,231,74
378,585,231,81
380,583,234,78
381,583,228,85
392,585,227,75
408,584,225,73
404,583,225,71
402,586,221,69
397,587,226,67
399,587,224,69
376,501,227,88
412,338,181,60
419,285,145,52
417,281,100,42
418,277,108,36
424,264,109,31
431,255,99,33
433,256,100,35
428,255,107,36
429,251,107,37
436,240,108,38
442,228,111,43
443,225,110,47
430,233,104,45
422,239,109,42
422,245,111,40
420,251,112,39
422,246,112,37
425,241,107,39
414,246,105,38
422,243,104,36
433,232,108,41
442,232,112,44
433,227,112,46
416,233,107,40
408,256,92,37
410,249,106,39
420,227,119,44
424,227,120,45
423,230,120,43
426,231,114,42
412,246,138,48
424,355,203,96
408,532,225,93
406,574,224,79
413,574,226,91
411,573,226,91
410,582,225,80
412,585,228,92
414,585,226,100
414,586,228,101
414,584,226,99
414,585,228,101
414,585,227,102
415,586,228,101
414,586,226,100
415,586,227,100
416,585,225,101
415,585,226,101
416,584,226,101
