623,187,77,87
623,186,78,84
623,187,78,84
622,187,78,84
622,186,78,85
622,186,78,83
622,184,78,85
622,184,80,83
622,184,80,84
622,182,78,87
619,181,81,87
621,182,79,85
622,183,79,86
622,183,78,85
622,178,78,90
622,184,79,85
623,185,78,84
623,184,79,85
624,183,80,87
622,187,77,81
623,187,80,80
629,185,76,76
626,181,74,80
626,184,73,78
625,178,74,85
625,180,72,82
626,176,71,77
632,168,66,71
639,175,67,54
633,168,71,64
633,168,71,64
633,168,71,64
633,168,71,64
632,168,71,64
632,168,71,64
632,168,71,64
632,168,71,64
632,168,71,64
632,168,72,64
631,168,72,63
631,168,72,63
631,168,72,63
631,168,72,63
631,168,72,63
631,168,72,63
630,168,72,63
630,168,72,63
630,168,72,63
