227,107,122,113
227,105,121,114
228,105,121,114
228,105,121,115
228,105,121,115
228,104,120,116
228,104,120,116
229,103,120,116
230,104,120,116
230,103,119,117
231,103,119,117
231,103,119,117
231,103,119,117
232,103,119,118
233,103,119,119
234,103,118,120
235,104,117,121
236,103,117,120
237,104,117,121
240,104,116,121
240,105,116,122
242,106,116,122
244,106,116,122
245,107,116,122
248,107,116,122
250,107,115,122
253,107,115,123
255,107,115,124
257,108,114,125
259,108,114,125
260,109,114,125
261,109,114,125
263,109,113,126
264,109,113,128
265,110,112,128
266,110,111,129
267,110,111,130
268,111,110,129
269,109,110,131
268,110,112,129
266,109,112,127
265,109,114,126
264,108,115,126
263,108,114,127
263,108,114,128
263,108,114,128
264,109,113,128
266,110,112,128
266,110,112,129
266,110,112,129
266,111,113,129
267,110,113,129
266,110,113,128
266,110,113,128
266,110,114,129
265,110,114,128
264,109,114,128
265,109,114,127
264,109,114,127
264,110,114,127
265,110,114,127
265,110,113,128
266,111,113,128
266,111,113,128
267,113,113,127
267,112,114,128
267,112,114,127
267,112,114,128
265,111,114,127
264,111,115,126
262,110,115,127
260,109,115,126
259,109,115,126
259,109,115,126
257,107,114,127
257,108,114,126
256,108,114,126
256,108,114,126
255,108,114,126
255,108,114,126
255,107,114,126
255,107,114,126
255,107,114,126
255,107,114,126
255,107,114,126
254,107,114,126
254,107,114,126
254,107,114,126
253,107,114,126
253,106,114,125
253,107,114,125
253,107,114,126
253,107,114,126
253,106,114,126
253,106,115,126
253,107,114,126
253,107,115,126
253,106,114,126
253,107,114,126
253,107,114,126
254,107,114,126
254,107,114,126
254,107,114,126
254,107,114,126
254,107,114,125
254,107,114,126
255,107,114,126
254,107,114,126
254,107,114,126
255,107,114,126
254,107,114,126
254,107,114,127
254,107,114,126
253,107,114,126
254,107,113,127
255,106,113,127
255,106,111,129
255,106,110,132
257,106,108,133
257,106,108,134
258,106,108,136
258,106,108,137
258,106,108,137
258,106,109,135
258,107,109,132
257,108,110,131
257,109,112,127
257,109,113,126
258,109,115,125
259,109,115,125
260,110,115,125
262,111,114,126
264,111,113,128
265,111,113,129
267,111,112,129
269,111,111,130
269,110,111,129
270,111,111,130
271,111,111,130
273,111,111,131
274,111,110,131
274,111,110,131
274,110,110,130
274,110,110,131
274,110,110,131
273,109,111,131
271,108,111,130
271,107,111,130
269,106,110,130
267,105,110,129
265,104,111,129
263,103,111,128
261,102,111,128
260,101,111,128
259,101,111,128
260,100,109,129
259,100,109,131
259,100,109,133
260,99,108,135
261,100,105,136
260,100,102,137
260,100,104,137
260,119,114,124
259,102,101,135
259,101,103,135
260,102,102,134
260,102,103,135
261,103,103,134
262,104,104,134
263,104,104,134
263,104,104,135
263,104,104,135
264,104,104,135
264,104,104,136
264,102,104,136
264,102,104,138
263,101,104,138
263,101,103,138
263,100,103,139
262,99,103,139
262,99,102,138
262,98,101,140
261,99,102,138
260,98,102,138
260,99,101,138
259,98,101,137
259,98,101,137
256,98,102,135
255,97,105,134
252,98,106,132
251,98,109,130
251,97,110,129
251,97,109,129
251,97,108,129
253,96,105,130
257,95,99,129
259,95,97,128
263,95,93,126
264,95,94,123
267,96,92,123
268,95,91,123
268,97,93,124
269,97,92,125
269,97,92,126
268,98,93,126
267,98,95,128
267,103,95,129
266,98,95,132
265,98,96,135
265,98,96,137
264,99,97,138
262,99,99,139
262,99,98,139
260,100,100,139
261,100,100,140
260,101,101,139
260,101,101,140
260,101,102,140
259,101,103,141
259,101,105,141
259,102,107,140
260,102,106,140
261,100,103,141
260,101,105,142
260,102,106,140
261,103,107,142
259,104,112,140
261,101,106,137
264,103,104,140
259,107,118,143
263,102,107,137
264,102,106,142
264,101,105,142
264,101,105,142
264,101,105,142
265,102,105,142
264,101,106,140
264,102,105,142
264,101,106,139
264,102,105,142
263,101,104,142
263,101,105,140
262,100,104,142
262,100,104,141
262,101,104,142
262,100,104,139
262,100,104,142
262,101,104,140
262,100,104,141
262,100,105,141
262,100,104,137
262,99,103,140
262,99,102,139
262,99,99,137
262,99,96,137
262,98,93,135
262,97,92,133
262,98,91,130
262,97,90,129
261,96,91,129
263,96,90,130
260,97,92,131
261,97,94,133
261,97,95,133
263,98,97,135
265,99,98,135
265,99,100,136
265,100,103,136
266,100,106,137
266,102,106,137
266,102,107,137
267,103,108,137
268,102,108,138
268,102,108,138
268,102,108,139
269,102,108,138
269,103,107,139
269,101,108,139
269,103,107,140
269,103,107,139
269,101,107,141
269,102,106,141
269,101,107,140
270,102,107,142
270,102,109,140
271,102,106,140
272,102,107,140
273,103,105,141
273,102,105,140
274,103,104,141
274,103,102,140
274,102,103,140
273,101,102,142
272,102,102,140
271,101,102,143
269,101,101,141
269,100,100,141
268,100,99,141
267,100,98,141
266,99,98,140
266,98,96,140
265,98,96,140
265,98,95,139
263,97,95,139
264,98,95,138
264,97,94,138
264,97,95,138
264,97,95,139
263,97,95,138
263,97,95,139
262,97,95,139
261,96,96,139
260,96,95,139
260,97,95,138
258,96,95,138
257,97,95,138
256,98,96,138
256,98,95,138
256,98,95,137
255,98,95,137
255,98,95,135
255,99,95,136
254,99,96,137
253,99,96,137
252,99,96,138
252,99,96,137
251,99,96,135
252,99,96,135
252,99,96,133
252,99,97,133
253,99,98,133
253,99,99,135
253,99,102,135
254,101,102,134
254,100,102,134
254,100,102,134
254,101,103,134
254,100,102,134
253,100,103,134
253,101,104,133
252,101,104,132
252,102,104,131
253,102,104,130
254,101,104,130
257,102,105,129
258,101,105,129
262,101,105,129
266,101,105,130
271,102,106,130
275,102,106,131
280,104,105,132
284,105,105,132
288,104,105,133
290,105,105,133
291,105,105,133
292,105,104,133
292,104,102,133
293,104,101,133
293,103,96,130
294,102,93,127
295,102,90,125
295,102,89,124
292,102,91,122
291,102,91,121
290,102,91,121
290,101,90,122
288,102,91,124
289,102,90,124
287,101,90,126
288,101,89,125
286,102,90,126
285,102,91,125
285,102,90,125
284,102,90,124
283,102,90,124
282,101,89,123
282,102,90,124
281,102,89,124
280,101,89,125
279,102,88,125
276,101,89,124
274,100,87,125
272,100,86,125
270,100,90,124
266,99,95,125
263,100,99,124
260,101,104,124
256,101,111,122
255,101,114,120
255,101,116,118
255,100,116,119
256,100,116,120
256,101,116,120
259,101,117,121
259,101,116,119
260,101,115,120
262,102,115,120
263,101,113,121
263,101,114,121
264,101,113,121
264,101,112,121
264,101,112,122
265,101,112,123
265,101,111,124
266,100,110,124
267,100,110,124
267,99,109,125
268,100,109,125
269,99,108,125
269,99,108,125
271,99,108,125
273,99,107,127
274,98,106,128
276,99,106,128
279,99,106,129
283,101,104,130
285,100,105,131
287,102,106,132
289,102,106,133
291,103,105,133
292,104,105,135
291,103,105,137
291,103,104,136
290,103,105,137
288,103,103,135
287,103,103,136
286,102,99,136
284,101,97,136
280,101,97,135
279,100,93,133
278,100,90,134
276,100,91,134
273,100,92,134
272,100,90,132
270,100,90,133
268,101,91,133
266,100,90,134
264,101,92,135
263,100,91,135
262,102,92,135
261,101,91,136
261,102,91,137
260,102,91,133
260,103,92,136
260,102,91,134
260,104,92,137
260,102,92,136
261,103,92,136
261,103,92,136
261,103,92,136
262,103,91,134
264,101,90,133
263,102,90,133
264,102,91,132
265,101,91,133
265,102,91,133
263,101,92,134
263,101,93,134
263,101,93,133
264,100,87,135
261,101,89,136
259,101,90,137
260,101,92,136
258,102,94,136
257,103,96,138
257,104,97,138
258,104,97,138
258,105,98,138
257,105,98,139
257,104,99,138
258,105,98,138
258,105,98,137
258,105,99,137
258,105,98,136
259,105,98,135
259,106,98,135
259,105,98,134
259,106,98,134
258,105,98,134
258,106,97,134
259,106,97,134
258,106,97,134
258,105,97,134
258,106,96,133
259,106,97,134
258,106,97,133
258,107,96,134
258,106,97,133
259,106,96,134
258,107,96,133
259,107,96,134
258,106,96,133
258,107,96,134
258,106,97,134
259,107,96,134
258,107,96,134
258,106,96,134
258,107,96,135
258,106,97,135
258,106,97,135
258,107,97,135
257,106,97,135
257,106,97,135
257,105,97,135
257,106,97,135
257,106,97,135
257,106,97,136
257,106,97,137
257,106,96,137
257,106,97,138
257,105,97,137
256,106,97,138
257,105,97,137
256,105,97,137
256,105,97,137
256,106,97,138
255,105,97,137
256,105,97,138
256,105,97,138
256,105,96,139
256,104,97,140
255,105,98,141
255,104,97,141
255,105,97,141
255,104,98,141
254,105,98,142
254,104,99,142
254,105,99,142
254,105,99,142
254,104,98,142
254,105,98,142
255,105,99,142
255,105,99,142
254,105,99,142
255,105,99,141
255,106,99,142
256,105,99,141
256,105,99,141
255,104,99,141
256,106,99,141
256,105,100,142
256,105,99,142
256,105,100,141
256,106,99,141
255,105,99,141
255,106,99,141
255,105,98,140
254,105,99,140
255,105,99,140
253,105,99,140
253,105,99,140
253,104,99,139
252,104,99,140
252,104,99,140
251,104,99,139
251,104,99,139
250,103,99,139
251,104,99,139
250,104,100,139
249,104,100,139
249,104,100,139
250,105,100,138
249,106,102,139
249,108,100,138
250,105,99,138
250,110,103,138
249,106,99,138
249,111,104,138
249,106,99,137
249,105,100,139
249,108,103,141
249,108,100,140
249,108,101,141
250,106,98,139
250,105,99,139
250,105,99,139
250,105,99,138
250,105,100,138
248,108,104,138
244,101,112,150
251,103,102,147
247,102,108,144
241,98,113,154
246,96,108,154
236,97,115,147
242,97,111,152
242,95,106,149
240,95,116,152
235,98,124,153
233,94,121,155
237,98,119,152
237,98,116,145
241,100,109,151
237,97,115,152
235,98,115,150
245,101,105,148
236,98,117,152
233,100,124,150
241,102,109,154
236,99,112,156
