144,142,1017,388
232,132,854,392
336,128,648,412
407,125,569,420
434,130,527,421
471,145,508,410
358,156,629,411
244,169,792,396
203,189,917,376
106,193,1070,373
65,203,1044,366
48,181,1111,382
72,162,1036,399
127,143,904,412
212,126,711,428
298,111,503,439
400,102,313,431
504,90,321,444
463,86,411,440
379,84,651,430
274,93,885,413
190,111,1045,393
147,118,1118,385
181,116,1086,385
183,80,1029,420
240,50,863,454
340,28,617,478
429,18,347,493
399,24,344,498
294,14,418,506
121,26,689,483
1,45,901,461
1,79,977,415
1,103,992,366
2,102,1052,390
1,63,1045,409
12,42,958,454
137,4,820,552
274,10,603,567
297,29,495,540
294,29,517,628
285,45,537,623
230,66,612,613
121,101,815,587
29,140,999,561
1,180,1076,536
2,217,1129,500
1,210,1167,511
1,166,1171,554
71,103,1065,575
187,26,856,656
253,2,652,674
290,2,610,667
320,1,590,673
351,1,578,672
200,1,827,673
107,44,1080,625
65,98,1213,578
67,111,1165,567
103,20,1175,656
184,2,900,675
297,2,643,669
332,3,589,670
306,1,596,664
286,1,612,656
269,1,668,647
247,4,853,621
114,1,1114,605
1,1,1054,581
1,1,908,566
78,1,837,550
209,1,716,536
242,1,694,532
232,1,712,539
236,1,719,546
229,1,731,540
242,5,890,525
257,1,711,493
264,1,710,530
270,1,699,560
15,1,945,572
113,1,838,566
215,1,661,558
184,1,667,570
177,1,662,575
165,1,652,557
177,1,791,469
169,3,968,574
160,2,686,659
1,1,1279,716
1,1,1205,719
111,1,957,716
261,1,642,715
360,78,470,641
383,1,498,718
409,3,405,687
403,5,426,680
361,34,513,647
337,89,637,611
348,157,725,461
348,225,769,490
299,274,822,447
215,314,926,379
161,363,982,284
141,316,1008,284
162,259,978,323
176,182,916,372
201,135,819,439
225,27,704,539
321,1,531,521
411,1,427,553
466,1,353,562
496,1,288,564
518,1,239,546
531,1,221,518
491,1,291,490
472,25,362,480
459,70,398,445
463,88,426,415
444,53,479,443
437,12,507,473
443,2,479,484
478,2,399,501
396,1,540,522
344,1,709,570
280,1,867,619
213,1,937,639
217,1,827,619
268,1,623,593
363,1,409,581
486,2,262,539
475,1,271,492
347,1,413,476
250,3,644,489
211,1,868,504
152,2,1033,502
40,1,1151,552
1,1,1004,556
1,1,922,620
9,1,919,623
141,1,791,624
406,1,582,579
463,1,493,606
270,1,617,545
41,1,902,476
4,1,1061,495
2,1,1023,537
1,1,895,547
1,1,822,567
1,1,768,572
1,1,720,564
94,4,633,595
246,46,496,536
369,1,387,456
265,1,495,422
150,1,613,377
94,1,696,348
60,1,791,404
1,2,946,466
3,1,953,413
1,1,1008,545
1,1,1216,623
1,1,1265,719
1,1,1271,718
5,1,1230,718
24,1,1213,721
3,1,1220,717
1,1,1233,717
4,1,1245,721
1,1,1258,719
1,1,1278,710
1,1,1276,629
1,1,1240,555
2,1,1264,548
1,1,1247,616
29,1,1234,605
317,3,902,551
459,2,697,505
319,1,796,487
180,35,884,543
