323,120,506,266
328,123,487,278
328,134,496,275
319,141,487,277
325,152,480,275
323,152,473,278
326,158,466,275
330,169,472,273
153,159,779,289
330,169,473,286
325,172,500,290
327,180,500,287
208,192,644,274
203,199,640,274
213,184,706,293
139,187,739,289
130,178,793,298
308,187,524,284
316,180,549,284
103,175,721,289
95,175,780,287
111,184,718,285
136,187,688,288
262,194,410,284
360,200,274,280
212,171,688,308
406,187,317,287
216,171,608,287
312,162,458,291
440,152,357,289
457,152,372,274
504,138,353,274
533,114,358,281
538,108,345,279
557,99,378,281
567,90,407,286
561,96,429,281
560,86,544,297
328,88,735,301
348,105,521,294
581,111,293,299
661,115,205,299
363,109,506,312
657,120,211,303
658,117,215,306
662,129,218,295
706,110,218,309
763,91,216,320
777,94,222,307
773,70,228,325
650,1,345,391
728,69,238,332
732,3,219,408
586,2,357,421
559,19,417,415
517,25,509,418
627,55,478,393
616,65,515,399
635,87,489,394
581,1,524,502
558,1,608,525
597,1,675,538
652,1,603,554
671,1,608,575
743,1,506,587
732,1,468,608
575,4,705,614
413,78,866,556
625,1,657,649
856,1,361,672
807,3,371,696
447,186,830,531
