504,380,104,174
405,392,157,132
337,405,183,94
275,417,196,81
267,411,164,132
292,406,125,157
269,413,120,188
217,416,133,191
100,418,179,169
13,431,211,141
1,451,163,85
1,448,119,84
1,441,78,81
1,493,10,9
0,0,0,0
0,0,0,0
0,0,0,0
0,0,0,0
0,0,0,0
0,0,0,0
0,0,0,0
0,0,0,0
0,0,0,0
0,0,0,0
0,0,0,0
0,0,0,0
0,0,0,0
0,0,0,0
0,0,0,0
0,0,0,0
0,0,0,0
0,0,0,0
0,0,0,0
0,0,0,0
0,0,0,0
0,0,0,0
0,0,0,0
0,0,0,0
0,0,0,0
0,0,0,0
0,0,0,0
0,0,0,0
0,0,0,0
0,0,0,0
0,0,0,0
0,0,0,0
0,0,0,0
0,0,0,0
0,0,0,0
0,0,0,0
0,0,0,0
0,0,0,0
0,0,0,0
0,0,0,0
0,0,0,0
0,0,0,0
0,0,0,0
0,0,0,0
0,0,0,0
0,0,0,0
0,0,0,0
0,0,0,0
0,0,0,0
0,0,0,0
0,0,0,0
0,0,0,0
1,545,22,20
75,471,58,54
132,470,45,42
124,467,47,46
119,469,46,49
115,478,38,48
109,492,33,42
104,491,33,46
100,489,43,44
92,467,72,41
94,465,73,40
88,472,69,48
79,485,53,54
82,511,24,40
81,516,29,36
89,518,27,30
104,517,32,34
107,515,34,33
118,522,27,27
119,520,31,30
125,511,30,29
145,515,40,26
158,510,42,31
167,515,33,26
169,522,33,26
180,523,25,32
188,518,29,29
216,509,27,23
228,494,35,24
238,487,34,26
239,480,38,22
250,484,33,22
251,494,22,13
257,476,27,16
267,459,36,19
277,453,27,24
280,456,34,22
289,456,24,26
292,448,27,26
313,442,19,26
322,434,28,21
335,430,26,17
339,428,25,18
344,441,21,15
350,453,12,12
352,447,14,20
358,443,26,16
363,444,26,23
363,448,25,24
360,457,27,23
358,467,26,27
355,474,26,29
353,479,30,30
351,486,28,29
351,488,25,32
349,493,25,30
349,495,26,28
346,498,30,32
349,502,26,31
351,507,25,29
351,508,27,29
350,506,28,33
357,485,41,25
354,396,69,24
340,316,46,63
316,269,7,57
240,306,64,28
225,332,69,42
237,337,55,60
238,349,50,56
245,354,48,58
253,356,48,42
248,357,58,26
257,358,74,8
249,342,62,22
254,337,60,30
254,337,58,29
255,330,55,31
254,334,57,33
255,334,57,30
268,339,50,23
263,338,55,26
271,355,50,11
281,364,39,10
295,354,31,37
307,358,14,42
315,356,6,50
317,355,8,57
319,357,10,59
307,356,22,72
305,354,31,68
305,359,34,61
311,359,29,59
308,358,32,70
313,360,27,69
314,357,21,64
318,354,21,38
329,356,14,11
336,327,16,37
347,310,19,47
363,307,15,41
398,306,7,50
404,310,8,68
397,310,5,68
369,294,25,89
349,289,18,57
347,285,20,64
354,288,25,73
369,292,15,74
377,288,18,86
391,286,16,94
401,284,14,92
411,280,12,84
412,285,14,77
402,283,21,83
393,287,23,86
387,288,19,83
384,286,16,89
379,289,14,85
376,287,12,87
374,282,9,88
367,278,21,92
364,274,31,78
365,273,37,81
367,270,39,86
371,275,34,84
375,276,29,85
375,278,25,79
377,275,26,79
382,273,28,75
389,269,33,80
403,266,33,85
420,267,30,87
433,273,22,87
429,278,17,84
410,281,20,87
379,295,35,68
357,290,49,71
325,273,51,93
286,261,66,98
271,262,57,91
268,257,39,98
261,248,39,102
247,244,52,95
245,241,55,90
257,242,48,97
280,243,43,100
305,249,39,94
330,257,46,90
343,258,60,93
351,264,52,93
343,266,41,96
320,261,43,93
302,256,55,100
290,256,76,87
271,262,95,73
265,257,86,82
274,255,67,94
285,254,45,99
274,254,60,100
