766,433,394,79
772,436,409,20
791,348,420,124
821,294,419,206
822,318,374,161
822,306,353,180
884,308,261,191
917,370,182,122
870,371,163,116
845,351,125,124
819,342,64,128
776,458,16,8
731,281,178,175
712,435,16,13
694,371,236,72
693,389,267,49
811,305,109,60
797,276,40,56
805,287,72,46
783,262,90,73
765,247,49,83
749,256,18,62
0,0,0,0
0,0,0,0
0,0,0,0
661,227,14,59
543,116,159,192
522,160,189,159
556,225,203,134
617,265,161,110
641,276,171,96
675,267,112,103
729,273,82,110
0,0,0,0
0,0,0,0
787,413,32,21
830,413,26,39
850,422,29,30
875,436,20,31
874,435,11,9
871,427,169,9
876,434,182,10
880,431,194,31
884,425,219,61
890,411,265,88
1008,437,189,46
1019,419,202,11
1014,400,216,11
1028,394,217,12
1042,397,208,10
1010,372,243,17
1010,308,191,49
1029,198,149,105
981,152,79,129
0,0,0,0
0,0,0,0
905,364,11,24
919,355,30,51
915,391,16,18
921,391,15,15
899,373,45,60
907,386,28,45
904,376,25,46
906,384,21,36
906,384,16,46
898,364,12,53
887,349,17,61
854,338,18,19
898,308,80,15
837,261,99,46
792,264,141,65
756,384,161,6
585,382,242,89
633,411,140,52
613,415,136,34
586,419,131,53
568,424,126,70
564,425,133,57
558,425,148,40
556,414,160,39
564,413,153,52
574,424,128,73
576,421,91,97
583,428,85,102
605,321,29,45
0,0,0,0
0,0,0,0
615,401,32,22
578,400,64,25
572,406,55,18
569,400,55,24
583,400,37,16
571,405,48,17
498,258,21,50
498,282,29,45
518,282,32,47
505,310,38,38
544,308,29,41
542,307,33,38
529,319,38,18
325,305,53,27
369,242,22,29
440,176,42,154
472,168,36,152
444,169,70,139
415,200,96,102
404,223,96,73
383,236,59,39
334,265,88,29
337,302,68,7
329,300,73,8
311,280,107,18
338,293,84,7
338,299,68,5
329,300,71,15
309,304,75,19
291,296,78,29
269,310,82,51
267,327,74,77
285,346,45,93
261,345,55,87
240,341,46,59
176,329,83,82
146,324,83,87
140,313,81,83
155,310,47,42
0,0,0,0
18,282,116,22
90,180,17,77
122,136,65,108
83,137,87,187
65,167,43,199
55,184,36,156
29,184,47,171
8,176,56,175
1,180,44,181
11,200,15,70
1,204,13,65
0,0,0,0
1,322,26,73
2,206,28,186
31,226,23,177
58,225,18,144
0,0,0,0
128,236,15,130
0,0,0,0
178,239,24,109
187,243,19,109
199,245,18,89
218,233,12,86
228,228,5,104
234,230,7,98
0,0,0,0
0,0,0,0
0,0,0,0
0,0,0,0
0,0,0,0
0,0,0,0
0,0,0,0
0,0,0,0
0,0,0,0
0,0,0,0
0,0,0,0
0,0,0,0
0,0,0,0
0,0,0,0
0,0,0,0
0,0,0,0
0,0,0,0
0,0,0,0
0,0,0,0
0,0,0,0
0,0,0,0
0,0,0,0
0,0,0,0
0,0,0,0
0,0,0,0
0,0,0,0
0,0,0,0
0,0,0,0
0,0,0,0
0,0,0,0
0,0,0,0
0,0,0,0
0,0,0,0
0,0,0,0
0,0,0,0
0,0,0,0
0,0,0,0
0,0,0,0
0,0,0,0
0,0,0,0
0,0,0,0
0,0,0,0
0,0,0,0
0,0,0,0
0,0,0,0
452,337,139,7
424,324,141,30
404,315,141,49
386,323,142,32
377,326,111,22
396,325,76,23
0,0,0,0
0,0,0,0
0,0,0,0
0,0,0,0
0,0,0,0
0,0,0,0
0,0,0,0
0,0,0,0
0,0,0,0
0,0,0,0
0,0,0,0
314,289,10,23
241,194,53,101
0,0,0,0
0,0,0,0
0,0,0,0
0,0,0,0
285,212,42,120
281,231,31,84
0,0,0,0
0,0,0,0
0,0,0,0
0,0,0,0
0,0,0,0
0,0,0,0
205,182,17,127
0,0,0,0
203,187,9,121
198,198,28,114
178,229,79,119
175,272,101,64
0,0,0,0
140,266,32,53
128,248,55,81
172,310,30,41
0,0,0,0
237,356,26,36
251,355,16,18
0,0,0,0
182,261,133,75
164,222,188,92
0,0,0,0
320,254,176,6
563,216,141,50
540,209,48,59
528,178,69,83
527,161,80,124
489,277,74,69
445,351,42,86
0,0,0,0
396,348,30,91
401,369,7,71
373,368,43,60
369,364,48,66
369,357,107,82
370,354,153,63
378,351,178,53
404,353,159,38
412,362,165,52
424,367,129,59
428,368,134,91
443,369,141,119
464,368,141,95
519,363,110,8
543,259,66,87
541,235,56,125
513,323,94,69
477,364,129,133
491,381,54,130
521,377,81,118
614,327,103,9
612,230,146,58
594,277,125,5
518,263,133,7
0,0,0,0
0,0,0,0
0,0,0,0
0,0,0,0
0,0,0,0
0,0,0,0
0,0,0,0
600,200,15,88
533,273,113,75
521,357,10,122
477,380,59,128
548,365,44,159
649,326,34,46
649,236,90,21
622,127,82,131
0,0,0,0
0,0,0,0
563,437,31,45
561,451,18,16
585,302,118,210
585,405,27,47
599,397,26,50
607,395,21,41
608,381,29,63
0,0,0,0
606,392,28,95
614,406,21,81
624,395,6,101
0,0,0,0
606,374,10,137
586,374,33,122
553,376,62,124
545,373,57,138
539,369,60,139
539,368,59,135
537,366,60,140
541,371,41,126
537,374,48,131
535,378,49,128
527,392,56,116
515,393,56,114
506,383,59,125
497,389,66,113
485,390,71,126
484,405,78,103
501,422,66,86
514,423,65,91
517,422,65,95
525,428,56,84
523,433,63,87
527,431,57,83
523,433,62,80
532,416,67,92
538,398,59,90
540,394,58,90
533,391,65,93
520,390,59,93
494,391,63,92
