487,411,105,93
501,418,129,87
499,429,169,84
491,437,191,76
481,441,183,75
475,441,178,74
476,449,173,67
476,449,186,66
475,447,185,76
482,441,175,81
493,434,176,94
498,430,178,93
504,429,173,89
506,429,169,94
510,427,167,99
524,426,161,94
538,427,154,74
549,429,158,77
551,432,153,86
553,435,147,85
539,433,187,110
534,432,207,127
540,456,210,110
542,458,229,82
643,330,154,113
697,161,36,136
684,146,45,73
646,116,153,154
749,348,68,40
0,0,0,0
695,154,24,31
754,123,60,96
759,116,14,92
812,123,21,108
811,159,15,95
805,146,12,68
792,149,6,79
0,0,0,0
0,0,0,0
604,330,59,18
0,0,0,0
674,189,123,31
660,133,140,71
658,133,153,72
658,119,155,84
645,119,161,88
635,124,177,77
635,135,184,72
621,152,206,62
615,147,213,64
617,142,217,61
617,135,231,67
632,143,234,66
659,118,219,89
660,82,223,132
632,74,249,128
607,104,257,92
592,142,257,55
579,152,263,50
585,154,255,48
591,143,257,61
589,139,260,53
578,156,270,47
571,178,285,81
608,189,278,94
684,219,154,64
729,220,185,15
0,0,0,0
509,104,29,155
492,27,60,192
381,130,105,44
418,81,83,106
634,377,4,7
0,0,0,0
0,0,0,0
613,409,8,14
600,371,124,36
592,312,162,65
611,318,18,9
589,264,16,11
566,199,15,12
530,73,86,118
399,137,126,31
371,144,165,71
0,0,0,0
0,0,0,0
0,0,0,0
0,0,0,0
481,208,43,28
0,0,0,0
0,0,0,0
0,0,0,0
0,0,0,0
0,0,0,0
0,0,0,0
0,0,0,0
0,0,0,0
0,0,0,0
0,0,0,0
0,0,0,0
0,0,0,0
0,0,0,0
665,487,12,14
687,490,10,12
659,488,218,51
707,464,224,49
718,365,198,32
740,291,140,25
661,185,62,51
636,126,16,63
563,129,60,75
0,0,0,0
769,134,61,96
696,89,62,134
714,118,45,77
745,96,83,131
0,0,0,0
574,397,46,17
0,0,0,0
0,0,0,0
0,0,0,0
811,87,31,132
813,125,12,128
793,169,56,126
793,164,50,138
784,168,36,127
782,164,33,137
787,164,27,139
781,179,21,129
767,191,24,127
763,206,28,120
798,271,15,22
807,257,9,6
811,212,100,28
802,179,116,70
759,123,57,120
0,0,0,0
745,229,73,86
749,203,33,107
774,262,19,79
762,292,63,68
776,333,128,7
781,260,83,16
681,134,79,79
725,122,28,72
769,158,36,52
758,191,60,66
764,200,50,61
773,222,96,56
803,246,108,52
0,0,0,0
0,0,0,0
0,0,0,0
0,0,0,0
0,0,0,0
782,400,10,10
0,0,0,0
742,369,151,27
788,285,44,77
794,283,49,14
702,246,118,10
0,0,0,0
579,249,45,28
625,242,5,34
536,241,82,28
666,223,60,10
613,221,130,36
625,203,28,32
0,0,0,0
0,0,0,0
727,186,30,39
630,201,154,94
593,163,135,114
589,173,33,95
596,278,17,12
553,165,91,84
0,0,0,0
0,0,0,0
716,343,10,27
781,321,42,98
0,0,0,0
688,130,110,85
541,219,79,44
505,317,71,26
592,361,18,7
0,0,0,0
0,0,0,0
0,0,0,0
0,0,0,0
0,0,0,0
776,385,47,67
759,374,129,86
776,377,132,30
777,376,118,24
770,364,119,38
762,359,102,23
758,358,122,30
756,363,83,18
736,361,102,22
707,365,110,29
654,365,125,39
623,364,127,38
603,359,131,40
589,360,132,33
565,369,134,28
535,379,114,47
508,385,126,85
493,386,136,83
483,390,144,55
473,388,129,51
472,390,88,44
459,397,35,21
445,398,65,58
435,401,53,60
423,408,55,31
418,404,71,37
416,406,87,39
413,403,93,39
412,410,72,43
400,414,105,74
380,416,140,81
359,401,181,54
394,345,94,55
388,175,68,133
304,123,88,164
171,103,136,88
125,142,252,76
131,162,251,61
148,189,245,41
153,193,254,38
157,198,253,38
165,198,250,41
174,203,255,42
193,202,244,43
203,200,240,41
215,187,235,52
244,174,226,75
272,180,213,46
344,208,162,38
366,232,178,43
564,261,20,17
650,369,3,4
629,295,58,96
0,0,0,0
0,0,0,0
0,0,0,0
0,0,0,0
0,0,0,0
192,539,136,42
0,0,0,0
302,236,94,68
546,124,168,194
597,101,240,177
563,1,190,245
577,24,97,197
568,97,61,121
540,107,63,160
417,149,44,50
480,146,56,126
516,149,38,161
546,175,24,137
551,141,74,154
548,222,77,111
541,308,108,76
520,372,146,47
476,376,167,87
483,385,153,101
506,398,157,95
540,403,146,60
547,384,132,36
547,376,131,19
536,384,137,15
526,400,39,31
506,412,105,80
466,419,129,135
433,426,140,154
413,445,148,148
402,464,161,124
377,463,184,102
338,459,209,119
294,459,241,169
267,481,238,205
236,529,253,166
183,542,276,167
166,555,201,166
155,546,185,175
175,536,211,181
225,526,251,193
199,515,305,188
240,533,254,150
329,477,22,20
397,281,8,130
373,276,47,105
363,259,61,129
356,255,70,135
352,253,69,133
358,253,67,125
362,252,61,129
367,252,58,125
373,254,51,122
383,250,46,128
397,269,44,125
415,274,44,123
432,228,82,125
460,134,99,157
495,89,77,198
452,103,123,209
488,196,95,68
0,0,0,0
501,92,33,95
0,0,0,0
0,0,0,0
0,0,0,0
0,0,0,0
537,96,89,121
0,0,0,0
618,314,98,20
621,329,56,77
548,299,52,60
448,212,114,19
424,158,129,22
459,101,117,53
598,31,5,151
604,136,37,65
600,141,50,66
0,0,0,0
0,0,0,0
0,0,0,0
0,0,0,0
442,94,112,76
587,137,91,80
617,233,116,34
595,223,120,88
564,325,128,30
550,345,148,49
536,314,150,64
590,322,100,54
592,346,161,33
583,357,131,30
587,372,170,34
595,399,175,41
594,398,185,30
0,0,0,0
595,205,54,33
619,103,98,74
490,106,63,70
473,31,94,188
563,28,29,198
587,72,35,177
527,183,78,76
490,213,106,52
510,202,120,111
569,278,79,81
535,358,154,50
617,389,80,168
669,367,106,16
563,264,34,43
318,228,165,36
342,281,145,13
