408,2,325,241
534,106,33,108
1,445,320,62
2,465,239,54
1,546,252,110
415,533,36,99
471,453,349,49
242,85,113,253
296,87,70,269
295,133,111,416
319,432,179,187
411,621,213,46
559,599,233,42
709,441,237,124
779,203,158,289
796,8,31,417
711,1,90,389
712,5,74,398
732,20,33,426
744,69,50,408
751,157,109,346
753,227,177,286
763,113,132,360
746,1,64,409
658,1,134,387
700,1,36,355
685,69,55,421
694,116,46,396
707,96,28,403
680,56,55,427
688,87,53,421
720,145,78,356
813,137,101,342
414,492,155,89
501,477,41,138
341,400,210,131
846,571,239,107
825,173,116,288
739,114,49,332
608,156,32,54
666,190,13,32
717,173,13,38
749,177,25,130
745,115,34,194
734,111,41,217
729,104,45,228
741,97,38,229
727,76,88,276
575,1,292,249
536,2,182,127
590,1,28,30
0,0,0,0
534,27,18,44
488,1,34,159
407,1,173,113
591,414,324,29
0,0,0,0
0,0,0,0
0,0,0,0
262,287,396,194
0,0,0,0
24,1,26,118
19,1,60,253
281,1,91,209
521,1,27,209
655,1,44,161
713,1,52,153
709,1,43,216
706,1,23,269
650,1,52,278
634,1,48,267
608,1,62,266
568,1,113,269
535,1,179,355
545,97,176,267
0,0,0,0
408,74,397,154
799,130,133,130
0,0,0,0
779,473,27,27
901,125,262,149
564,1,328,219
663,1,115,261
729,61,32,232
749,94,24,213
704,63,26,370
656,10,63,401
648,1,70,311
685,40,47,243
718,41,25,226
729,46,21,261
742,48,17,268
775,44,14,284
679,72,20,159
876,529,24,26
1118,564,162,31
922,160,122,242
952,63,35,399
942,153,72,348
0,0,0,0
0,0,0,0
0,0,0,0
0,0,0,0
0,0,0,0
837,121,44,95
775,440,43,146
705,609,66,111
1009,115,16,32
924,107,67,149
865,71,69,163
772,18,47,235
685,1,54,174
643,1,45,180
619,1,49,182
606,7,64,182
608,8,68,204
625,5,55,212
642,2,32,205
660,1,25,219
685,16,11,215
697,23,11,203
715,41,16,191
732,48,17,177
731,47,11,148
717,42,16,146
705,33,12,142
694,19,10,166
671,10,8,133
650,1,11,36
643,1,12,35
639,1,12,36
635,1,12,35
648,1,12,40
653,1,16,52
639,1,49,121
632,4,103,142
630,1,154,129
648,6,156,115
644,1,136,138
685,16,44,155
714,4,37,354
718,359,76,74
715,448,106,110
729,457,70,189
754,459,19,178
771,448,14,33
795,425,14,26
827,177,60,223
861,29,24,324
861,1,6,257
854,1,7,229
860,1,9,201
847,1,24,200
842,1,34,209
814,1,59,239
807,1,25,176
817,26,14,140
832,69,41,132
835,58,42,161
815,10,16,213
761,1,50,192
728,1,47,160
726,9,9,20
739,2,12,32
764,1,44,191
763,322,12,13
762,29,113,331
775,40,52,323
760,13,35,347
721,14,86,345
744,20,37,149
782,6,20,176
790,2,16,166
776,1,24,150
744,1,102,286
717,1,119,289
713,1,113,297
727,1,40,123
750,1,10,20
770,1,8,20
772,1,81,308
776,1,105,287
786,1,91,283
824,3,15,234
842,12,24,175
859,2,11,257
835,1,55,309
783,1,83,301
728,1,70,305
643,1,82,319
698,307,13,13
522,38,217,235
681,10,80,217
714,10,43,108
369,410,194,86
0,0,0,0
0,0,0,0
0,0,0,0
638,3,124,244
857,1,43,85
0,0,0,0
486,379,240,176
735,123,85,276
453,418,311,24
991,411,228,130
1064,58,185,35
640,1,232,51
696,6,170,277
0,0,0,0
0,0,0,0
475,483,282,143
537,436,218,57
987,409,18,12
882,359,231,81
922,103,264,153
810,1,133,184
724,1,52,157
681,1,18,109
643,1,9,128
611,1,8,125
594,1,26,99
578,1,31,76
567,1,26,59
512,2,46,42
0,0,0,0
0,0,0,0
0,0,0,0
522,1,34,22
0,0,0,0
590,1,19,95
593,2,35,75
581,1,47,65
585,3,49,58
596,1,90,115
603,1,87,119
605,1,87,123
605,1,91,125
612,1,85,117
620,1,82,120
627,1,47,62
629,1,77,118
632,1,74,117
631,1,39,65
626,1,42,70
626,3,39,83
645,1,45,205
684,1,24,325
698,181,71,219
697,258,113,152
714,285,109,101
726,333,86,73
737,410,76,71
740,403,105,102
762,386,93,63
782,293,75,128
793,398,12,24
864,157,77,65
868,108,55,56
0,0,0,0
0,0,0,0
820,398,18,28
808,396,36,237
826,400,40,264
821,417,52,241
815,435,17,213
786,454,40,157
768,447,39,151
0,0,0,0
0,0,0,0
819,42,133,161
788,15,135,181
763,4,98,194
755,11,64,204
756,21,22,211
746,23,53,265
758,29,76,257
740,15,85,242
756,25,41,226
770,7,25,218
770,1,16,227
774,22,12,221
780,19,29,244
784,14,49,266
764,1,62,256
752,1,52,244
757,4,7,179
737,48,8,330
737,68,26,323
743,56,21,121
747,14,51,208
743,2,67,262
722,1,80,222
675,1,102,119
648,1,79,90
652,1,42,67
672,1,21,157
668,3,35,209
654,1,37,187
609,2,45,175
578,1,48,145
559,1,58,121
551,1,56,128
562,6,35,148
598,164,16,31
639,1,8,235
664,1,20,228
682,1,12,190
676,1,22,177
671,1,14,181
665,1,18,168
654,62,50,89
670,15,150,126
0,0,0,0
640,411,10,28
632,417,52,264
652,383,35,243
624,360,120,133
649,236,115,117
684,1,20,291
628,1,103,245
597,1,105,196
656,3,44,222
709,1,14,237
722,1,27,308
666,2,102,271
632,1,152,242
647,1,111,256
677,1,22,150
681,1,16,119
662,1,48,141
652,1,57,140
645,1,62,137
638,1,56,135
621,1,77,150
664,1,79,140
0,0,0,0
759,447,14,18
917,479,215,24
794,175,76,140
720,1,94,259
618,1,122,147
619,1,9,93
0,0,0,0
663,382,146,47
786,358,274,172
834,367,343,75
905,243,293,90
903,34,223,219
893,1,115,199
871,1,80,173
845,1,61,153
824,3,54,140
805,1,51,119
793,1,49,117
783,1,49,119
784,3,38,117
777,1,43,129
