606,291,43,273
600,287,44,275
589,285,48,275
585,287,44,271
577,284,39,274
570,284,38,270
564,279,41,277
558,279,40,260
551,275,40,259
548,271,38,271
545,271,40,271
549,270,39,273
554,274,30,194
557,273,29,185
559,274,28,195
562,274,31,194
565,276,40,271
572,278,36,273
575,277,30,271
589,266,15,269
616,245,13,267
613,206,36,267
607,194,53,264
625,204,38,260
656,237,18,265
681,265,22,255
695,277,53,242
719,290,86,216
749,301,79,122
775,309,125,117
807,320,116,80
854,322,62,62
912,319,26,48
960,293,14,9
990,258,37,17
1019,232,43,17
1040,208,99,28
1062,198,119,38
1092,195,106,55
1128,183,83,90
1132,173,101,119
1110,181,138,111
1084,172,170,114
1045,165,182,110
998,157,187,109
951,163,178,111
916,161,107,129
891,99,101,200
878,95,77,200
850,90,69,208
822,152,24,165
795,320,33,41
703,369,124,165
718,381,102,188
678,333,146,72
778,144,69,147
814,25,45,208
786,2,62,150
772,1,77,142
847,20,29,211
837,63,30,201
775,158,75,195
667,350,123,100
623,345,140,141
567,306,160,52
608,224,131,152
620,260,125,110
615,260,138,108
617,286,136,95
612,290,139,97
616,331,116,47
492,272,223,82
