223,119,148,146
230,137,146,131
251,147,136,138
276,151,123,146
371,283,29,19
327,220,51,105
377,392,4,5
343,409,47,41
305,392,78,118
287,394,84,116
270,396,100,92
251,403,100,55
245,402,97,54
237,405,121,86
230,403,116,119
239,404,94,124
247,409,81,119
260,424,69,97
260,418,68,109
264,424,72,113
262,432,83,114
260,433,93,127
262,432,100,131
255,433,120,132
247,434,144,139
240,436,152,139
322,513,65,54
324,504,72,59
248,441,16,12
252,440,72,66
258,439,76,84
257,435,128,129
241,428,163,119
246,425,178,124
257,414,179,141
270,417,178,123
281,414,175,115
292,410,181,111
299,406,193,104
319,404,183,103
335,400,194,97
363,399,183,64
416,404,124,14
453,368,78,41
507,340,11,54
535,313,29,58
531,285,102,102
534,286,129,95
529,261,170,118
528,268,174,104
524,274,184,101
513,283,220,102
488,354,206,45
454,393,210,50
431,387,184,114
414,386,165,122
393,395,167,97
372,396,160,87
351,388,143,105
341,384,144,119
335,382,143,125
328,391,154,119
302,404,166,95
272,410,175,97
250,410,172,123
236,411,168,127
222,413,186,119
225,423,205,77
238,426,202,7
253,345,203,88
258,310,170,118
255,314,148,122
233,367,136,77
229,435,92,14
264,434,41,10
310,363,29,60
351,314,23,90
369,309,24,93
368,326,19,72
372,315,16,85
395,306,23,91
427,309,42,98
423,371,66,54
443,390,66,37
462,396,60,34
461,408,79,28
455,433,48,8
0,0,0,0
0,0,0,0
0,0,0,0
514,416,22,15
514,369,31,67
514,368,31,65
502,378,33,52
480,398,49,34
475,423,46,17
484,424,25,9
495,424,13,8
494,429,14,16
421,438,87,5
442,407,78,25
434,397,95,33
533,453,73,84
0,0,0,0
0,0,0,0
616,243,53,59
624,262,43,31
0,0,0,0
0,0,0,0
665,241,78,112
678,169,59,126
673,170,9,100
581,307,82,50
590,330,117,64
0,0,0,0
727,317,24,26
0,0,0,0
0,0,0,0
0,0,0,0
0,0,0,0
0,0,0,0
803,303,17,16
762,236,86,98
776,252,109,100
800,266,82,64
827,229,71,99
858,199,40,128
861,214,19,112
838,241,13,81
0,0,0,0
0,0,0,0
0,0,0,0
0,0,0,0
0,0,0,0
0,0,0,0
0,0,0,0
0,0,0,0
0,0,0,0
0,0,0,0
0,0,0,0
758,242,58,41
729,182,70,107
717,147,89,114
690,133,112,112
655,101,68,144
622,125,13,130
574,156,28,104
583,167,26,96
609,103,18,155
595,153,4,110
505,150,123,117
649,150,25,155
609,351,80,50
588,365,31,58
604,371,75,60
620,384,7,9
493,159,159,127
548,153,155,101
682,185,95,141
653,295,110,70
597,299,204,70
582,217,96,140
479,154,163,144
580,158,105,118
640,284,65,32
619,191,136,116
710,116,8,159
701,173,28,177
595,260,80,73
554,164,132,129
680,201,11,8
801,76,46,88
836,200,46,54
779,362,76,55
604,373,71,52
0,0,0,0
706,152,159,47
737,58,52,128
0,0,0,0
657,373,44,39
626,378,75,58
0,0,0,0
623,147,53,174
716,179,28,38
0,0,0,0
0,0,0,0
662,235,21,37
657,222,8,69
0,0,0,0
0,0,0,0
0,0,0,0
623,312,119,44
626,349,150,28
644,377,151,10
624,382,156,41
656,388,142,96
720,398,80,94
760,400,37,89
789,411,7,62
793,400,7,60
0,0,0,0
0,0,0,0
0,0,0,0
0,0,0,0
0,0,0,0
842,402,54,80
894,408,5,23
889,414,16,20
887,414,25,32
903,427,39,87
922,428,32,79
952,434,30,50
946,435,58,70
949,439,70,69
965,441,74,68
976,440,72,74
995,434,68,73
1016,441,57,60
1041,432,51,70
1070,442,35,62
1097,460,14,47
1120,447,5,14
1113,440,14,69
1111,445,19,57
1151,448,10,43
1126,448,58,93
1125,447,56,82
1156,439,25,56
1158,439,22,50
1138,448,41,74
1166,450,8,17
1153,460,13,91
1136,456,36,97
1121,451,37,82
1114,453,52,122
1116,460,46,112
1126,456,40,101
1141,450,24,93
1148,445,8,73
1148,440,11,78
