102,132,89,29
101,139,89,29
104,144,86,33
99,153,90,28
101,151,89,30
88,147,91,30
81,149,88,26
74,143,89,27
71,132,92,28
75,124,90,31
77,117,90,35
74,115,94,38
73,117,93,40
71,116,91,43
71,111,97,49
91,106,94,56
100,99,96,55
93,116,103,19
108,96,80,60
113,90,71,60
107,78,72,70
110,73,57,72
114,69,53,66
115,78,52,42
92,92,83,30
80,103,96,24
92,111,91,22
95,113,87,25
99,118,84,23
102,118,83,26
103,121,86,26
109,122,84,26
115,127,81,24
120,128,80,22
125,131,79,19
130,130,78,18
135,126,75,20
135,124,78,18
136,122,78,22
138,126,77,19
135,126,76,20
135,126,77,19
126,126,78,22
125,129,78,20
117,137,87,18
116,136,88,25
132,84,62,73
169,60,19,83
171,61,11,80
150,63,22,78
126,74,44,79
127,115,37,42
108,81,58,78
111,80,52,74
94,86,66,70
96,95,81,55
123,126,69,36
166,159,90,39
139,208,17,18
141,212,45,32
130,214,78,59
124,211,66,72
124,206,61,80
129,203,42,37
137,190,72,12
152,181,63,18
164,183,53,37
186,171,45,41
205,170,25,40
202,167,37,42
199,164,46,25
198,166,49,40
221,171,50,25
255,128,26,32
277,106,9,37
0,0,0,0
0,0,0,0
0,0,0,0
0,0,0,0
0,0,0,0
0,0,0,0
0,0,0,0
0,0,0,0
0,0,0,0
0,0,0,0
0,0,0,0
0,0,0,0
0,0,0,0
0,0,0,0
0,0,0,0
0,0,0,0
0,0,0,0
0,0,0,0
0,0,0,0
170,214,25,21
203,203,18,17
224,177,50,29
297,118,73,49
0,0,0,0
0,0,0,0
0,0,0,0
0,0,0,0
417,177,29,11
430,114,39,69
441,133,12,67
418,151,26,60
417,149,12,71
402,149,12,69
389,144,17,72
393,145,16,70
392,140,15,72
391,154,7,58
362,174,21,48
353,181,19,24
332,137,30,62
363,146,18,28
380,127,27,11
0,0,0,0
373,195,37,65
339,174,48,10
0,0,0,0
0,0,0,0
0,0,0,0
446,80,36,48
430,70,50,72
421,74,20,58
415,85,6,36
416,93,15,37
400,120,46,44
392,126,75,9
0,0,0,0
0,0,0,0
0,0,0,0
0,0,0,0
0,0,0,0
0,0,0,0
0,0,0,0
0,0,0,0
0,0,0,0
0,0,0,0
0,0,0,0
0,0,0,0
95,111,58,68
114,135,59,62
140,136,29,58
151,114,10,75
164,99,10,72
185,113,26,83
193,124,43,70
204,128,40,71
212,107,25,72
195,70,37,59
227,133,16,69
203,172,76,45
183,203,55,39
110,151,68,20
160,81,29,40
182,54,29,62
0,0,0,0
181,71,11,71
184,64,16,71
191,72,15,67
198,82,14,75
201,91,13,60
201,100,9,38
197,102,8,45
199,119,9,51
191,155,18,23
153,186,10,6
99,204,6,9
96,177,22,12
0,0,0,0
0,0,0,0
0,0,0,0
0,0,0,0
0,0,0,0
0,0,0,0
0,0,0,0
0,0,0,0
0,0,0,0
0,0,0,0
0,0,0,0
0,0,0,0
0,0,0,0
0,0,0,0
0,0,0,0
0,0,0,0
0,0,0,0
0,0,0,0
1,321,31,63
19,285,57,96
97,280,81,67
147,273,77,55
170,210,20,95
133,100,35,62
0,0,0,0
0,0,0,0
189,258,68,22
176,232,26,31
32,227,103,67
78,235,13,11
50,171,54,55
119,190,51,23
151,204,15,15
0,0,0,0
112,215,87,13
82,178,87,45
101,123,70,61
203,6,85,111
296,1,77,111
319,14,106,123
266,24,102,132
253,27,121,121
261,98,148,56
239,109,135,52
213,80,120,81
248,56,115,94
344,69,90,83
378,127,22,21
321,110,17,21
210,3,64,135
142,5,97,116
162,1,88,102
217,1,101,108
257,8,82,120
240,25,63,142
199,44,60,147
179,165,53,68
212,260,32,32
265,258,58,102
292,243,142,110
293,233,180,88
239,242,176,103
136,255,150,124
112,250,133,124
127,249,131,107
123,243,126,95
100,231,124,86
69,220,118,83
35,229,102,87
4,227,78,101
1,253,50,70
1,257,43,49
1,268,25,32
0,0,0,0
0,0,0,0
0,0,0,0
1,273,27,33
1,258,46,51
1,249,47,75
1,248,33,78
1,235,43,90
22,239,42,82
59,244,42,65
98,247,41,48
124,246,58,53
