159,376,801,92
289,261,670,198
575,81,198,235
403,201,73,73
562,635,64,69
583,1,96,389
499,6,163,409
444,428,98,83
475,162,143,214
442,4,307,371
473,1,575,716
570,1,172,288
0,0,0,0
771,203,108,510
733,150,156,569
689,178,189,542
627,216,211,504
569,354,231,364
642,677,86,38
724,623,145,82
711,514,124,203
701,439,97,272
666,389,29,185
555,361,24,61
490,564,42,155
453,572,63,139
471,575,61,129
495,597,36,75
529,594,29,75
553,575,41,142
563,548,32,164
549,532,32,167
518,327,26,95
496,334,27,185
486,346,28,192
471,375,80,257
471,392,146,300
462,379,216,336
458,371,268,344
446,377,298,342
416,371,299,349
398,362,291,351
385,369,275,345
379,370,255,350
375,365,222,355
373,350,191,367
392,340,159,336
371,318,171,381
361,328,182,371
359,326,186,376
356,329,218,382
343,347,258,371
333,344,274,372
357,368,294,330
403,413,281,272
391,410,233,239
393,401,194,210
373,413,253,206
342,417,355,224
277,436,382,198
294,441,147,71
