331,388,163,209
343,397,174,178
358,400,211,124
376,394,224,73
386,400,217,69
383,403,208,116
384,411,186,148
384,418,188,155
388,422,196,146
394,424,195,135
397,426,192,139
401,425,189,142
404,423,188,144
405,431,187,140
405,429,184,141
405,430,182,141
415,428,176,150
415,429,175,149
423,426,164,158
426,430,161,163
430,433,138,139
435,432,141,139
438,433,137,137
435,432,141,143
430,433,148,141
424,436,155,153
416,437,166,155
416,429,157,164
415,434,159,156
417,430,169,168
418,430,168,163
416,427,165,165
419,424,163,172
423,424,161,165
424,424,165,160
429,421,156,170
432,421,153,168
439,416,142,160
439,421,157,167
445,425,144,155
440,423,147,155
434,426,151,149
428,432,161,165
426,430,164,168
428,425,159,169
416,424,156,166
400,426,152,166
386,425,166,160
373,429,215,101
363,359,227,67
340,227,135,184
0,0,0,0
283,129,42,224
243,153,56,171
154,329,205,23
360,301,19,216
329,284,182,63
305,128,48,137
184,134,84,149
205,176,54,131
222,201,50,94
222,193,67,105
213,202,82,92
223,212,84,72
236,203,54,86
271,252,20,36
306,280,11,12
326,285,13,13
342,294,14,12
342,289,10,13
335,288,43,9
313,292,56,16
295,297,60,17
267,295,57,29
241,295,57,33
228,195,44,31
209,196,38,25
213,222,10,10
218,243,11,10
217,274,12,9
219,276,12,13
217,285,11,11
208,285,15,12
189,268,18,13
161,265,13,15
147,307,11,14
145,297,29,59
154,315,24,66
177,316,27,94
194,311,46,102
216,329,49,82
238,349,56,70
243,356,59,61
247,351,61,61
251,348,52,65
252,335,43,83
257,373,12,36
0,0,0,0
0,0,0,0
0,0,0,0
236,314,39,100
248,304,48,97
269,310,46,83
276,311,46,75
274,288,50,100
283,287,46,98
283,277,47,109
272,282,66,104
260,288,84,89
253,290,96,93
260,293,81,92
281,298,57,89
303,290,26,102
308,349,16,47
305,371,11,13
313,317,12,46
312,302,9,56
310,245,8,102
304,246,14,115
0,0,0,0
0,0,0,0
0,0,0,0
0,0,0,0
0,0,0,0
0,0,0,0
0,0,0,0
0,0,0,0
0,0,0,0
394,321,10,47
389,311,12,57
381,304,19,66
374,300,23,71
389,365,8,6
389,360,9,10
383,361,9,9
371,280,25,89
355,277,35,87
344,285,26,61
318,283,23,66
292,292,10,58
267,263,6,89
248,267,10,83
242,254,11,106
244,327,5,22
241,240,8,105
245,281,32,67
236,342,52,13
0,0,0,0
0,0,0,0
0,0,0,0
283,313,52,14
281,297,85,21
290,294,82,27
302,293,94,28
318,293,94,24
344,291,96,31
375,313,45,16
390,319,92,19
404,322,105,22
431,322,103,28
461,323,98,28
482,318,88,34
502,341,104,15
522,336,107,23
547,318,119,40
569,316,102,38
590,257,97,91
611,233,40,131
625,208,28,182
623,198,46,185
653,190,59,191
687,177,72,179
698,188,67,144
700,147,24,151
693,182,60,52
813,220,65,56
763,266,67,131
610,358,184,17
526,449,213,96
438,450,86,122
352,408,28,44
296,297,32,79
276,225,51,144
237,207,61,177
203,215,29,159
161,173,80,145
181,155,157,154
490,317,28,21
577,314,115,23
0,0,0,0
318,333,56,15
0,0,0,0
0,0,0,0
648,177,18,106
650,210,15,104
596,237,106,134
561,311,179,54
545,379,189,44
482,392,209,109
455,399,172,144
430,400,190,139
414,399,189,106
394,399,180,104
396,389,190,111
422,397,194,89
453,415,214,65
503,390,178,101
576,394,170,17
623,298,158,67
670,193,84,124
706,149,12,143
712,170,110,68
501,296,64,30
513,382,191,78
800,411,124,106
811,403,8,109
674,332,244,10
867,131,113,144
1107,48,61,190
0,0,0,0
0,0,0,0
0,0,0,0
0,0,0,0
0,0,0,0
0,0,0,0
0,0,0,0
0,0,0,0
0,0,0,0
0,0,0,0
0,0,0,0
1145,260,73,45
1060,270,64,45
1000,265,65,46
955,267,30,24
917,288,59,26
888,287,67,22
861,277,83,23
835,294,85,29
801,285,89,18
788,276,87,33
772,277,101,35
749,285,95,30
653,264,174,37
623,256,158,61
605,209,144,77
479,105,188,159
357,370,46,32
339,387,60,70
0,0,0,0
289,437,68,48
288,400,183,32
389,407,199,23
570,447,94,19
870,415,71,120
1024,390,48,153
1062,387,29,166
1056,404,44,56
1075,417,12,12
838,393,58,16
1065,421,15,14
1151,365,20,17
1249,321,12,11
0,0,0,0
0,0,0,0
1085,456,41,18
1011,443,88,47
971,452,100,52
941,437,110,53
913,430,122,46
897,421,141,57
928,432,131,81
975,447,116,96
1024,464,85,72
1073,469,70,56
0,0,0,0
0,0,0,0
1129,475,40,32
1111,463,64,50
1070,441,107,55
1056,407,139,72
1063,403,138,79
1059,406,124,56
967,407,121,46
816,354,97,21
0,0,0,0
0,0,0,0
0,0,0,0
0,0,0,0
0,0,0,0
906,141,131,61
694,57,108,137
0,0,0,0
0,0,0,0
818,404,11,127
736,374,74,96
666,337,84,32
624,265,83,90
583,260,115,96
531,255,155,108
533,241,167,95
507,283,204,75
477,351,199,59
431,395,170,128
401,410,126,143
420,412,128,129
