589,139,163,493
509,187,348,532
459,254,149,465
427,273,124,446
185,268,393,409
517,197,205,522
599,122,117,538
581,86,273,416
550,99,299,348
554,119,293,316
567,131,326,313
560,137,325,304
556,172,324,309
545,224,392,239
539,216,430,213
550,208,432,223
581,195,453,193
605,170,497,163
656,140,376,319
661,216,188,454
595,157,212,473
510,2,160,478
429,1,177,293
320,198,141,214
312,363,86,226
312,326,157,225
351,319,103,255
367,338,94,254
386,343,89,252
402,349,84,255
407,341,92,251
401,319,94,250
386,285,96,258
373,252,102,263
365,220,112,327
368,202,113,259
369,202,111,259
385,212,103,255
394,226,93,252
403,254,84,239
359,279,115,230
397,254,98,254
391,268,77,229
278,273,184,225
298,280,178,197
313,262,165,195
321,238,170,203
327,245,154,193
