477,248,262,459
397,546,211,172
0,0,0,0
0,0,0,0
0,0,0,0
0,0,0,0
515,645,107,74
576,565,134,154
504,445,174,274
335,329,371,351
512,274,162,420
532,283,188,389
599,307,197,403
578,317,142,368
607,339,119,373
602,372,132,346
506,370,229,283
560,371,169,327
467,367,269,243
478,361,261,256
638,340,104,319
540,327,220,256
593,342,157,304
594,414,127,237
590,472,104,222
587,494,98,209
573,417,153,302
565,399,146,305
557,363,147,315
569,327,136,325
580,300,119,327
603,278,88,344
599,256,92,358
600,227,95,362
638,209,70,339
632,222,132,318
620,234,168,303
611,277,187,262
574,320,250,203
546,340,276,177
509,338,265,174
469,318,292,154
438,293,320,134
432,298,304,149
433,305,311,164
421,308,329,155
419,293,336,161
416,272,349,182
444,229,246,252
478,189,129,361
520,165,82,373
500,129,158,375
528,70,208,435
565,161,238,518
597,472,174,247
671,660,108,58
