266,276,52,62
259,265,54,74
253,267,56,71
247,266,56,73
244,269,51,69
234,269,50,68
228,267,56,66
219,269,56,69
216,269,53,69
209,268,55,73
206,271,52,71
204,264,61,70
200,264,58,77
200,266,55,76
197,264,60,78
197,269,58,76
193,266,62,73
195,278,57,71
194,267,60,79
192,271,60,78
193,277,62,78
194,273,68,73
196,281,65,74
198,272,62,80
199,277,61,78
203,275,65,77
198,270,72,82
200,274,65,80
203,267,63,80
204,272,63,79
206,264,65,84
207,266,59,76
217,268,61,70
220,264,59,62
225,263,56,48
230,259,55,43
241,242,49,50
245,235,46,52
238,242,61,44
233,251,53,69
236,272,38,74
226,278,50,78
214,281,54,81
198,299,54,74
178,303,62,78
160,303,65,83
141,316,65,81
118,309,67,88
99,321,76,91
79,323,74,94
64,326,74,93
55,336,72,91
44,323,69,101
51,324,66,98
57,312,67,101
68,308,73,99
101,308,73,87
135,290,66,87
165,296,61,81
188,288,57,74
196,277,57,77
212,276,53,80
221,268,51,81
222,268,53,84
229,266,47,81
228,266,58,75
229,268,56,80
231,269,54,70
235,270,53,74
243,268,49,76
242,266,53,74
242,274,59,75
248,269,53,72
254,276,49,70
259,267,48,74
263,270,49,74
264,272,52,71
271,271,45,73
274,273,47,74
276,264,45,76
279,271,46,59
277,268,48,75
269,270,56,74
257,276,48,70
240,270,51,69
233,268,49,75
233,272,50,64
234,277,51,51
235,270,44,47
243,264,43,45
249,265,43,39
254,263,46,35
271,267,30,24
281,263,27,24
289,253,26,32
297,247,32,34
306,257,26,66
308,264,36,72
307,275,40,63
311,270,39,71
316,270,35,68
310,278,52,71
309,279,42,73
296,284,45,72
289,288,42,73
282,289,39,74
267,291,49,77
264,292,39,73
252,292,48,81
251,293,43,80
247,297,44,75
243,299,48,78
246,299,40,75
243,301,45,78
246,299,40,79
246,297,40,78
249,302,39,72
251,286,39,78
256,289,44,77
261,285,42,76
265,279,43,78
270,283,41,72
276,276,39,75
277,274,43,79
283,278,39,77
288,272,41,78
285,279,43,73
291,273,38,74
290,273,38,76
291,275,42,76
292,270,40,75
292,277,48,71
294,266,49,83
306,269,39,82
309,270,41,81
311,262,42,86
313,268,45,90
315,263,43,80
313,266,42,78
302,268,51,94
309,261,39,94
305,266,51,98
314,264,46,96
322,260,40,89
331,263,28,77
336,254,27,71
0,0,0,0
0,0,0,0
0,0,0,0
0,0,0,0
0,0,0,0
0,0,0,0
0,0,0,0
398,230,13,29
398,232,29,49
404,253,27,66
411,251,27,70
415,250,26,74
415,246,36,75
417,257,43,72
421,250,27,70
422,259,23,64
418,257,25,60
425,264,21,58
429,262,29,59
430,264,14,45
429,269,15,53
0,0,0,0
0,0,0,0
0,0,0,0
367,250,22,67
351,263,25,67
345,252,25,79
330,247,33,74
326,259,33,75
316,251,36,70
315,268,23,63
307,268,28,54
309,266,18,31
307,257,20,34
306,260,16,27
303,259,18,23
302,259,15,23
302,261,13,26
300,262,10,29
254,257,58,58
255,263,24,76
260,268,19,75
259,257,20,82
248,262,26,61
257,253,19,80
244,263,28,78
249,258,22,69
244,256,28,90
249,262,20,92
238,258,29,81
240,266,25,81
241,264,25,76
237,263,37,83
240,258,31,95
247,256,26,77
243,262,29,78
245,254,28,75
251,258,20,78
246,256,28,71
246,248,30,86
241,256,24,80
235,259,27,67
243,258,23,59
226,258,36,67
229,260,32,66
218,259,39,68
217,254,33,62
222,255,31,71
226,259,20,68
223,248,26,66
225,249,17,33
228,250,17,32
236,243,17,22
0,0,0,0
0,0,0,0
0,0,0,0
0,0,0,0
0,0,0,0
273,214,26,56
278,240,32,38
287,252,35,32
289,238,22,35
289,234,36,83
300,238,32,71
308,263,24,51
0,0,0,0
0,0,0,0
270,250,19,42
264,245,29,81
261,246,28,86
261,232,36,89
253,251,45,81
257,245,40,87
257,247,40,82
260,251,41,79
264,247,39,75
272,251,46,75
293,241,41,84
296,241,46,81
303,239,45,81
306,234,39,83
295,238,50,88
292,217,49,108
