543,395,94,120
584,341,72,130
677,332,31,189
726,335,38,193
743,330,62,199
771,318,36,181
751,358,64,173
761,351,51,197
743,390,55,201
723,418,56,188
742,431,50,141
738,428,103,178
741,467,55,138
746,425,53,154
779,387,62,158
778,373,31,130
783,366,85,119
751,367,38,122
724,358,37,147
726,334,54,145
738,303,22,83
728,293,59,59
772,298,35,68
766,337,79,49
761,385,29,135
758,392,21,148
753,405,69,130
761,409,72,130
764,401,35,142
756,403,28,122
730,392,58,77
717,393,57,96
682,385,67,105
632,378,103,121
659,326,48,129
696,278,76,142
650,97,95,208
620,1,52,174
624,1,55,104
727,1,162,182
722,387,378,127
716,329,301,174
