647,482,244,179
674,493,203,187
698,511,193,181
689,515,204,172
681,487,203,163
674,474,202,157
668,465,194,148
665,452,183,140
657,443,176,131
649,442,182,120
679,477,200,53
767,496,21,27
804,480,20,22
771,293,76,128
754,125,55,217
782,207,43,109
0,0,0,0
587,396,142,52
716,236,80,108
627,214,163,54
1022,84,139,149
706,139,82,95
450,93,103,42
221,269,169,120
527,143,25,44
1,234,313,42
121,205,226,128
395,254,212,97
733,321,105,79
817,316,138,60
765,324,109,51
656,309,76,41
645,292,55,34
650,271,41,36
675,243,33,57
690,192,53,78
503,129,181,105
970,129,290,22
888,1,89,49
820,85,307,29
689,120,140,56
1066,135,216,129
947,106,198,215
542,296,100,91
509,322,61,104
626,335,37,54
706,301,43,35
713,292,80,49
701,253,79,91
690,230,88,116
