184,339,291,86
220,315,278,51
317,136,274,184
649,65,108,310
767,30,17,347
734,2,37,328
700,9,22,293
711,3,23,335
763,76,60,342
759,49,67,345
737,33,36,340
736,37,48,357
702,20,29,347
473,122,155,224
155,245,189,320
215,204,101,345
278,190,25,350
216,215,99,330
162,177,103,383
119,132,92,368
1,101,170,326
1,115,144,319
173,301,66,246
297,317,215,293
332,348,220,279
358,320,242,288
393,368,206,183
279,279,171,240
171,172,144,295
221,241,178,243
325,332,264,211
358,336,247,211
284,280,131,297
251,274,190,355
257,261,201,320
225,231,264,289
209,179,219,334
181,301,101,415
174,497,60,222
182,445,93,274
206,422,111,286
257,366,117,290
311,269,57,385
425,462,157,245
429,375,155,288
428,319,86,301
431,300,58,310
437,302,61,306
460,252,80,348
510,229,127,298
611,230,187,252
617,285,248,250
612,279,245,259
617,275,255,259
611,252,236,280
552,227,88,325
442,241,84,316
414,259,114,264
404,259,128,269
399,246,194,277
406,246,190,270
411,230,159,288
423,224,132,301
409,199,59,371
412,202,57,336
406,188,32,340
426,162,113,324
459,149,105,364
460,148,107,363
471,147,108,357
482,119,54,365
472,104,87,346
472,109,110,339
485,111,97,338
488,108,93,344
454,175,65,341
414,200,57,235
409,256,79,236
414,256,69,245
401,244,111,337
397,217,100,304
394,205,117,348
392,181,73,334
384,149,51,358
383,132,43,344
400,175,49,343
416,296,99,312
410,316,149,317
367,303,247,229
298,281,277,145
