791,301,21,10
800,293,23,10
800,285,23,10
800,277,22,10
797,271,22,10
784,269,29,10
786,268,24,10
779,272,16,11
773,281,19,9
782,292,22,10
799,307,27,12
818,325,29,14
845,342,28,12
865,343,24,22
841,362,31,22
852,396,32,18
874,415,22,16
865,448,36,15
900,460,40,17
959,471,43,17
0,0,0,0
896,407,35,31
799,418,47,23
742,433,39,21
674,449,40,20
615,469,32,21
609,492,29,21
582,505,29,18
571,511,24,19
593,493,29,27
655,466,16,31
706,458,17,28
735,465,20,14
752,447,26,17
778,431,20,15
815,408,21,18
864,387,21,15
909,375,29,13
946,363,26,12
983,355,26,12
1024,348,30,13
1070,339,25,15
1101,329,26,22
1130,325,24,25
1157,328,25,25
1174,330,24,29
1190,337,26,32
1205,344,27,33
1208,353,27,32
1194,369,32,29
1171,391,43,18
1145,399,33,17
1134,409,53,19
1142,419,56,25
1132,424,61,23
1130,419,65,22
1111,407,64,25
1088,396,63,27
1062,379,67,25
1028,341,64,55
952,331,49,43
806,347,54,31
743,352,63,33
705,354,54,34
652,353,47,33
618,357,45,32
592,357,39,31
570,356,32,30
576,355,30,28
595,358,26,25
635,347,27,29
705,323,21,42
751,328,21,35
769,334,22,19
772,333,21,20
767,343,23,18
765,355,23,15
762,367,26,16
769,379,26,12
787,381,21,13
797,380,28,13
809,376,23,13
816,366,26,15
819,350,25,17
869,340,18,21
956,336,23,22
1048,330,19,21
1112,326,42,23
1160,315,43,19
1200,294,47,19
1240,267,40,24
0,0,0,0
0,0,0,0
0,0,0,0
0,0,0,0
0,0,0,0
0,0,0,0
0,0,0,0
0,0,0,0
1167,304,86,45
1114,345,98,46
1000,378,91,41
852,392,80,46
750,420,65,44
680,457,60,48
629,485,47,41
615,476,34,43
621,456,32,38
