450,419,22,15
430,421,21,13
422,417,9,13
416,421,7,11
383,427,14,12
351,426,21,15
370,418,10,19
366,432,13,19
348,436,18,16
364,428,14,16
380,441,10,22
368,448,15,21
353,451,25,21
395,453,20,29
425,464,19,29
429,474,20,25
517,476,26,29
596,477,40,30
639,485,39,31
692,493,43,32
818,486,44,29
884,477,52,35
962,476,50,33
1037,472,44,27
1089,458,42,26
1103,441,22,26
1106,432,20,31
0,0,0,0
1149,420,20,22
1120,409,17,23
0,0,0,0
0,0,0,0
0,0,0,0
0,0,0,0
956,385,17,15
0,0,0,0
891,382,12,13
857,373,13,17
809,371,11,18
0,0,0,0
784,371,12,13
794,370,9,11
805,361,11,14
781,361,9,13
767,361,10,12
761,360,9,11
759,356,11,14
754,355,12,14
736,356,15,9
0,0,0,0
725,350,8,12
728,349,11,10
733,349,10,9
719,346,11,8
0,0,0,0
0,0,0,0
648,355,10,9
619,368,8,8
578,371,11,7
0,0,0,0
521,374,12,7
495,377,11,7
0,0,0,0
0,0,0,0
0,0,0,0
0,0,0,0
352,379,8,12
342,384,11,10
334,387,11,11
331,390,10,7
330,390,11,10
341,391,10,10
346,394,12,12
339,398,12,12
326,400,14,9
340,403,7,11
347,404,10,10
351,404,10,16
349,409,15,13
352,412,9,16
368,413,11,15
379,419,10,14
376,422,11,13
365,425,12,22
337,435,15,16
310,442,20,17
312,444,22,20
362,455,21,26
394,466,24,26
431,478,27,27
