412,325,49,23
0,0,0,0
435,315,33,35
346,341,33,20
402,351,21,13
0,0,0,0
0,0,0,0
0,0,0,0
0,0,0,0
0,0,0,0
0,0,0,0
404,349,55,22
441,339,48,17
478,321,46,16
526,308,44,14
560,297,43,12
585,287,37,18
592,280,36,14
566,273,45,16
0,0,0,0
421,277,45,10
371,284,42,16
328,294,30,8
308,296,39,21
288,308,46,19
271,318,46,25
274,331,35,27
296,343,34,27
329,339,32,24
370,335,27,37
382,344,25,31
399,330,32,29
442,289,25,52
470,348,32,39
478,375,35,39
536,382,49,41
628,386,60,40
700,387,47,42
701,395,51,37
749,394,63,30
816,364,72,31
905,340,71,28
970,314,57,29
997,305,49,26
1011,285,45,26
0,0,0,0
0,0,0,0
0,0,0,0
0,0,0,0
0,0,0,0
741,333,25,20
0,0,0,0
0,0,0,0
0,0,0,0
591,308,26,13
567,319,35,14
527,326,44,17
489,323,43,17
464,316,32,18
427,311,40,14
386,307,40,19
313,317,50,14
301,341,55,22
0,0,0,0
428,377,59,30
447,380,59,28
458,388,39,20
0,0,0,0
465,386,33,25
491,387,49,18
510,388,37,22
0,0,0,0
0,0,0,0
543,375,55,20
568,364,42,21
624,351,36,25
0,0,0,0
657,334,44,17
678,325,49,16
670,311,37,13
580,301,56,18
605,294,24,24
0,0,0,0
445,306,72,25
409,315,55,19
390,328,36,27
384,329,36,33
412,318,38,31
432,320,35,22
462,331,30,30
515,341,25,33
513,352,28,37
492,351,29,35
477,355,42,38
522,357,45,41
607,361,59,43
