292,308,20,12
301,315,20,16
318,324,12,17
322,330,12,14
331,315,11,24
337,337,22,19
355,340,25,21
384,338,27,19
408,341,31,18
432,355,23,17
447,372,28,22
476,381,32,17
517,367,30,16
557,350,29,15
593,345,27,12
636,342,32,10
675,340,23,14
710,338,33,14
745,323,23,14
758,297,17,15
756,282,11,13
0,0,0,0
0,0,0,0
711,249,13,9
692,245,12,8
0,0,0,0
0,0,0,0
0,0,0,0
0,0,0,0
0,0,0,0
0,0,0,0
0,0,0,0
432,255,18,9
425,260,19,8
426,261,7,7
430,261,17,7
423,262,19,6
428,265,19,9
442,265,16,10
443,267,16,9
448,269,13,4
434,271,9,7
432,272,15,11
430,271,22,10
424,269,23,9
425,265,21,8
423,260,9,9
426,260,14,7
0,0,0,0
384,261,14,8
363,266,18,8
0,0,0,0
0,0,0,0
0,0,0,0
251,272,15,10
229,280,15,10
215,287,16,10
227,307,13,17
244,323,13,15
304,339,17,16
340,350,20,20
387,361,26,18
447,358,26,18
471,366,28,16
495,356,20,21
538,362,29,19
544,360,29,18
556,349,29,15
569,332,30,15
