819,513,31,24
812,527,31,20
800,529,33,20
755,528,39,23
706,523,41,38
666,532,41,31
636,535,34,28
631,531,27,28
670,511,33,28
733,492,32,44
801,462,35,57
871,458,33,58
925,454,37,56
962,445,39,47
971,446,31,38
931,464,41,28
919,463,59,26
933,453,53,31
927,451,68,24
904,447,69,28
876,443,50,23
0,0,0,0
0,0,0,0
0,0,0,0
0,0,0,0
655,435,43,39
613,430,31,32
0,0,0,0
0,0,0,0
0,0,0,0
0,0,0,0
0,0,0,0
0,0,0,0
577,432,14,28
0,0,0,0
0,0,0,0
0,0,0,0
0,0,0,0
0,0,0,0
0,0,0,0
0,0,0,0
499,416,16,26
0,0,0,0
0,0,0,0
287,469,24,23
274,496,30,28
262,523,32,22
282,550,30,27
0,0,0,0
422,589,34,26
531,594,41,26
622,594,35,27
699,578,24,29
777,565,26,24
834,557,23,26
897,558,21,22
966,568,16,25
1008,569,16,23
999,553,28,28
975,544,17,25
923,537,23,27
871,544,28,26
809,537,25,22
786,537,23,24
743,543,31,21
701,550,29,26
