624,359,50,29
607,381,49,23
613,388,39,19
636,406,37,19
645,407,24,26
639,423,29,25
654,442,28,19
666,454,26,18
660,458,29,24
0,0,0,0
0,0,0,0
0,0,0,0
0,0,0,0
0,0,0,0
0,0,0,0
536,426,31,13
545,433,39,17
0,0,0,0
0,0,0,0
0,0,0,0
0,0,0,0
351,501,28,23
0,0,0,0
343,541,28,21
357,545,36,26
341,544,42,27
318,530,47,30
371,509,29,27
399,483,44,21
441,458,46,28
0,0,0,0
413,448,53,20
407,456,56,22
392,467,42,17
360,482,50,21
337,500,47,21
320,509,42,21
319,512,32,25
328,507,39,25
353,503,36,34
405,499,32,35
480,512,35,33
0,0,0,0
704,526,22,36
759,534,48,32
812,547,21,12
0,0,0,0
0,0,0,0
830,541,40,23
833,508,54,30
849,486,52,28
860,463,51,29
879,452,46,27
887,437,41,25
882,432,51,24
886,439,52,25
915,434,49,30
