365,523,116,85
318,476,100,116
368,498,60,68
540,481,111,67
491,486,88,65
466,370,62,116
587,419,89,58
630,429,85,55
595,428,86,60
560,337,49,91
647,389,44,45
679,390,58,49
678,398,60,40
612,351,43,56
657,363,34,35
716,372,42,32
740,371,42,35
748,366,37,29
693,355,42,35
684,353,19,30
699,350,25,29
0,0,0,0
0,0,0,0
793,354,30,23
0,0,0,0
0,0,0,0
710,349,15,27
0,0,0,0
645,348,22,16
562,357,33,18
595,346,23,27
496,356,38,26
499,355,29,23
494,352,36,25
484,349,34,25
0,0,0,0
463,349,29,23
341,350,39,25
288,354,25,17
250,358,34,18
149,359,25,21
90,359,39,27
85,367,36,23
68,369,43,28
0,0,0,0
140,374,31,21
137,372,36,27
161,369,25,21
