691,543,120,91
660,546,146,82
786,583,140,89
955,535,215,91
1150,387,129,118
1029,367,160,89
1073,342,155,80
1222,294,58,77
1219,254,61,69
1027,269,78,63
902,321,72,70
857,324,78,62
811,362,55,59
822,434,75,56
769,508,75,55
678,520,53,82
0,0,0,0
0,0,0,0
666,424,63,39
0,0,0,0
0,0,0,0
0,0,0,0
492,424,27,44
0,0,0,0
0,0,0,0
0,0,0,0
0,0,0,0
486,393,41,22
431,356,69,20
384,338,72,21
0,0,0,0
270,388,61,17
221,408,72,33
220,416,77,21
175,416,85,30
195,420,59,25
229,458,60,20
335,505,52,26
500,548,45,35
642,538,28,27
709,540,40,41
838,511,49,59
944,540,37,61
882,578,40,59
649,581,46,59
552,541,49,61
538,510,51,68
489,519,37,74
359,502,39,71
400,502,37,76
481,489,34,71
517,522,49,63
517,550,51,56
521,559,51,51
593,566,62,54
656,563,81,47
716,550,83,43
859,535,91,48
1031,520,87,53
1091,507,73,45
1164,458,64,41
1185,415,61,39
1113,396,46,35
1007,390,39,29
0,0,0,0
0,0,0,0
854,371,34,27
871,370,41,24
883,381,46,34
