776,526,111,95
776,529,110,87
772,525,90,91
0,0,0,0
787,609,58,66
564,576,127,82
494,607,133,106
626,668,55,52
742,595,86,124
512,565,111,115
316,601,157,79
376,616,138,78
375,615,139,77
375,620,138,72
371,622,143,71
371,622,143,71
371,622,143,71
371,622,143,71
370,622,144,71
370,622,144,71
370,622,144,71
370,622,144,71
370,622,144,71
370,622,144,71
370,622,145,70
370,622,145,70
369,622,145,70
369,622,145,70
369,622,145,70
369,622,145,70
369,622,146,70
369,622,146,70
369,622,146,70
369,623,146,70
368,623,146,70
368,623,146,70
368,623,146,70
368,623,147,70
368,623,147,70
368,623,147,70
368,623,147,70
367,623,147,70
367,623,147,70
367,623,148,69
367,623,148,69
367,623,148,69
367,623,148,69
367,623,148,69
367,623,148,69
366,623,149,69
366,623,149,69
366,623,149,69
366,623,149,69
0,0,0,0
0,0,0,0
0,0,0,0
754,400,32,16
657,372,33,22
0,0,0,0
0,0,0,0
621,312,47,20
643,289,43,25
0,0,0,0
669,269,48,19
761,252,32,21
1004,229,35,18
