728,296,13,9
0,0,0,0
723,325,8,6
673,331,10,8
722,357,11,8
774,391,13,10
759,421,14,12
732,440,15,12
670,447,17,15
592,468,17,20
641,413,17,13
595,426,13,11
487,413,12,10
394,409,14,10
0,0,0,0
430,351,11,8
136,368,19,11
68,415,13,8
479,389,9,7
573,379,7,6
578,357,8,6
559,339,5,5
0,0,0,0
0,0,0,0
0,0,0,0
560,194,8,6
539,178,8,4
519,195,8,5
0,0,0,0
0,0,0,0
499,240,4,3
487,242,7,4
487,239,7,4
492,244,7,4
0,0,0,0
0,0,0,0
0,0,0,0
517,255,8,5
537,243,7,3
559,260,8,6
577,293,11,9
584,348,15,13
637,475,21,18
548,560,29,26
348,618,33,24
365,618,15,25
455,631,29,24
487,605,26,24
384,623,30,25
