550,622,44,31
551,622,37,27
568,621,26,26
641,628,18,17
700,613,36,25
696,610,37,28
569,611,38,27
475,610,38,27
466,608,36,27
616,609,35,27
737,612,37,27
718,616,38,27
560,616,38,29
433,618,42,27
464,610,35,29
639,607,37,27
763,605,37,26
681,607,38,29
506,607,37,28
377,607,41,27
413,600,40,28
577,596,36,28
698,598,37,26
706,608,39,26
550,602,37,27
433,587,38,27
403,585,40,26
535,582,29,26
658,584,37,28
733,588,39,26
623,585,36,28
446,581,38,25
323,582,40,25
388,583,40,25
567,586,35,25
699,593,36,25
708,592,35,24
566,579,32,23
449,564,34,22
390,557,34,21
482,565,33,24
602,580,35,25
684,588,36,25
621,582,34,26
497,570,34,24
427,564,34,23
473,567,35,24
603,577,36,25
683,584,36,26
654,585,34,25
510,573,36,26
413,566,37,25
435,567,35,23
571,572,35,24
665,576,35,25
674,577,36,25
548,575,36,24
461,570,36,25
435,569,38,25
572,578,14,21
685,583,37,27
687,583,37,27
541,576,37,27
432,571,37,26
401,570,39,25
532,577,36,24
656,577,37,27
683,580,35,27
545,577,36,26
425,572,38,25
382,570,38,26
535,576,14,25
640,581,36,26
674,580,35,28
546,584,37,25
446,580,38,26
418,579,39,26
558,584,33,25
661,586,36,26
666,583,36,26
519,578,35,25
415,576,37,24
394,575,37,25
518,582,35,23
623,589,36,27
641,589,35,27
511,586,37,25
419,585,38,26
438,588,35,26
605,591,36,25
734,590,37,26
704,593,37,25
546,595,38,27
433,593,40,27
383,593,43,27
383,594,41,27
385,601,39,27
385,605,40,26
392,604,40,27
437,605,35,27
600,605,37,28
741,603,38,29
560,589,38,37
389,586,41,42
517,594,28,35
668,602,38,29
679,596,36,28
501,583,37,33
364,587,38,26
518,595,35,23
705,588,35,26
589,572,34,36
441,574,37,41
434,592,33,16
632,585,36,29
715,578,36,27
483,588,37,30
328,594,36,28
523,583,36,24
711,543,34,23
580,502,37,27
443,476,37,25
531,444,25,24
750,423,36,23
750,407,31,34
569,409,35,30
465,397,37,24
592,395,35,20
698,391,34,22
743,390,34,22
733,393,35,23
734,397,35,22
