606,342,75,39
604,337,73,43
602,351,77,36
579,362,83,38
569,362,84,40
600,366,87,39
613,378,88,43
614,360,91,48
589,346,91,45
595,333,87,47
600,325,88,48
605,342,83,42
603,351,79,41
607,339,79,38
611,340,72,39
604,354,71,38
600,364,71,36
586,366,71,35
572,359,69,36
571,353,68,35
577,364,71,37
585,374,74,39
584,379,80,41
578,376,78,46
564,373,84,44
557,378,82,47
579,386,86,47
603,394,88,48
596,402,92,49
571,409,94,48
553,417,95,49
573,423,95,47
604,427,95,49
606,406,99,53
571,384,105,46
536,379,108,41
508,367,113,43
504,343,115,48
520,347,110,45
530,346,108,40
556,329,107,43
571,324,105,42
575,327,102,41
596,343,102,50
592,364,93,49
583,381,90,51
570,392,90,51
564,391,87,56
583,407,85,39
617,413,84,40
646,428,79,46
664,420,77,45
636,407,72,44
600,391,65,44
605,343,62,45
653,278,72,54
663,276,69,55
636,285,71,51
645,276,62,54
671,280,64,52
679,280,63,55
666,304,71,54
661,299,70,54
681,315,75,54
671,325,77,53
671,304,77,56
670,291,82,57
644,314,82,57
612,325,94,62
618,312,98,60
625,297,90,62
646,296,92,67
622,275,102,62
639,295,105,66
630,297,100,62
636,278,100,65
620,282,87,44
620,297,87,48
644,293,88,53
651,280,73,45
642,276,76,42
648,275,68,52
652,296,59,40
653,326,58,44
651,317,58,44
640,333,58,38
628,338,56,37
623,336,62,32
630,331,64,33
648,323,58,31
648,312,57,26
644,306,46,27
632,306,45,25
628,299,47,23
635,292,40,20
659,292,37,19
668,305,39,17
640,302,44,18
643,296,32,17
649,300,39,18
661,304,19,11
682,285,14,15
683,290,17,13
686,287,18,12
671,287,12,12
671,292,14,14
665,292,13,12
665,295,9,8
674,314,13,16
675,326,11,11
677,332,16,15
676,341,14,12
689,344,12,13
672,343,13,13
676,337,10,9
657,350,13,11
664,339,11,14
661,327,14,11
