386,300,463,164
319,301,467,164
299,290,476,162
305,275,475,163
312,281,471,163
331,270,470,164
365,265,468,163
393,262,467,164
435,268,463,164
453,265,458,163
432,272,451,161
417,268,442,153
419,258,434,152
595,290,247,153
422,403,51,50
397,391,307,67
391,319,383,134
540,305,182,131
430,290,285,85
413,293,307,114
424,298,294,111
402,277,300,114
358,286,267,112
344,302,253,107
396,303,254,108
478,304,250,106
555,281,235,108
631,278,228,107
691,267,218,107
598,296,206,75
555,263,201,108
580,273,189,90
536,256,187,102
555,260,181,100
591,259,170,97
655,232,165,95
638,244,153,91
746,284,155,84
839,331,145,85
894,334,143,82
838,304,134,79
780,287,135,74
759,319,126,68
758,320,85,69
691,308,108,67
688,323,108,52
696,322,104,65
672,319,109,62
687,305,100,63
669,313,101,59
639,314,100,51
615,319,93,52
600,332,98,54
576,339,99,53
591,353,91,49
595,380,89,46
611,387,91,47
611,400,78,41
616,408,89,52
631,400,90,44
641,404,89,43
690,414,35,24
767,427,32,12
0,0,0,0
0,0,0,0
0,0,0,0
0,0,0,0
0,0,0,0
933,439,48,26
917,415,44,32
944,405,47,30
941,399,47,35
894,392,48,27
867,383,56,29
824,381,46,26
784,381,45,22
753,368,47,26
737,365,46,26
722,376,47,24
700,394,47,24
665,402,49,25
646,423,48,21
619,437,41,20
599,451,42,22
601,457,26,16
0,0,0,0
537,435,15,7
520,425,33,13
506,410,42,17
481,388,37,17
473,374,38,18
447,356,38,17
439,330,38,22
428,317,37,17
432,304,39,17
428,292,36,18
437,285,39,16
511,287,34,19
559,289,37,17
647,320,27,10
738,337,34,13
784,359,30,11
809,368,35,20
838,372,30,11
854,378,28,16
855,396,30,17
862,406,24,12
853,412,31,16
838,418,32,18
833,435,27,13
819,439,25,12
817,438,30,10
796,436,27,14
787,439,22,13
782,417,23,16
791,418,27,15
773,409,23,15
745,416,25,12
734,425,19,13
704,419,18,13
680,427,26,10
685,439,27,14
674,438,18,9
669,438,16,10
643,431,14,11
622,431,17,8
607,424,21,11
607,419,18,9
601,411,17,10
588,407,23,12
593,400,26,13
569,392,24,14
577,378,26,18
572,364,17,10
554,350,18,9
549,338,16,8
550,323,9,15
542,318,14,9
525,306,10,9
523,302,8,7
524,277,11,11
532,259,8,10
522,249,11,12
504,237,16,12
500,229,13,10
492,230,11,8
483,222,15,11
472,214,13,6
467,197,11,13
459,181,15,11
