631,369,30,22
639,371,26,19
643,376,24,20
645,377,27,19
645,370,26,20
647,369,27,21
657,354,26,21
673,338,27,19
660,327,27,20
664,329,26,23
665,342,27,21
653,337,26,20
653,343,27,21
648,340,26,20
626,340,27,21
600,334,29,20
606,325,29,21
607,327,27,18
615,317,26,21
640,309,28,21
654,312,31,21
666,311,30,23
673,314,32,22
699,320,31,23
714,337,34,23
712,351,34,23
684,356,33,23
676,342,35,23
668,306,32,26
629,277,36,24
630,277,41,26
636,290,40,27
638,304,39,26
626,300,42,25
630,312,40,26
647,322,42,24
664,357,42,29
658,355,47,25
647,359,45,28
645,369,46,27
633,368,45,26
608,352,51,29
615,348,53,31
615,344,55,29
611,329,54,29
627,329,56,30
638,320,57,34
650,302,59,31
639,294,57,32
642,290,57,34
649,285,52,33
661,280,54,28
666,279,53,30
660,271,52,29
675,265,51,25
670,252,48,28
671,246,39,23
674,259,41,25
685,276,38,24
686,274,40,21
684,275,40,21
684,278,38,18
675,280,41,18
680,282,38,18
683,279,39,19
668,280,39,18
663,282,40,18
672,285,41,16
680,292,38,17
678,293,37,17
674,286,41,16
665,287,38,16
663,290,38,16
663,298,40,16
661,302,39,16
647,308,41,14
634,312,36,15
627,314,36,15
628,315,37,17
640,318,34,14
640,322,33,14
638,323,35,14
641,322,35,14
640,321,35,13
645,323,34,13
652,319,34,13
659,318,37,14
665,318,35,13
667,315,34,13
671,318,38,12
675,318,37,14
676,317,37,15
678,316,37,15
683,319,39,15
685,320,41,15
692,317,38,17
694,313,41,17
698,313,42,17
703,310,44,18
709,307,47,19
711,304,50,25
715,302,55,22
720,300,58,24
718,303,64,28
734,290,66,32
721,288,78,36
711,298,86,38
700,306,88,41
685,306,99,53
674,324,119,64
641,345,131,74
566,351,159,97
458,351,191,121
308,341,274,164
184,276,408,229
186,204,587,265
309,121,674,324
501,206,434,285
520,286,279,219
503,305,233,162
511,303,193,128
518,300,166,107
454,294,208,119
369,285,222,129
279,247,246,143
190,220,266,161
185,237,261,150
236,237,233,130
263,238,223,121
304,243,196,106
329,226,193,110
329,222,196,103
290,228,198,101
283,240,213,108
318,260,199,105
319,264,201,117
350,276,164,118
346,289,183,82
386,329,93,57
406,325,101,57
