617,168,24,17
610,167,18,12
598,164,21,11
586,163,25,13
578,165,27,14
576,164,29,15
578,164,28,14
581,160,31,14
584,162,33,15
586,167,36,17
584,171,40,17
582,172,44,19
578,168,47,22
575,158,50,21
578,144,54,23
581,139,59,24
590,145,63,25
595,154,69,25
594,170,77,27
585,169,85,28
564,153,93,28
538,132,104,31
514,106,115,35
499,89,123,33
491,80,134,34
495,75,146,35
492,78,154,38
480,69,164,37
451,53,169,38
432,41,168,35
416,33,161,37
406,30,155,38
407,37,139,37
415,33,119,36
407,36,98,34
407,37,79,30
400,38,65,28
404,36,51,26
396,33,43,27
394,30,30,23
375,33,35,21
379,39,21,23
366,42,32,18
356,51,28,18
315,46,51,17
290,40,46,18
259,33,43,18
230,44,38,19
223,61,34,21
217,85,33,21
235,101,31,19
253,121,28,21
289,124,26,19
327,137,24,19
358,135,23,19
378,131,21,18
381,123,22,18
374,116,19,19
360,118,18,18
355,120,17,19
353,125,15,17
355,128,16,17
370,130,16,17
385,124,14,18
403,118,14,15
421,115,14,15
430,116,13,14
434,120,11,14
431,128,12,13
418,133,12,16
404,142,9,12
386,146,10,14
369,149,9,13
357,149,9,14
349,152,10,15
344,149,11,15
344,148,11,15
350,142,9,15
354,135,10,15
358,128,11,14
363,117,10,15
363,107,10,16
355,97,12,18
343,95,13,18
