157,127,16,11
160,127,13,5
163,123,15,5
169,120,14,6
186,116,14,6
196,122,15,5
184,139,15,6
164,143,13,6
156,141,16,7
151,136,16,6
147,130,16,6
147,124,17,6
147,117,18,7
147,116,18,6
142,119,19,7
138,125,18,6
136,128,18,6
140,128,19,7
143,129,21,8
145,132,22,8
148,134,21,8
147,132,21,8
145,129,21,8
136,128,23,8
133,128,26,8
138,132,23,8
151,136,22,7
156,137,20,7
136,133,20,8
122,129,22,8
125,128,21,7
134,129,23,8
133,130,23,8
131,127,22,8
135,125,20,8
133,124,21,8
133,124,16,6
130,124,19,6
128,124,17,7
124,124,19,7
132,122,19,7
142,121,18,8
145,122,20,8
143,124,20,9
144,131,22,10
155,133,23,10
155,133,23,10
143,139,25,11
123,140,32,11
116,137,35,13
141,131,38,15
165,129,43,16
178,136,48,16
162,135,53,19
132,132,61,20
107,128,64,22
77,121,75,25
72,120,83,27
112,130,89,33
123,162,92,34
120,178,88,35
127,186,76,30
114,186,58,24
101,184,47,20
108,175,31,13
111,173,24,12
112,164,20,10
113,163,15,9
108,168,12,7
105,174,11,7
109,177,10,7
112,178,8,5
112,177,8,6
116,175,8,5
117,171,6,5
115,169,4,4
112,170,5,3
112,170,5,3
110,169,4,4
105,168,4,4
