129,91,14,9
134,87,11,7
123,84,12,7
116,83,12,8
118,82,11,7
108,80,12,8
112,72,12,7
119,74,11,5
130,72,11,6
130,76,10,8
129,82,10,8
126,80,10,7
136,85,11,8
134,84,9,8
127,82,10,8
126,84,10,9
126,87,12,9
122,88,12,7
123,80,12,8
125,86,12,8
115,89,12,8
115,92,13,8
120,90,13,7
125,85,15,10
120,85,15,8
95,79,17,10
101,85,16,11
109,80,16,11
115,91,17,10
120,94,15,10
125,92,12,8
118,92,12,7
120,95,11,8
129,83,6,6
119,81,17,11
123,85,23,11
116,84,27,11
112,84,24,11
114,85,25,15
121,86,25,13
112,87,24,12
115,87,25,12
122,86,25,13
111,87,23,11
124,83,18,8
144,87,21,12
143,88,22,13
123,79,28,13
134,76,26,14
146,86,24,13
139,88,25,16
140,89,27,15
146,89,28,16
148,91,27,16
161,90,30,16
168,88,33,19
158,92,33,20
151,90,33,19
150,78,35,20
149,77,36,19
157,83,38,19
148,86,38,20
144,95,38,18
142,89,41,19
145,84,42,19
150,88,42,17
145,79,45,19
140,71,51,23
130,71,51,25
137,78,55,24
139,85,52,23
139,85,53,22
141,92,56,18
148,94,55,18
146,92,47,17
138,95,43,16
138,98,29,11
0,0,0,0
90,87,14,17
83,85,23,18
64,80,32,19
49,77,42,22
54,78,57,22
64,74,66,23
74,73,74,22
70,72,78,21
55,70,70,21
49,76,68,18
49,79,62,17
46,78,60,14
43,78,56,13
48,79,50,12
44,78,60,12
34,73,52,15
44,78,45,13
56,81,57,10
66,84,42,8
71,84,24,7
68,84,22,10
71,85,22,10
71,85,22,9
70,86,19,10
