340,320,212,78
314,317,220,75
290,321,214,72
266,324,208,69
236,327,218,70
202,324,199,73
174,335,193,66
135,336,194,72
104,336,188,73
70,329,172,72
29,329,148,69
1,319,119,69
1,309,98,54
1,286,89,59
1,273,95,55
1,265,95,57
34,265,87,52
73,261,60,55
103,250,30,53
140,238,35,58
159,226,58,61
160,219,83,50
195,204,77,55
187,199,108,40
209,196,109,35
231,200,122,41
263,195,128,52
292,196,130,58
326,206,121,54
357,188,118,75
378,207,117,60
403,207,109,64
427,195,97,77
430,196,95,75
433,199,81,77
447,198,53,60
472,199,31,62
481,205,38,60
497,217,50,76
527,219,34,81
546,217,32,83
557,218,33,79
559,222,32,71
548,222,30,72
531,228,34,75
520,233,32,81
502,253,33,73
474,268,56,72
