70,23,238,337
70,41,222,315
48,77,230,279
2,86,229,269
1,47,153,283
1,48,179,273
7,69,210,281
1,67,107,195
2,57,21,209
1,1,88,250
1,1,104,244
2,1,194,298
11,95,234,133
47,23,184,218
12,1,196,268
14,1,157,221
1,1,158,245
14,25,171,225
1,46,159,220
2,32,151,238
3,39,148,201
3,10,138,252
4,16,142,268
10,42,124,261
1,65,111,79
1,1,100,196
1,1,106,211
1,1,115,226
4,66,137,131
4,43,117,114
6,50,213,280
26,93,213,233
6,89,232,234
1,82,212,249
1,95,190,236
1,103,171,237
1,98,158,256
1,82,154,274
2,77,133,280
1,109,155,246
11,95,160,261
3,102,183,217
25,107,161,207
20,107,150,184
54,106,133,58
15,105,197,239
30,96,188,244
34,82,165,250
54,227,134,108
59,241,91,98
61,219,79,122
60,245,80,96
59,248,77,93
59,252,74,91
62,252,82,90
75,252,72,88
73,255,76,88
79,252,81,92
79,250,82,94
89,250,74,95
84,246,78,98
31,148,181,198
31,133,178,212
30,132,188,214
29,133,177,213
27,124,189,226
26,117,221,232
31,101,177,246
31,110,175,238
25,213,157,133
29,99,152,246
17,289,144,60
0,0,0,0
0,0,0,0
9,98,144,210
0,0,0,0
0,0,0,0
0,0,0,0
0,0,0,0
0,0,0,0
0,0,0,0
0,0,0,0
0,0,0,0
4,91,130,224
13,88,135,220
36,80,124,191
0,0,0,0
0,0,0,0
2,93,133,241
26,159,99,183
1,100,157,244
4,96,145,251
1,93,132,236
1,100,105,225
1,100,87,229
0,0,0,0
1,92,133,189
3,93,132,215
6,89,145,207
7,86,149,216
6,89,151,224
7,85,152,251
10,81,155,239
3,59,174,271
36,69,155,234
49,71,162,230
0,0,0,0
53,78,168,201
50,75,147,199
35,73,159,207
54,82,122,196
60,83,103,237
0,0,0,0
59,82,108,226
66,86,100,224
69,83,105,225
66,81,109,233
54,96,126,220
61,99,121,220
63,91,119,233
62,93,123,232
60,90,123,235
65,90,117,235
59,88,125,238
77,86,106,231
80,92,107,228
74,89,113,233
76,90,106,240
68,97,124,228
61,105,129,223
63,104,133,224
70,99,126,232
0,0,0,0
53,94,129,240
48,100,133,224
50,101,124,228
52,100,126,234
56,100,122,228
0,0,0,0
0,0,0,0
0,0,0,0
0,0,0,0
0,0,0,0
0,0,0,0
0,0,0,0
53,115,124,223
57,122,129,226
72,129,116,225
77,130,123,228
79,138,120,219
97,138,126,222
113,154,124,204
116,149,119,208
107,142,124,216
106,141,123,215
78,139,119,217
63,137,120,222
63,133,109,228
0,0,0,0
0,0,0,0
0,0,0,0
1,140,112,220
9,144,111,216
3,144,108,216
6,142,119,218
4,138,107,218
1,132,112,227
3,92,94,258
0,0,0,0
0,0,0,0
1,83,90,205
2,143,205,217
15,174,204,186
4,181,200,178
2,188,181,172
8,203,167,154
7,207,167,153
6,208,183,152
4,209,203,150
1,184,197,173
3,173,188,186
1,179,206,175
1,188,204,171
1,190,209,169
1,181,245,178
5,180,267,179
