661,371,53,89
660,370,38,109
677,373,29,128
689,360,22,144
691,400,11,99
693,398,9,107
688,294,10,219
632,216,10,317
647,156,8,399
655,92,17,472
655,64,23,491
637,61,33,475
647,79,53,436
678,98,62,402
712,112,40,381
746,121,14,388
746,97,51,426
753,79,75,433
772,83,95,496
807,67,60,520
782,48,24,546
732,31,17,575
706,30,12,586
677,20,44,604
648,1,91,635
624,1,115,643
611,1,122,649
607,1,114,649
613,1,96,665
626,1,57,680
642,1,12,683
629,1,18,683
625,1,24,683
621,1,26,685
612,1,32,685
594,1,49,617
570,1,59,534
568,1,57,493
575,1,50,398
576,1,18,338
553,1,48,309
526,1,114,273
522,1,251,231
540,82,395,124
565,1,168,257
545,1,103,359
337,1,383,376
97,19,704,381
29,201,775,168
39,269,799,110
66,320,806,57
93,303,790,88
96,269,797,128
65,272,774,128
21,269,770,132
1,268,768,129
1,280,761,116
1,299,761,97
1,285,771,112
8,256,772,142
24,241,765,168
44,236,760,178
55,237,790,185
77,204,776,229
211,49,610,402
395,1,347,448
530,1,139,442
603,1,16,401
560,1,109,339
535,1,190,258
526,1,244,218
524,1,274,207
524,1,307,200
527,1,313,193
533,1,286,172
526,1,290,171
527,1,291,173
545,1,260,144
527,1,301,150
528,1,361,184
534,10,354,146
547,48,310,130
567,77,261,121
572,81,257,143
575,88,255,131
580,77,247,158
582,67,238,171
583,110,219,155
584,124,170,142
596,128,170,156
610,112,157,175
617,110,155,182
630,135,154,174
633,128,150,165
647,164,139,144
651,144,150,159
654,154,151,162
660,160,158,171
657,154,144,183
658,170,172,181
645,167,157,183
650,181,158,177
657,159,176,193
670,203,148,138
662,209,148,134
662,206,155,127
670,252,129,85
641,240,150,87
620,252,165,79
594,258,174,74
566,260,192,71
541,266,214,71
545,252,241,73
514,249,276,63
404,262,317,52
327,239,363,46
304,252,422,27
340,262,496,11
338,231,554,12
372,248,625,12
454,257,708,44
410,231,775,140
378,238,703,211
430,265,508,211
493,302,296,224
519,309,205,261
580,294,170,288
590,304,160,285
552,244,136,261
378,1,23,61
0,0,0,0
0,0,0,0
0,0,0,0
0,0,0,0
0,0,0,0
0,0,0,0
0,0,0,0
0,0,0,0
0,0,0,0
0,0,0,0
0,0,0,0
0,0,0,0
0,0,0,0
0,0,0,0
0,0,0,0
0,0,0,0
0,0,0,0
519,1,5,6
527,8,11,33
557,47,11,43
605,116,7,48
611,186,5,64
602,280,5,73
589,440,7,68
593,478,16,56
620,471,6,79
629,492,6,79
628,496,6,87
625,495,6,86
629,494,6,85
631,495,6,82
631,493,6,83
629,492,5,83
629,491,5,83
626,496,6,85
626,502,6,91
628,512,6,104
634,502,8,117
660,465,10,142
696,441,8,158
721,424,10,175
748,409,10,191
771,387,12,208
788,364,13,226
799,352,11,241
798,347,13,249
791,333,12,267
725,336,12,280
677,340,13,287
