281,181,203,23
296,184,203,20
303,190,216,19
314,181,229,30
333,169,237,32
361,174,239,29
376,186,266,30
407,177,285,48
437,157,292,68
482,152,290,91
545,184,274,95
569,190,284,128
574,143,280,153
572,150,276,138
558,149,287,139
559,155,289,133
550,155,301,132
541,167,301,112
511,166,320,105
502,168,336,99
511,176,345,92
535,174,340,99
539,163,339,115
543,159,321,130
529,154,306,140
520,149,299,134
526,152,291,123
553,159,269,111
576,170,267,106
565,167,292,116
567,165,293,119
567,167,277,107
551,164,270,96
547,165,272,81
544,170,263,74
551,171,258,76
553,167,259,85
552,164,263,93
552,162,262,96
545,160,271,97
542,160,278,95
550,159,273,89
542,163,280,87
545,164,276,85
543,166,279,81
544,166,279,75
543,172,282,68
510,212,284,44
515,264,262,17
518,274,271,78
540,255,302,154
550,222,317,205
510,163,353,269
501,141,370,295
502,139,371,298
493,135,376,295
484,136,383,272
475,149,393,220
498,137,343,215
599,81,217,299
674,64,105,322
677,1,53,386
679,1,20,385
666,1,12,382
641,17,16,368
622,28,10,356
596,34,25,349
568,82,33,304
536,90,42,293
513,83,46,295
501,62,43,313
488,53,36,324
473,67,39,310
455,104,51,266
439,119,64,247
413,116,79,247
396,115,80,238
394,113,70,242
403,102,47,257
413,105,26,258
421,101,13,266
425,96,7,272
427,98,7,269
427,99,7,267
427,98,6,263
416,111,15,250
396,117,38,246
366,114,73,256
336,128,108,241
300,135,152,236
268,145,197,226
231,154,240,208
203,164,267,201
189,162,263,193
169,138,276,216
186,127,257,235
209,138,234,225
216,124,227,237
230,111,209,254
257,109,171,253
233,65,190,292
203,46,224,289
