474,17,236,207
497,61,206,147
538,104,167,70
560,127,143,13
579,132,120,74
575,118,122,120
561,128,122,131
560,171,106,142
568,193,100,157
575,176,78,148
569,156,65,148
570,177,65,174
592,156,44,190
613,167,19,211
606,154,15,190
594,171,29,181
591,161,38,180
600,170,25,186
591,164,17,180
582,168,23,173
574,166,31,165
583,167,16,180
605,173,11,187
622,194,23,174
638,220,30,185
643,208,44,214
629,204,36,250
635,185,11,274
644,202,11,282
633,206,19,277
604,226,11,284
588,226,13,302
580,255,10,321
558,267,28,340
526,261,58,347
512,285,47,318
498,255,50,353
575,32,41,336
541,1,25,142
0,0,0,0
0,0,0,0
0,0,0,0
0,0,0,0
0,0,0,0
0,0,0,0
0,0,0,0
0,0,0,0
0,0,0,0
0,0,0,0
563,1,44,33
558,110,49,56
562,230,53,96
555,318,61,35
559,338,64,14
566,343,58,8
566,341,61,10
