351,281,864,428
359,295,921,405
306,290,931,424
323,241,886,479
419,178,787,542
510,85,673,635
612,1,484,720
718,1,268,720
811,1,83,720
768,1,142,720
672,1,300,720
632,1,428,720
647,1,511,720
667,1,530,720
727,1,485,720
775,1,404,720
787,1,340,720
761,1,261,720
783,1,142,720
811,1,49,720
789,1,55,720
815,1,74,720
897,1,23,720
923,1,68,720
826,1,117,720
783,1,131,720
672,1,135,720
637,1,123,720
597,1,115,720
450,1,116,720
339,1,79,720
367,1,49,720
413,1,23,720
442,1,17,720
469,33,16,687
479,71,29,649
491,72,31,648
485,65,43,655
505,41,32,679
478,47,59,673
448,19,95,701
399,47,155,672
331,5,207,671
354,1,145,660
406,1,54,720
449,1,24,713
457,13,16,707
448,17,30,703
456,10,34,710
471,4,37,716
485,10,37,710
479,15,51,705
474,1,44,638
480,1,84,511
484,1,220,352
517,73,344,183
545,192,427,14
562,184,493,106
565,188,525,139
563,190,533,140
548,223,526,121
483,353,525,102
327,485,553,60
157,381,417,77
214,155,504,190
295,108,493,199
336,138,496,141
358,169,487,81
367,195,477,46
363,194,464,44
366,204,449,36
363,209,445,27
356,218,460,19
347,214,470,18
338,221,472,12
330,224,463,11
344,215,448,20
379,215,441,29
404,207,438,37
398,207,448,46
385,222,463,57
352,239,481,63
305,215,508,60
291,223,535,48
218,212,580,51
164,219,604,45
140,181,661,45
144,166,728,34
157,133,759,25
212,163,748,28
220,152,749,24
258,155,726,18
187,161,718,19
233,161,660,20
374,187,611,25
447,191,586,70
432,201,542,152
406,210,462,205
434,228,376,221
545,274,280,220
552,252,267,262
575,239,208,267
597,297,150,258
573,278,138,297
562,175,127,231
492,1,9,22
0,0,0,0
0,0,0,0
0,0,0,0
0,0,0,0
0,0,0,0
0,0,0,0
0,0,0,0
0,0,0,0
543,28,6,10
539,29,14,33
544,77,12,10
546,90,7,23
538,84,6,33
521,79,3,37
527,88,7,46
532,103,11,54
548,148,13,60
549,215,16,73
560,274,19,77
600,320,16,56
619,420,7,70
601,468,51,60
584,473,75,73
571,492,86,84
566,505,95,95
571,522,110,108
561,496,126,123
554,455,140,136
549,417,168,163
543,412,187,181
539,411,201,194
532,381,222,213
528,365,231,225
522,364,247,237
517,365,258,248
508,366,270,260
501,374,278,269
502,374,280,271
501,348,292,280
496,327,288,280
494,285,245,300
572,146,177,354
