392,129,217,193
424,110,265,166
437,131,311,134
422,171,315,80
398,196,330,52
383,206,323,33
383,202,324,36
391,199,328,32
421,191,330,44
455,205,318,38
471,217,294,25
484,227,274,22
484,229,274,18
489,224,275,17
495,227,294,11
501,231,300,19
494,223,314,27
495,224,304,29
501,224,290,29
505,222,287,28
504,226,295,23
502,229,294,21
497,224,295,19
492,230,288,19
488,233,290,18
486,226,289,15
488,220,293,15
487,230,296,21
467,218,301,17
452,234,310,22
444,215,320,17
441,235,331,20
426,218,331,12
426,242,331,12
433,220,328,14
453,248,326,13
446,233,321,20
430,262,322,18
432,240,317,24
442,265,322,24
440,252,318,32
477,273,320,28
534,261,325,29
639,278,337,32
603,288,345,28
531,280,361,31
522,295,373,30
491,290,405,26
519,286,417,19
570,248,444,19
568,233,473,10
563,239,523,21
495,223,546,23
417,208,608,28
329,206,694,51
365,196,691,81
529,208,735,132
584,218,696,193
570,197,601,262
538,215,402,267
494,238,291,258
479,231,239,265
480,231,216,259
491,241,197,255
488,259,190,247
428,172,197,238
0,0,0,0
0,0,0,0
0,0,0,0
0,0,0,0
0,0,0,0
0,0,0,0
0,0,0,0
0,0,0,0
0,0,0,0
0,0,0,0
0,0,0,0
0,0,0,0
0,0,0,0
0,0,0,0
0,0,0,0
0,0,0,0
543,1,14,20
580,15,32,62
594,59,28,63
561,99,29,75
531,199,29,82
507,323,28,94
482,451,26,81
461,409,27,96
475,382,31,110
490,373,35,123
514,362,38,143
524,350,47,168
515,347,50,183
513,334,57,210
510,315,61,231
498,280,71,249
499,235,75,275
526,191,78,298
541,160,84,315
530,130,90,331
520,108,97,346
519,93,94,357
524,91,96,367
525,91,100,375
529,104,101,376
548,128,98,373
575,152,98,375
602,183,96,373
624,213,99,374
640,232,96,374
641,244,100,378
602,258,101,375
567,268,97,370
540,247,90,397
522,250,86,394
522,249,82,390
