343,4,360,547
304,83,450,399
307,233,478,127
414,186,336,192
462,55,209,440
542,1,51,556
543,1,45,550
493,1,124,491
411,1,263,400
368,113,361,159
392,95,263,204
502,1,63,497
409,1,239,461
335,46,609,252
385,127,449,260
406,21,383,549
401,36,434,497
346,121,583,229
295,78,725,225
382,1,321,485
465,1,172,490
241,104,545,232
233,215,538,68
328,203,347,117
447,231,95,57
417,255,74,12
366,235,262,38
368,224,269,65
407,218,180,84
443,204,84,114
461,191,34,148
453,122,47,248
412,16,152,407
370,1,243,444
376,1,278,376
430,59,270,187
495,120,15,259
393,58,166,442
381,59,197,437
439,146,112,208
491,1,56,316
456,1,98,459
458,1,92,479
506,157,14,129
471,29,104,339
459,1,113,496
456,1,111,555
458,1,108,570
465,1,107,520
490,1,107,419
535,176,56,73
557,39,15,390
533,1,70,493
544,1,78,384
576,127,33,89
559,53,67,438
543,1,105,555
530,1,123,541
520,1,136,483
499,1,163,457
473,1,199,464
453,1,229,510
457,1,216,549
548,113,68,240
551,1,97,349
541,1,81,516
581,47,25,415
586,177,69,84
540,1,110,496
548,1,58,594
542,1,47,628
464,1,84,643
325,1,136,578
232,1,194,562
218,146,197,270
251,241,142,190
325,56,36,553
358,1,27,674
341,1,99,696
290,1,210,690
221,1,322,681
206,7,357,663
174,22,402,645
153,1,396,661
180,5,380,657
181,15,397,646
206,19,402,635
294,50,323,576
395,94,207,478
488,120,95,419
540,55,31,498
523,1,45,607
463,53,134,591
431,223,209,362
537,391,117,19
439,237,196,325
439,177,177,464
422,162,192,500
399,170,235,435
391,203,274,305
387,268,295,157
372,338,305,28
392,226,258,253
438,88,151,480
524,1,13,592
487,1,157,512
506,303,176,67
502,237,188,421
514,127,104,593
557,97,47,615
539,109,86,547
491,122,185,503
434,125,312,492
406,147,405,473
423,219,428,353
452,323,407,104
518,129,229,334
544,1,64,561
426,43,259,533
