634,181,186,48
632,178,186,53
624,161,196,51
602,152,220,61
576,151,256,80
553,143,288,89
552,135,324,104
627,155,399,112
764,197,354,107
695,158,448,163
700,176,453,183
704,193,449,218
801,249,349,182
835,265,314,180
705,207,425,320
570,150,322,260
0,0,0,0
0,0,0,0
0,0,0,0
0,0,0,0
0,0,0,0
0,0,0,0
0,0,0,0
640,67,202,97
576,87,225,89
511,120,241,81
481,120,266,67
530,148,281,50
614,209,290,34
712,255,264,14
708,257,284,16
692,222,248,36
672,204,193,49
671,229,105,38
662,245,107,58
665,291,56,42
0,0,0,0
659,353,35,36
672,354,32,36
675,349,38,40
