427,387,692,128
440,368,665,109
425,364,639,111
423,361,618,124
242,340,594,143
187,341,560,149
211,346,528,150
214,319,491,162
250,303,446,175
291,296,414,186
336,283,400,185
387,294,389,176
391,328,427,168
363,344,521,159
302,337,621,150
240,353,723,150
160,339,838,187
109,393,897,203
144,474,900,183
204,466,899,193
228,425,890,230
232,414,872,291
248,388,796,332
241,376,750,343
249,406,684,314
172,408,736,312
138,331,795,331
206,283,801,353
240,273,820,380
259,207,880,431
293,185,955,468
302,185,978,462
355,161,925,424
518,168,762,360
692,188,588,311
752,210,257,255
771,192,118,222
542,133,446,348
297,200,760,201
215,269,900,138
199,306,937,163
216,269,945,130
231,241,926,207
200,246,916,211
160,280,919,138
117,367,915,99
99,345,918,72
79,366,911,117
80,339,896,105
118,331,875,148
164,330,855,188
200,295,820,279
271,210,705,438
350,98,492,622
460,32,264,688
543,1,138,720
591,1,100,719
618,1,82,719
636,1,64,719
643,1,42,720
555,1,20,719
533,2,17,718
508,1,25,720
495,1,19,720
498,1,15,719
506,1,13,718
517,1,13,720
521,1,15,720
526,1,14,720
543,6,18,714
561,18,21,702
558,27,24,687
552,30,29,681
546,27,33,685
538,20,40,690
527,3,45,703
520,1,51,702
513,1,53,698
502,1,55,696
497,1,55,691
491,1,54,688
488,1,53,685
491,1,53,683
496,1,48,680
502,1,47,680
504,1,44,679
504,1,43,681
502,1,39,682
487,1,36,683
470,1,39,682
466,1,33,684
462,1,30,686
457,1,25,677
451,1,19,680
441,1,25,690
424,1,38,689
406,1,52,689
395,1,60,687
402,1,56,685
419,1,43,687
412,1,67,653
476,1,35,574
465,40,173,416
488,83,213,272
529,104,211,201
577,158,188,104
593,183,203,64
597,201,188,43
617,209,190,34
608,223,206,16
596,225,205,16
584,227,206,15
571,219,209,19
563,224,217,17
555,221,226,14
552,228,227,11
553,223,224,11
551,224,226,12
544,228,218,17
537,218,219,22
536,242,233,24
516,242,237,28
505,265,225,30
517,243,239,45
535,259,227,43
515,250,237,49
527,255,246,54
529,243,258,63
545,242,257,62
528,262,269,64
502,229,293,89
475,255,317,85
440,211,345,85
382,190,392,90
261,170,460,96
284,156,521,72
284,185,555,47
305,183,587,31
