190,78,1067,244
175,38,1035,270
191,56,1006,300
238,10,1030,318
305,25,975,320
319,6,960,302
260,1,1020,316
175,1,1007,279
80,1,1030,274
50,1,999,238
44,1,949,235
30,1,837,192
36,1,840,202
61,1,810,193
86,1,800,194
117,1,819,214
134,1,878,238
154,1,910,247
170,1,919,247
173,1,982,253
168,11,975,231
152,6,955,260
142,1,929,267
140,1,948,322
161,1,886,394
155,1,874,489
110,1,892,536
63,1,820,517
51,1,723,418
84,1,877,469
189,1,813,385
253,10,979,374
221,1,858,276
200,55,931,253
206,32,953,200
291,18,922,143
195,112,1034,127
234,85,933,103
367,95,858,69
474,79,785,53
485,79,775,52
482,144,766,38
481,139,734,41
465,183,718,25
533,218,702,23
696,243,584,54
783,257,497,132
868,266,347,194
849,227,299,253
239,41,18,176
193,65,91,527
259,47,82,413
273,27,132,614
261,43,217,642
240,17,303,689
236,1,380,676
153,94,505,626
131,136,611,584
698,1,166,149
0,0,0,0
0,0,0,0
0,0,0,0
0,0,0,0
0,0,0,0
855,24,65,32
794,87,43,16
737,125,34,7
695,132,27,6
660,149,22,10
647,177,17,13
640,189,16,16
646,217,10,16
662,236,8,19
668,258,5,22
639,244,5,25
610,242,7,33
590,280,8,36
602,319,10,41
631,316,10,45
647,298,11,59
645,319,12,65
