166,11,588,449
229,1,525,460
327,1,418,475
444,1,256,491
484,1,203,468
472,1,236,459
436,1,318,450
397,1,411,443
379,1,476,442
358,1,524,442
361,1,533,445
394,1,493,449
497,1,339,479
606,1,95,493
553,1,133,445
458,1,333,344
439,37,446,219
451,93,459,117
465,119,456,59
488,136,428,23
527,134,388,22
587,140,362,31
591,140,334,31
572,139,312,17
556,149,304,13
556,148,309,20
555,150,321,27
547,148,325,37
515,144,338,70
487,157,346,93
460,133,353,117
472,160,352,113
441,150,362,111
411,167,373,105
408,149,367,104
421,180,348,86
414,194,332,81
430,200,324,80
449,227,317,70
458,234,312,59
436,256,330,58
478,239,353,61
489,255,373,56
433,248,409,59
419,251,448,47
378,258,487,31
339,265,534,16
357,272,579,23
352,223,632,74
518,241,690,106
595,255,685,127
567,256,713,168
543,243,636,246
