202,164,484,110
176,164,502,108
164,165,514,107
175,161,503,109
201,156,482,128
209,143,472,144
207,135,477,163
197,128,493,172
207,125,491,170
207,116,495,165
198,110,514,172
197,101,520,183
220,88,503,203
268,80,465,210
312,88,426,159
361,95,375,116
410,99,329,93
447,98,303,77
487,115,277,70
543,125,235,38
591,144,192,8
623,143,109,23
655,123,105,42
681,167,85,33
683,222,71,29
675,261,69,28
677,271,68,32
675,284,64,29
679,303,57,23
695,294,87,33
696,313,63,17
703,287,81,21
694,299,64,10
698,293,106,26
685,299,110,25
680,314,118,15
671,306,130,15
672,308,138,11
678,274,138,14
659,246,160,24
615,239,203,65
597,219,226,126
551,204,245,189
551,196,235,209
567,193,228,217
560,200,219,228
560,236,210,242
578,242,195,269
581,221,178,302
586,221,156,331
624,224,118,355
742,127,58,365
771,1,17,63
0,0,0,0
0,0,0,0
0,0,0,0
0,0,0,0
0,0,0,0
0,0,0,0
0,0,0,0
0,0,0,0
0,0,0,0
0,0,0,0
0,0,0,0
0,0,0,0
0,0,0,0
0,0,0,0
0,0,0,0
0,0,0,0
0,0,0,0
984,1,55,67
1027,153,45,72
982,164,104,66
1009,148,102,77
1031,143,102,77
1043,138,102,77
1059,132,104,77
1074,125,105,79
