375,103,480,111
393,139,440,68
391,142,424,57
379,161,421,62
352,152,419,75
338,171,415,94
301,139,428,119
342,160,396,135
368,157,346,129
382,184,339,122
366,185,318,108
383,218,302,95
437,212,291,92
447,239,290,78
385,238,303,71
377,240,313,67
382,244,329,66
356,235,361,67
312,255,396,60
338,242,426,39
352,267,463,12
419,260,498,12
439,239,538,46
424,204,568,82
505,231,599,89
568,250,617,115
589,233,563,157
600,247,464,220
622,247,348,253
658,287,228,239
633,288,191,253
575,242,186,278
550,233,167,283
524,265,151,281
537,276,168,266
508,188,49,80
359,1,37,61
0,0,0,0
0,0,0,0
0,0,0,0
0,0,0,0
0,0,0,0
0,0,0,0
0,0,0,0
0,0,0,0
0,0,0,0
0,0,0,0
0,0,0,0
514,1,22,26
577,58,9,17
596,104,12,21
594,123,9,24
587,147,10,34
576,191,9,41
565,247,7,48
514,352,10,59
516,352,13,64
520,440,13,67
524,462,4,52
508,465,8,58
496,467,6,63
479,469,9,69
453,475,11,78
433,475,10,89
500,472,11,97
503,466,14,114
493,459,13,127
489,443,15,137
468,410,18,154
454,386,18,164
544,346,20,181
623,311,18,198
