429,580,408,122
430,581,405,121
431,581,404,120
432,585,403,115
431,582,403,118
433,582,402,118
433,582,401,118
425,576,404,123
418,549,404,130
413,516,402,64
407,472,404,65
408,424,403,87
433,427,400,98
449,449,396,88
443,359,429,204
505,275,376,329
625,224,228,358
694,203,179,300
684,140,224,304
661,96,294,348
664,93,332,368
633,100,379,358
617,82,391,372
620,90,416,368
586,61,456,430
489,9,610,586
409,10,766,711
379,1,794,720
386,15,796,704
389,15,807,704
394,1,796,720
413,1,795,720
433,1,772,704
467,1,727,707
465,37,749,680
481,54,733,665
