445,81,239,622
434,79,263,619
450,89,277,601
463,98,296,581
496,95,255,557
521,95,260,520
547,130,293,500
568,138,269,482
601,122,229,492
585,127,280,487
556,150,284,472
548,154,291,468
544,145,302,471
523,145,306,481
538,141,315,489
551,130,261,509
542,126,236,542
538,123,242,550
528,114,248,554
480,112,275,554
457,124,282,551
460,116,280,569
488,105,261,589
494,100,239,565
493,104,240,556
575,131,186,511
524,159,277,440
686,145,146,457
693,148,199,503
655,138,232,512
613,119,273,530
615,113,191,524
597,135,166,506
573,132,192,521
556,123,229,527
575,98,233,544
504,85,322,552
496,90,342,548
491,100,292,544
480,103,272,549
439,103,322,550
431,98,327,554
468,112,290,538
367,114,398,528
436,69,302,563
403,75,348,532
493,83,277,478
493,77,248,544
447,82,398,579
431,213,437,357
448,111,643,421
460,4,820,427
411,37,538,668
367,124,580,596
