512,70,354,633
506,57,295,657
481,58,319,661
526,67,280,653
508,89,295,630
523,93,259,626
512,85,220,635
462,53,261,666
344,81,331,638
352,81,327,602
404,91,224,556
418,122,234,517
411,127,292,510
407,148,304,503
428,140,320,541
449,124,305,569
507,162,280,548
493,234,352,485
464,243,337,476
448,193,312,522
413,159,310,558
410,141,338,578
426,137,274,582
455,110,290,610
478,89,293,630
497,82,283,631
522,84,280,603
538,111,339,555
518,153,357,522
516,146,348,535
453,122,337,561
425,107,301,592
485,86,253,608
526,47,238,651
567,35,230,665
577,45,236,665
579,69,237,651
573,86,244,633
578,89,246,630
578,82,249,637
567,88,257,632
563,94,270,617
576,95,323,600
580,115,364,559
583,99,354,569
628,78,286,594
610,118,269,552
572,155,293,536
550,137,280,524
518,95,400,575
447,14,264,649
431,53,268,666
449,113,293,606
455,77,320,642
452,15,344,704
461,2,313,676
469,14,242,628
458,31,230,619
426,52,256,605
412,68,263,580
390,52,266,581
351,92,340,547
396,106,267,532
415,96,248,510
405,109,279,482
452,106,207,481
465,115,201,472
461,134,249,452
449,145,267,434
467,182,241,379
323,303,399,212
277,159,366,330
233,21,393,404
306,1,337,422
371,1,570,452
441,126,684,286
569,229,540,184
805,225,304,187
