372,72,259,551
370,77,273,541
364,93,207,526
374,100,195,527
381,103,294,528
393,88,285,545
397,88,299,542
412,85,306,548
430,86,294,550
449,108,233,536
469,123,193,525
481,130,170,498
460,175,187,445
486,136,210,474
486,134,239,477
501,132,243,527
518,126,257,493
534,95,269,507
620,77,181,527
593,77,185,530
589,76,174,528
607,89,199,512
568,123,229,483
553,131,231,490
533,143,234,481
533,135,232,482
549,150,231,463
560,160,232,453
568,173,230,437
566,187,234,422
563,199,236,405
569,227,228,377
590,241,205,357
565,225,220,352
474,189,314,397
499,131,235,456
421,126,271,492
387,168,296,466
399,155,275,472
355,144,327,504
379,137,342,512
393,137,324,519
404,113,312,541
404,80,236,586
383,80,237,596
324,80,299,589
337,95,273,573
356,96,283,572
368,88,328,580
377,126,304,546
382,129,296,545
376,143,312,524
381,162,259,504
384,104,240,560
388,70,287,579
406,113,286,548
410,151,374,516
451,130,244,528
469,129,265,516
459,180,285,465
418,185,279,454
376,147,288,466
382,126,349,475
395,132,358,474
492,145,234,455
464,156,199,449
488,115,213,521
488,63,301,549
564,16,286,611
504,12,348,664
558,38,310,678
616,75,262,641
548,96,362,619
569,129,306,577
529,185,305,509
461,174,307,505
409,128,349,524
319,69,595,520
306,59,591,485
443,56,411,459
385,99,421,465
317,43,442,519
228,26,515,630
206,44,576,578
192,124,678,479
286,117,406,506
361,33,506,495
321,87,719,380
377,190,691,452
355,271,786,433
