251,275,250,334
266,284,244,319
272,290,248,318
276,287,240,325
295,278,225,329
328,257,161,352
348,265,135,369
334,270,146,363
327,270,151,363
322,268,156,366
321,272,156,362
333,269,149,364
342,268,142,368
345,265,142,366
336,269,151,357
316,274,168,355
287,286,195,345
266,295,215,333
261,293,222,337
258,286,223,327
269,280,213,333
274,284,203,344
265,286,213,342
264,292,216,337
287,282,195,343
312,272,175,354
315,273,171,349
292,278,182,345
268,293,210,333
249,302,228,322
241,303,238,320
236,304,241,320
230,310,248,317
222,314,235,310
225,314,248,318
231,316,247,308
232,309,244,313
239,305,242,322
245,300,236,326
198,295,265,307
169,296,272,291
263,255,180,340
300,200,150,349
236,140,139,297
151,129,92,251
112,158,54,265
143,158,28,276
153,189,140,316
226,235,194,326
277,238,209,343
310,247,188,352
342,267,144,354
341,268,144,355
325,263,151,348
255,230,193,346
238,233,200,340
249,208,208,348
284,226,209,360
338,238,152,378
373,262,113,379
368,262,118,372
367,267,118,375
365,266,122,372
362,269,124,371
360,268,126,371
361,267,125,373
360,268,125,374
360,269,125,368
366,264,120,377
371,267,117,364
395,264,95,373
417,256,78,386
415,256,80,383
410,255,83,378
404,259,86,377
400,261,90,373
391,260,97,375
389,258,97,378
378,258,114,376
269,276,254,311
187,359,345,199
158,393,368,129
160,385,365,126
166,374,367,130
186,405,366,84
187,424,378,74
185,431,379,77
202,439,368,77
199,452,375,80
194,465,369,77
195,462,371,78
200,441,380,81
200,434,372,78
206,437,387,78
206,429,380,79
206,435,381,82
206,449,367,89
227,411,356,148
284,318,302,253
293,309,286,267
285,323,279,252
274,319,270,273
290,312,245,302
303,312,226,299
295,307,238,304
295,305,238,307
298,314,234,301
295,314,237,298
298,312,237,298
297,313,233,301
297,319,238,293
293,315,238,300
290,315,248,295
271,311,290,244
242,321,358,169
226,334,380,140
209,364,386,81
210,286,332,232
242,259,279,314
208,261,350,231
229,229,345,220
345,178,170,369
334,171,207,347
338,177,201,342
343,186,185,348
331,204,210,338
286,261,282,304
261,384,328,197
260,396,342,179
253,371,340,193
253,368,329,204
237,381,340,174
198,381,387,97
197,360,383,95
200,365,386,72
196,359,388,75
198,361,387,65
192,356,394,78
198,356,392,72
201,355,387,72
198,357,393,75
202,357,395,72
203,358,392,80
204,355,384,74
198,351,388,79
204,349,389,77
238,343,367,99
293,309,307,201
333,255,259,250
289,261,322,218
316,268,262,217
454,227,95,281
470,174,76,352
484,149,102,356
483,133,122,360
480,125,105,371
471,133,101,362
470,120,121,365
474,138,181,349
486,147,181,346
487,145,180,347
494,97,142,357
547,49,86,361
580,53,80,364
579,69,95,368
581,75,88,367
575,82,95,363
548,78,146,365
530,84,181,354
509,128,233,327
476,240,335,214
450,295,385,156
448,328,390,117
445,359,391,92
436,350,397,102
450,305,378,158
462,279,377,180
472,273,380,190
482,280,374,193
474,296,372,177
466,293,356,185
459,268,344,212
479,236,313,237
489,171,274,286
493,139,277,298
489,131,276,294
486,131,267,296
485,151,280,284
491,180,295,266
504,198,285,265
514,189,274,275
510,172,282,292
