255,375,31,30
226,289,28,27
182,239,35,26
142,220,40,30
119,237,37,26
98,278,40,28
141,295,41,23
321,271,46,23
591,299,37,22
628,308,35,26
640,335,13,13
643,395,39,27
555,400,37,31
608,379,32,30
0,0,0,0
967,343,38,29
986,358,34,25
928,368,40,33
924,377,30,36
0,0,0,0
979,337,17,20
952,312,30,29
907,314,39,28
857,353,36,30
832,409,34,32
839,430,36,27
786,402,34,20
565,357,32,14
355,344,42,14
207,356,34,18
253,359,32,21
272,367,33,18
302,390,26,17
345,384,27,21
364,363,22,23
406,303,34,27
462,262,27,27
504,251,24,22
539,260,20,22
543,275,20,20
0,0,0,0
0,0,0,0
0,0,0,0
0,0,0,0
529,359,28,28
511,383,33,21
0,0,0,0
578,473,18,22
645,434,29,14
662,391,28,19
659,379,30,16
659,379,30,16
0,0,0,0
0,0,0,0
0,0,0,0
0,0,0,0
707,315,17,18
735,284,21,19
759,271,20,19
781,273,21,15
819,276,21,16
843,267,21,17
867,256,23,18
885,251,21,20
857,191,20,17
799,131,25,18
