183,420,20,23
193,392,20,22
168,435,23,22
144,374,23,21
323,289,28,20
528,245,31,19
712,234,31,21
868,254,28,22
890,266,18,19
834,314,24,22
800,282,18,20
777,188,21,19
763,121,23,27
754,101,22,22
747,116,25,25
749,159,16,8
750,212,20,21
763,261,15,21
776,269,20,20
796,309,20,18
0,0,0,0
781,363,18,20
728,335,7,9
752,327,8,11
743,319,16,18
728,289,19,20
712,266,19,20
712,242,16,18
700,250,20,20
694,295,10,13
0,0,0,0
0,0,0,0
0,0,0,0
0,0,0,0
651,383,11,16
638,401,18,18
624,386,19,19
621,390,19,18
617,371,18,18
612,354,19,18
615,339,14,17
621,312,18,19
627,282,14,18
605,266,19,17
490,261,24,18
372,289,27,20
270,354,16,17
0,0,0,0
257,441,13,14
0,0,0,0
303,413,18,17
326,401,19,17
345,335,20,22
395,265,25,23
466,228,26,23
531,223,26,24
592,256,28,29
656,336,21,26
717,462,27,28
0,0,0,0
659,520,17,17
642,388,26,35
675,228,32,39
706,126,27,32
732,76,27,27
757,76,26,26
779,114,27,27
781,116,24,26
775,117,23,25
771,159,14,27
766,239,23,26
763,230,23,25
759,242,23,24
757,295,21,23
713,324,22,21
651,368,22,20
609,440,11,15
557,372,20,20
517,347,22,19
497,345,23,15
483,348,22,19
442,302,21,19
453,270,22,22
426,257,25,22
332,249,27,23
247,278,12,14
190,326,17,18
204,358,24,25
227,391,21,22
244,384,21,22
233,325,22,22
280,286,34,25
503,204,37,28
691,167,33,19
855,160,31,22
1009,202,12,10
1086,225,22,20
1056,272,22,21
1022,329,19,19
0,0,0,0
1008,298,19,18
1000,270,20,20
887,242,17,15
739,244,29,19
607,280,28,21
601,303,17,14
630,334,16,18
641,357,18,17
638,364,18,18
597,343,10,9
559,321,20,19
554,292,18,19
467,272,24,17
328,282,27,21
239,300,22,16
258,316,17,12
283,344,15,16
285,366,9,13
273,348,11,19
272,338,13,19
273,354,10,12
280,363,8,8
280,358,7,14
270,365,18,20
223,375,21,20
159,373,20,17
129,316,19,21
179,283,25,18
270,284,27,23
355,317,28,27
426,385,30,27
366,435,22,24
343,456,16,25
299,413,28,31
394,236,31,33
495,103,30,31
580,22,31,27
660,1,29,16
731,3,29,29
794,58,30,28
854,151,26,22
846,163,19,8
0,0,0,0
827,224,26,26
808,304,22,32
809,384,24,23
758,438,22,23
702,433,10,17
646,405,24,25
633,351,24,24
