587,332,8,9
586,332,9,8
586,332,8,8
584,332,10,10
586,332,7,7
586,331,9,8
586,331,9,8
587,331,9,9
586,332,11,10
587,333,6,7
587,346,6,7
591,366,6,6
595,342,8,9
598,336,7,9
599,355,6,6
604,365,5,7
611,340,4,6
614,339,7,8
619,362,5,5
620,360,6,6
619,342,6,8
619,342,7,9
618,350,5,7
0,0,0,0
610,354,9,7
614,352,6,7
617,345,9,10
619,344,9,8
620,344,8,8
619,343,8,10
618,341,8,8
618,340,7,8
616,339,8,8
614,338,6,7
611,351,6,8
615,376,6,7
601,367,8,7
583,367,8,7
569,375,6,5
554,366,6,6
543,370,5,6
527,372,7,6
510,369,6,6
493,373,7,8
483,367,9,8
492,359,9,9
522,336,9,7
559,324,11,5
581,324,8,6
587,328,6,6
587,335,5,7
588,341,7,8
586,354,10,10
585,364,7,8
586,345,10,10
585,343,10,10
586,343,8,7
587,340,6,8
587,339,10,10
583,357,7,7
586,358,6,8
584,344,7,6
584,341,10,10
585,344,9,9
586,345,9,9
