81,294,203,118
67,279,225,124
64,294,231,128
93,338,212,106
159,265,60,186
140,212,17,190
112,186,63,184
125,182,107,172
151,176,113,173
166,175,108,172
160,180,109,168
151,184,111,165
148,179,120,152
113,200,166,75
49,145,130,120
58,180,168,63
157,156,131,118
1,187,178,93
77,248,80,102
184,324,160,111
185,346,215,109
184,354,196,105
180,350,200,105
179,346,199,106
173,343,203,102
175,359,204,118
230,437,71,198
227,513,40,103
178,350,52,68
206,140,57,103
263,84,41,83
298,81,42,85
307,79,49,80
312,86,57,73
317,111,57,54
328,142,49,39
358,174,71,65
353,332,78,34
203,452,83,51
149,326,39,87
152,166,55,87
52,162,42,89
1,378,64,22
60,530,81,89
330,477,89,50
377,344,80,59
355,286,76,80
337,275,67,82
322,333,88,86
63,522,129,75
0,0,0,0
0,0,0,0
0,0,0,0
0,0,0,0
1,406,65,65
37,480,90,83
287,423,169,112
429,204,71,165
420,132,47,123
451,169,143,102
496,257,37,121
0,0,0,0
312,368,54,95
0,0,0,0
264,228,94,147
268,229,41,88
156,270,184,91
242,311,82,103
302,293,144,94
300,290,174,94
302,292,183,91
309,282,180,106
334,287,127,101
345,350,37,152
211,385,135,151
119,383,185,103
109,229,133,172
148,206,132,135
207,271,167,84
289,371,174,94
358,395,185,120
390,350,172,139
414,281,98,144
269,307,150,99
194,375,158,141
128,434,160,92
72,379,176,111
50,291,162,156
69,271,113,136
145,304,145,88
228,378,185,75
330,348,160,143
286,337,185,74
305,467,63,49
361,478,77,27
319,447,87,55
285,456,75,64
291,436,76,64
283,443,86,45
263,409,49,83
231,405,90,57
252,442,90,43
269,438,86,40
258,440,87,27
245,445,49,27
162,318,52,74
251,359,58,69
201,314,48,60
68,152,34,91
22,206,46,46
130,159,25,51
223,199,57,60
251,313,45,77
148,315,39,87
1,265,60,78
28,325,44,44
107,201,30,66
198,191,62,73
236,329,90,73
194,524,56,69
31,517,60,98
2,454,24,28
0,0,0,0
0,0,0,0
0,0,0,0
48,96,31,35
207,156,50,53
122,133,67,43
1,156,31,70
0,0,0,0
49,521,77,79
165,533,30,75
148,527,34,81
84,514,47,62
6,451,59,54
1,288,61,34
115,132,33,50
260,162,62,41
222,211,76,40
59,207,38,87
1,433,58,84
11,506,66,78
1,402,57,30
1,338,175,93
2,338,55,173
1,457,45,75
1,502,55,71
1,415,43,48
1,328,165,88
1,318,156,121
1,309,150,103
84,383,61,155
1,448,87,108
0,0,0,0
1,236,12,30
1,260,62,73
1,293,89,100
99,321,138,102
128,336,195,84
137,327,192,90
156,346,114,110
26,361,122,172
1,398,92,79
12,423,86,43
1,349,73,64
1,328,19,69
0,0,0,0
0,0,0,0
0,0,0,0
0,0,0,0
2,326,34,88
31,290,44,78
164,259,54,76
147,192,31,85
163,214,36,81
195,372,71,63
1,477,20,38
0,0,0,0
22,151,63,85
226,190,53,69
300,397,98,45
81,493,81,84
37,308,68,43
106,197,48,60
194,167,24,49
305,196,61,51
282,412,85,59
2,498,81,72
1,285,22,40
115,158,52,58
197,234,90,29
162,394,78,50
0,0,0,0
0,0,0,0
0,0,0,0
0,0,0,0
1,213,25,26
127,245,90,29
1,224,36,34
1,268,73,37
277,425,43,33
358,486,66,59
310,453,36,21
164,423,43,26
58,423,76,53
65,349,99,85
39,359,193,104
48,330,199,96
173,324,80,127
138,426,127,183
2,414,160,97
1,217,51,178
18,212,44,83
2,260,196,105
190,336,67,93
245,351,197,93
254,359,198,95
252,361,198,103
238,350,186,122
236,357,151,160
130,388,144,149
1,369,168,89
1,340,165,105
15,411,125,117
95,208,81,191
1,159,111,165
1,306,35,102
1,394,21,42
1,383,21,44
1,364,35,49
1,345,68,112
98,345,178,93
139,357,206,98
157,354,206,100
151,357,208,101
122,344,209,95
77,332,201,90
50,350,170,107
40,335,161,107
54,334,173,100
120,339,200,103
161,289,191,120
154,306,193,116
97,327,205,107
78,307,194,114
97,319,197,106
144,319,206,100
160,301,197,101
140,316,200,101
109,310,209,100
126,297,201,99
148,316,200,101
121,331,201,102
97,296,175,107
106,305,167,113
107,298,190,100
110,296,208,101
139,316,209,101
152,306,203,98
146,310,207,106
141,313,209,105
135,296,213,95
161,355,134,144
6,428,183,151
148,383,19,126
135,360,79,54
125,316,205,98
125,305,205,88
122,318,202,87
113,329,207,81
107,341,202,68
96,355,202,68
76,323,198,96
65,319,213,103
63,373,91,130
66,410,144,120
36,290,207,127
86,382,43,208
1,449,83,129
1,429,19,58
0,0,0,0
0,0,0,0
2,317,103,49
49,388,214,125
109,408,223,102
161,285,167,156
98,270,115,112
18,369,87,203
1,446,68,88
0,0,0,0
0,0,0,0
1,342,141,159
25,332,196,104
25,323,113,84
0,0,0,0
0,0,0,0
0,0,0,0
0,0,0,0
0,0,0,0
77,207,108,24
40,187,45,20
20,153,114,49
317,307,68,66
363,435,68,60
0,0,0,0
147,399,50,32
45,382,82,51
68,303,145,91
45,300,153,157
26,262,222,108
39,325,175,127
131,412,60,144
178,423,141,140
241,264,152,164
255,104,109,196
196,110,120,182
144,174,138,169
130,219,159,133
143,200,154,152
173,159,141,174
232,107,111,183
211,108,118,155
83,192,192,80
227,286,82,74
193,237,35,182
104,206,177,177
141,251,102,157
222,311,103,78
191,265,53,171
173,183,94,190
54,187,219,132
150,271,74,129
179,322,131,162
156,308,155,172
135,308,167,171
131,311,167,169
156,340,129,174
148,317,77,111
126,125,125,164
139,77,127,125
157,89,104,106
136,97,111,111
10,121,216,112
33,199,113,63
156,212,42,101
167,268,99,101
170,364,69,162
176,392,29,77
153,250,32,62
168,248,32,52
187,260,21,37
184,294,24,20
0,0,0,0
187,344,17,12
132,294,35,32
99,224,63,100
116,490,31,66
130,585,34,100
130,585,28,103
111,548,35,84
112,364,40,103
90,377,85,132
90,374,79,174
94,383,121,155
97,376,154,98
101,366,179,156
113,410,49,156
58,253,159,223
1,238,219,157
80,309,123,137
61,353,201,117
58,340,206,121
63,334,195,122
62,338,190,130
70,340,194,133
89,366,181,154
102,412,105,190
37,414,105,125
73,254,142,189
1,230,240,133
89,284,112,122
97,322,178,119
92,326,207,110
91,325,212,106
93,310,206,106
78,290,202,108
68,291,188,109
67,301,144,109
78,308,57,110
48,301,62,117
1,278,86,116
3,273,171,108
19,286,194,90
33,281,178,100
136,280,76,97
143,275,43,83
134,270,94,112
113,286,166,155
214,365,86,51
65,177,204,146
53,164,216,60
61,178,207,38
72,190,205,31
85,180,203,30
87,194,203,27
84,196,206,29
82,183,200,26
79,186,203,23
78,191,210,15
77,179,204,41
99,165,146,56
22,188,164,45
1,209,196,53
64,215,111,48
244,256,189,77
335,315,173,117
336,354,109,121
332,365,13,30
140,350,111,108
158,331,112,101
230,322,38,108
245,321,32,111
237,315,69,99
229,326,186,105
266,349,175,111
253,332,189,108
241,317,134,90
267,315,54,92
265,317,74,91
236,329,186,107
251,332,179,113
232,309,183,112
201,312,189,131
215,335,41,180
146,347,88,168
115,359,89,67
115,195,69,100
173,212,65,96
160,438,19,82
170,438,31,78
216,437,75,46
268,334,98,57
260,163,51,83
291,183,46,82
323,307,86,38
214,144,63,46
73,103,40,53
1,290,27,39
61,488,95,82
315,546,52,85
442,501,83,80
511,367,84,77
411,294,170,101
406,256,179,110
408,261,157,109
399,353,137,123
218,435,185,140
64,410,218,85
41,296,197,133
23,216,191,172
47,159,144,179
124,185,168,105
221,265,227,74
302,333,188,116
352,384,100,95
364,297,86,123
364,234,133,148
381,252,104,97
239,318,146,161
148,462,107,72
208,470,42,77
102,384,92,60
164,181,59,86
250,222,31,47
266,263,26,26
270,264,22,28
275,269,19,22
272,264,22,33
278,266,22,29
240,218,26,40
189,173,29,76
157,312,45,48
235,299,37,56
218,127,40,95
240,88,70,64
226,90,45,75
176,195,43,66
113,385,70,35
125,500,113,53
316,433,133,57
80,322,215,79
46,373,98,63
157,411,78,71
161,266,82,20
208,85,62,90
270,44,63,63
241,59,59,72
183,156,49,59
102,345,90,17
97,479,116,56
353,439,91,70
330,238,123,214
282,170,114,170
110,135,190,173
1,227,206,123
50,348,136,197
101,377,117,197
74,363,126,169
7,301,192,100
56,85,160,185
128,31,121,199
154,18,113,204
155,29,108,185
108,115,114,152
55,280,182,142
130,378,139,185
126,390,145,157
83,389,182,103
3,311,224,102
31,70,181,193
111,1,122,204
145,1,133,190
177,3,85,196
174,26,98,173
196,64,182,136
77,62,176,81
1,213,75,81
54,408,91,64
198,425,30,29
303,355,36,46
299,334,14,21
119,402,59,43
27,473,60,70
2,473,76,55
46,491,64,71
75,485,56,74
73,465,63,61
75,454,77,54
104,454,70,55
134,465,59,58
148,471,65,59
100,438,78,71
63,267,95,83
90,270,160,140
83,287,172,104
