780,122,69,120
783,120,66,123
782,120,67,122
784,120,67,121
785,120,67,122
786,120,67,122
787,120,66,122
788,120,66,122
786,121,66,120
782,127,66,114
749,158,79,69
710,172,116,59
804,180,56,65
859,338,81,124
777,388,77,125
681,380,103,106
623,352,120,82
608,332,130,66
607,321,124,65
609,292,124,68
612,286,55,30
623,366,128,73
755,430,74,118
854,335,117,86
828,168,79,126
718,144,86,117
614,208,117,91
606,267,110,69
606,271,106,57
605,262,96,104
641,339,93,96
755,379,111,79
787,227,97,125
723,188,88,119
647,257,117,78
645,296,126,65
652,295,130,67
697,298,121,67
901,351,34,53
961,292,109,59
957,284,126,54
909,281,55,45
792,282,51,69
722,277,88,75
700,259,109,90
688,254,103,102
687,287,57,21
690,262,61,38
688,264,59,35
692,254,53,32
750,228,34,39
789,244,32,35
0,0,0,0
784,457,18,54
692,413,31,29
622,330,40,23
685,215,33,63
732,208,27,56
768,219,21,50
790,267,27,55
716,438,25,28
604,383,38,29
571,285,33,27
711,295,30,28
708,324,48,39
625,314,34,32
625,305,39,31
630,290,60,27
642,225,57,33
628,196,46,44
552,267,37,35
634,421,35,46
753,439,24,64
829,409,50,45
829,307,53,35
787,257,32,49
771,246,41,47
744,239,52,24
695,203,41,52
642,341,41,28
763,443,32,34
888,410,24,51
896,317,12,26
883,311,20,29
921,307,39,34
923,307,36,36
926,332,58,23
944,293,50,39
902,189,67,27
748,154,44,63
760,381,30,30
855,338,29,24
1058,297,59,45
961,130,71,70
946,115,92,136
946,118,100,136
971,157,136,108
1054,380,58,38
823,404,36,29
705,253,56,43
831,137,67,66
951,244,63,73
825,480,40,40
741,380,70,129
743,379,67,132
769,389,76,132
857,437,93,69
957,292,62,52
858,145,61,52
690,239,56,54
826,446,25,25
1013,388,43,73
976,158,81,66
940,132,107,124
944,131,112,127
972,182,130,93
972,440,76,67
761,376,35,40
690,203,65,59
859,144,74,73
939,271,66,80
749,411,75,109
733,379,64,133
751,383,75,136
806,411,147,89
914,240,70,145
898,266,96,78
821,389,88,129
720,385,115,106
689,339,129,81
710,255,121,78
742,187,128,92
791,145,96,113
861,107,64,135
874,145,91,46
854,139,77,111
918,159,90,140
958,232,137,102
966,273,144,83
966,271,140,86
967,295,135,77
933,389,80,120
768,355,111,66
748,252,112,62
746,296,120,88
820,359,70,124
865,354,113,111
882,327,134,88
881,278,129,70
856,202,123,93
829,162,105,100
807,138,82,105
751,144,76,107
673,171,99,104
628,214,115,99
603,249,123,80
595,262,128,72
606,302,55,93
602,341,60,41
603,343,73,31
637,327,68,15
796,254,36,39
848,150,62,46
715,176,39,62
744,405,35,32
950,435,35,31
1028,263,71,35
933,128,86,106
922,132,105,129
940,162,129,113
1002,302,77,97
812,453,34,42
664,337,54,36
690,163,63,52
839,161,60,71
883,267,50,73
726,442,84,75
697,367,59,133
710,374,66,136
785,440,68,65
923,305,62,54
865,162,74,34
687,164,52,72
695,411,55,37
942,474,25,43
1029,287,63,37
922,136,112,106
911,131,115,112
919,153,127,100
968,283,97,105
787,465,45,51
644,352,41,32
644,201,57,39
779,154,54,65
866,255,52,64
737,462,48,59
686,376,58,131
693,381,61,133
764,433,134,60
866,280,78,115
854,319,93,83
762,395,92,121
700,381,111,101
678,343,120,81
682,278,124,68
723,216,116,81
773,160,106,104
828,110,64,132
850,133,99,56
858,139,63,87
912,155,94,136
947,222,129,109
957,255,135,94
965,258,130,89
957,325,124,80
824,390,117,104
754,296,119,72
749,266,103,43
785,339,79,98
848,359,75,118
871,342,109,104
880,313,130,71
876,243,120,80
859,191,105,94
835,158,84,104
785,150,75,102
709,169,93,99
658,199,100,94
632,223,110,85
597,246,129,67
592,273,64,85
587,276,68,65
583,278,69,62
598,302,56,42
654,268,50,49
734,269,30,29
761,305,18,28
765,317,28,28
795,290,14,16
809,290,34,28
814,302,29,16
815,299,21,34
803,318,44,28
806,323,43,28
824,299,20,37
827,295,37,27
826,302,30,32
811,297,25,28
792,318,39,27
791,315,32,28
805,289,23,38
792,301,38,19
784,283,27,30
795,254,33,26
764,198,110,33
736,205,130,39
735,204,130,37
752,197,140,31
785,190,104,42
699,184,114,56
716,196,127,43
726,205,83,35
640,207,102,102
712,379,86,87
652,386,69,85
591,252,92,68
646,102,91,122
667,160,125,67
712,195,74,141
721,302,112,109
720,333,117,101
734,311,116,110
749,356,129,76
718,396,69,68
594,372,103,98
563,332,109,66
566,234,101,92
592,172,86,109
630,124,65,125
644,120,65,136
655,145,109,75
670,194,90,39
636,163,48,113
678,201,53,126
714,221,82,131
748,252,103,112
774,262,110,113
793,279,106,105
808,284,111,106
822,283,100,111
854,340,83,78
840,446,70,114
660,384,121,76
719,139,80,142
862,139,135,57
953,211,123,84
964,299,111,92
930,395,92,125
831,435,72,112
740,373,75,94
678,242,128,97
763,142,121,36
774,111,76,130
801,158,103,112
802,220,124,101
803,275,133,89
806,330,137,74
809,378,141,81
824,423,114,112
815,467,139,58
810,427,137,57
806,384,139,71
800,343,144,71
798,309,141,71
795,287,141,73
789,274,144,76
790,269,143,71
788,262,145,73
786,259,144,71
780,251,149,76
781,243,144,77
776,224,124,44
782,240,57,17
735,203,72,121
791,218,93,128
821,236,109,122
832,258,113,121
834,276,118,106
838,286,117,102
841,286,116,104
839,292,119,100
842,293,113,104
842,286,112,109
839,275,111,112
837,273,113,115
851,290,139,94
839,397,70,140
669,373,118,85
651,252,124,95
683,177,100,115
697,151,96,122
709,125,89,130
718,105,84,132
729,136,145,41
681,165,66,34
714,168,61,149
760,214,106,147
792,242,117,138
819,290,153,100
805,385,108,136
652,343,117,122
598,203,149,109
656,96,101,134
696,134,164,38
674,151,117,99
752,169,113,157
774,241,161,123
781,276,160,119
775,272,155,113
756,262,171,94
737,267,179,87
728,273,172,90
730,269,171,89
715,299,151,80
666,332,86,152
626,264,90,77
661,161,73,113
676,125,67,125
689,109,63,130
705,92,57,139
700,118,126,42
663,139,123,97
