551,377,87,48
553,372,80,49
549,365,81,51
548,380,80,36
540,364,83,61
546,375,82,42
547,372,78,46
552,375,72,45
553,376,75,49
557,377,71,48
569,378,61,45
561,383,77,40
559,381,83,46
563,381,81,49
565,384,79,46
566,388,78,42
568,386,82,42
573,382,68,40
571,380,75,45
569,379,81,45
570,366,74,50
569,366,73,61
567,376,83,42
569,373,77,46
567,380,83,43
572,388,76,42
575,389,72,43
571,387,55,46
573,387,60,37
576,387,59,45
601,391,43,44
585,392,60,42
584,393,64,41
582,393,27,37
585,401,38,40
587,401,53,45
584,405,63,43
586,406,64,43
585,406,62,41
582,404,59,44
579,406,67,44
581,410,63,39
580,399,64,45
577,416,68,39
576,418,58,67
584,453,36,44
578,461,46,38
596,447,24,46
588,422,25,52
578,379,51,61
587,350,58,53
598,342,71,40
615,337,69,43
636,365,71,42
664,424,43,41
615,453,100,40
620,461,92,53
663,455,40,46
668,442,41,61
672,427,35,51
632,399,68,54
625,373,76,43
623,351,82,36
627,326,80,38
635,306,78,43
641,292,76,51
650,290,76,57
652,288,80,72
660,290,77,72
655,291,77,71
650,290,79,76
652,283,75,71
646,282,87,73
646,303,78,55
641,305,82,56
640,302,78,62
639,293,76,61
635,301,82,51
623,317,99,42
623,324,100,40
637,309,80,48
637,288,79,47
642,277,79,65
646,286,81,63
645,293,86,57
644,293,89,59
652,300,80,50
650,293,78,52
654,286,73,56
647,292,81,48
642,312,88,31
656,329,67,25
638,316,75,41
638,289,73,62
640,276,71,64
638,283,77,67
635,285,76,76
631,300,82,66
632,301,82,66
638,295,71,69
638,290,69,74
635,294,75,74
629,315,86,58
621,327,93,54
640,321,69,55
639,305,78,62
637,300,84,68
643,309,78,70
635,316,89,70
640,319,81,65
640,327,79,54
644,315,73,62
644,299,75,75
640,303,75,63
631,312,92,62
624,317,97,58
616,321,90,51
609,310,82,42
589,299,76,71
553,342,79,72
545,401,54,48
580,429,33,36
654,365,29,50
640,310,35,76
620,286,29,49
579,276,36,44
523,322,33,27
525,399,51,26
571,439,40,51
0,0,0,0
0,0,0,0
618,416,43,32
613,422,39,35
588,408,43,59
582,376,55,47
591,340,53,56
604,322,59,60
610,317,69,53
624,346,56,52
601,378,69,45
589,412,77,39
581,425,49,25
571,381,65,76
605,355,38,89
627,340,32,73
630,336,34,57
617,390,58,11
640,402,47,29
671,430,48,39
694,422,91,45
731,426,78,54
786,417,47,41
824,421,42,38
825,413,70,60
855,418,56,60
882,450,37,33
916,425,49,43
926,410,46,55
932,404,56,55
935,404,55,57
899,409,83,47
874,400,86,48
854,403,85,42
836,396,54,27
820,396,59,29
804,382,61,41
791,381,64,44
778,388,64,32
764,392,66,28
757,388,68,35
752,384,67,41
749,390,64,28
740,386,58,25
738,386,63,29
760,396,39,22
741,395,57,22
740,400,59,20
742,390,62,30
741,400,66,25
752,394,59,31
754,389,61,37
754,402,62,36
764,405,22,49
760,392,45,53
778,362,41,17
849,381,24,61
861,370,26,59
864,341,40,63
901,332,29,54
904,354,57,34
882,366,37,29
904,366,39,13
975,406,17,31
920,387,27,25
926,378,27,30
929,356,65,50
968,366,82,35
958,382,123,34
955,383,97,31
961,393,28,47
966,396,27,40
967,385,46,45
978,369,95,60
967,393,133,42
965,388,113,67
989,377,87,82
992,390,74,52
981,422,53,35
0,0,0,0
0,0,0,0
902,487,17,28
0,0,0,0
0,0,0,0
786,366,33,57
762,266,66,41
837,224,72,62
788,218,111,111
790,216,123,78
797,214,97,92
833,253,64,65
873,273,62,45
922,318,22,15
929,349,20,9
932,338,19,9
942,337,11,10
937,344,16,13
873,280,72,73
790,327,65,48
812,298,37,98
787,314,67,113
782,322,129,117
782,326,121,137
790,309,109,161
790,272,110,130
804,239,96,145
820,212,79,147
870,198,65,71
