588,146,88,136
590,144,166,127
615,123,161,131
665,119,110,101
668,150,102,70
712,155,54,50
727,166,44,46
737,189,50,43
732,229,61,29
719,266,75,34
698,311,79,29
663,353,86,37
639,387,75,38
621,409,72,46
627,413,69,41
646,401,78,31
670,386,90,23
678,365,95,20
653,342,102,24
614,315,81,24
565,280,68,33
537,238,29,43
502,201,31,52
491,177,40,59
495,156,45,63
508,140,47,68
531,130,47,74
548,123,44,74
569,124,44,79
583,125,38,82
595,126,38,83
607,130,37,81
620,134,34,83
629,139,31,83
640,144,28,77
651,146,21,79
657,149,20,82
659,152,23,83
664,157,22,75
667,158,20,75
668,161,22,79
668,164,21,42
671,164,21,31
672,164,21,24
672,164,21,24
673,163,22,24
674,162,22,24
675,161,22,26
675,159,22,28
674,157,22,28
671,158,22,27
668,155,22,25
665,152,21,25
660,151,21,26
655,149,22,48
651,145,22,47
649,146,22,46
649,143,22,42
652,138,19,28
656,136,22,23
661,136,21,18
667,138,20,14
0,0,0,0
0,0,0,0
729,145,22,64
722,139,27,72
675,133,25,23
637,132,31,81
626,129,26,104
626,131,28,107
622,132,26,106
611,131,28,107
601,132,32,105
596,136,33,105
596,143,33,101
600,151,33,97
606,158,34,92
615,173,39,82
627,190,45,72
648,211,42,61
671,236,38,40
700,266,25,25
775,334,15,15
785,343,10,13
0,0,0,0
0,0,0,0
0,0,0,0
878,389,24,27
0,0,0,0
855,340,30,53
865,363,17,16
852,262,29,45
855,233,19,74
845,208,22,86
835,203,25,84
828,202,26,86
821,203,25,85
809,207,20,87
788,212,24,83
761,210,24,81
724,206,31,76
688,209,23,69
647,205,27,58
0,0,0,0
602,177,14,82
584,168,21,83
577,175,19,82
579,174,20,84
580,170,21,81
580,166,20,110
583,163,24,111
593,157,25,110
600,151,27,108
611,144,31,85
622,138,41,106
629,132,54,99
636,129,53,76
645,125,58,73
654,118,68,71
667,119,73,60
676,117,74,60
691,116,75,53
699,113,74,56
707,110,75,59
724,98,60,70
739,96,51,79
756,107,34,85
769,122,32,87
767,154,58,82
766,192,71,81
759,261,84,50
742,352,96,29
715,392,82,55
670,433,67,70
638,454,63,72
585,480,42,56
501,432,20,68
421,308,71,75
429,281,84,130
431,277,90,144
432,274,91,142
427,273,99,139
431,272,94,144
433,275,86,147
429,274,91,149
430,267,91,149
427,261,104,142
428,252,79,117
426,300,50,47
433,332,41,32
436,353,79,19
445,356,80,38
459,367,79,47
479,374,79,51
503,389,63,43
538,409,38,29
0,0,0,0
0,0,0,0
0,0,0,0
0,0,0,0
767,422,25,51
770,415,47,73
784,442,50,68
764,453,59,77
733,464,63,81
699,473,50,95
661,477,28,91
628,477,22,97
593,469,22,94
578,461,25,96
573,459,34,97
587,460,29,102
623,461,26,105
665,465,45,100
733,434,54,96
786,387,83,79
830,300,108,45
831,181,102,34
798,91,90,72
721,39,46,104
635,37,99,181
632,29,107,209
619,33,109,212
606,33,103,215
