833,1,447,178
866,1,413,154
891,1,388,183
902,1,377,233
937,1,342,215
914,1,365,240
866,1,414,259
845,1,435,207
752,1,527,191
635,1,628,173
503,1,647,178
406,1,693,205
182,1,703,257
171,1,702,257
167,1,701,258
165,1,693,250
164,1,678,239
167,1,652,222
180,1,621,197
200,1,570,131
270,1,502,64
540,1,278,33
500,1,375,52
448,1,456,74
455,1,455,86
462,1,440,82
473,1,430,77
491,1,434,86
508,1,460,107
532,1,487,127
552,1,518,152
560,1,542,179
569,1,543,198
580,1,547,217
595,1,547,228
606,1,545,236
604,1,537,239
597,1,529,239
589,1,517,224
578,1,503,193
557,1,497,179
529,1,490,196
493,1,487,196
456,1,486,200
421,1,486,210
390,1,478,222
364,1,478,216
349,1,471,213
346,1,463,209
351,1,455,210
356,1,453,203
343,1,453,187
297,1,468,164
243,1,483,155
204,1,476,141
173,1,465,118
165,1,438,91
184,1,409,89
217,1,409,88
243,1,398,80
272,1,394,89
295,1,379,78
311,1,362,63
321,1,353,59
331,1,345,52
345,1,333,43
364,1,322,37
401,1,293,28
481,1,207,19
520,1,161,15
572,1,101,11
0,0,0,0
0,0,0,0
0,0,0,0
0,0,0,0
0,0,0,0
0,0,0,0
0,0,0,0
0,0,0,0
0,0,0,0
0,0,0,0
0,0,0,0
0,0,0,0
0,0,0,0
0,0,0,0
0,0,0,0
0,0,0,0
685,1,94,11
728,1,178,23
899,1,70,15
0,0,0,0
0,0,0,0
0,0,0,0
0,0,0,0
0,0,0,0
754,1,150,20
629,1,288,44
611,1,315,64
597,1,328,81
592,1,330,89
598,1,332,97
606,1,339,103
615,1,340,105
621,1,345,106
627,1,346,105
631,1,348,105
639,1,346,127
643,1,346,92
648,1,344,87
653,1,331,80
659,1,331,71
670,1,326,62
677,1,330,51
688,1,306,41
697,1,303,30
709,1,272,11
0,0,0,0
0,0,0,0
0,0,0,0
0,0,0,0
0,0,0,0
0,0,0,0
0,0,0,0
0,0,0,0
0,0,0,0
0,0,0,0
0,0,0,0
0,0,0,0
0,0,0,0
0,0,0,0
0,0,0,0
0,0,0,0
0,0,0,0
0,0,0,0
0,0,0,0
0,0,0,0
0,0,0,0
0,0,0,0
0,0,0,0
0,0,0,0
0,0,0,0
0,0,0,0
0,0,0,0
0,0,0,0
0,0,0,0
0,0,0,0
0,0,0,0
0,0,0,0
0,0,0,0
0,0,0,0
0,0,0,0
0,0,0,0
0,0,0,0
1228,126,3,6
0,0,0,0
0,0,0,0
1037,1,81,14
990,1,135,21
0,0,0,0
804,1,380,63
802,1,397,73
796,1,402,80
794,1,403,82
784,1,405,86
830,1,349,45
0,0,0,0
0,0,0,0
0,0,0,0
0,0,0,0
0,0,0,0
0,0,0,0
0,0,0,0
0,0,0,0
0,0,0,0
994,1,72,23
951,1,96,25
963,1,72,16
0,0,0,0
0,0,0,0
0,0,0,0
0,0,0,0
0,0,0,0
0,0,0,0
0,0,0,0
0,0,0,0
0,0,0,0
0,0,0,0
0,0,0,0
0,0,0,0
0,0,0,0
0,0,0,0
0,0,0,0
0,0,0,0
0,0,0,0
0,0,0,0
0,0,0,0
0,0,0,0
0,0,0,0
0,0,0,0
0,0,0,0
0,0,0,0
0,0,0,0
0,0,0,0
923,1,111,33
874,1,172,51
678,1,371,105
805,1,254,89
911,1,162,72
925,1,166,87
920,1,178,99
927,1,179,109
966,1,150,101
981,1,153,73
1020,1,131,74
1047,1,112,57
1062,1,105,38
1078,1,97,35
1085,1,92,34
1083,1,91,39
1078,1,88,35
1077,1,82,32
1076,1,75,33
1069,1,72,13
1070,1,76,30
0,0,0,0
0,0,0,0
0,0,0,0
0,0,0,0
0,0,0,0
0,0,0,0
0,0,0,0
0,0,0,0
0,0,0,0
0,0,0,0
1049,1,47,39
1054,1,38,36
1039,1,49,36
1015,1,62,39
978,1,92,59
968,1,99,65
972,1,96,63
954,1,114,79
942,1,126,87
935,1,136,92
948,1,131,93
951,1,141,92
952,1,146,94
960,1,147,87
974,1,139,76
998,1,120,63
1018,1,108,53
1034,1,97,42
1048,1,82,36
1055,1,78,32
1052,1,81,30
1032,1,108,46
1003,1,141,61
988,1,162,65
979,1,174,68
973,1,180,72
974,1,181,71
974,1,181,72
979,1,180,68
977,1,178,68
974,1,186,68
961,1,201,78
945,1,218,85
951,1,216,87
956,1,218,86
947,1,222,86
942,1,230,86
939,1,233,84
943,1,236,79
943,1,239,79
945,1,239,79
946,1,238,79
947,1,239,77
950,1,242,74
957,1,236,71
969,1,235,67
980,1,225,64
1012,1,197,64
1050,1,168,63
1078,1,141,63
1166,1,60,29
1205,1,32,18
1200,1,40,23
0,0,0,0
0,0,0,0
0,0,0,0
0,0,0,0
0,0,0,0
0,0,0,0
0,0,0,0
0,0,0,0
0,0,0,0
0,0,0,0
0,0,0,0
0,0,0,0
0,0,0,0
0,0,0,0
0,0,0,0
0,0,0,0
0,0,0,0
0,0,0,0
0,0,0,0
0,0,0,0
0,0,0,0
1048,1,110,15
903,1,253,25
876,1,282,39
840,1,324,62
841,1,370,89
882,1,395,125
916,1,364,156
952,4,329,185
965,32,315,184
964,56,317,186
921,50,359,197
847,1,433,250
760,1,467,248
671,1,426,261
617,1,403,268
598,1,379,284
621,1,346,286
645,16,324,276
670,32,303,269
686,37,298,273
710,35,303,253
742,26,297,293
799,24,264,293
793,29,260,282
754,25,325,279
775,14,309,274
775,6,312,263
779,1,315,257
788,1,337,246
829,1,330,237
840,1,326,221
821,1,316,215
799,1,293,215
745,1,303,209
698,1,306,200
660,1,310,195
640,1,310,182
632,1,314,170
636,1,303,174
647,1,302,163
671,1,301,174
737,1,268,162
715,1,320,148
750,1,310,135
776,1,306,106
920,1,176,125
905,37,96,68
909,33,86,66
920,25,80,60
903,1,101,77
917,1,86,61
928,1,71,51
910,1,88,51
890,1,84,50
887,1,80,46
865,1,87,53
853,1,87,53
839,1,88,53
808,1,123,61
696,1,229,63
616,1,272,66
599,1,339,66
594,1,360,72
589,1,376,81
593,1,375,89
595,1,380,93
596,1,384,98
601,1,388,100
605,1,390,107
608,1,395,113
611,1,394,113
615,1,395,118
625,1,394,119
640,1,394,111
654,1,396,108
669,1,391,105
697,1,373,102
702,1,336,100
753,1,327,95
740,1,367,96
724,1,236,105
769,1,126,98
982,1,120,9
0,0,0,0
811,1,297,55
799,1,314,122
773,1,353,126
760,1,369,127
761,1,369,128
761,1,374,130
763,1,374,131
757,1,383,132
757,1,387,136
759,1,387,124
773,1,281,132
723,1,410,131
710,1,412,129
704,1,410,127
697,1,410,120
698,1,406,115
699,1,405,106
695,1,393,91
831,1,213,65
962,1,53,28
943,1,49,14
0,0,0,0
0,0,0,0
0,0,0,0
0,0,0,0
0,0,0,0
0,0,0,0
746,1,119,14
664,1,205,39
636,1,257,45
634,1,287,45
771,1,200,46
872,1,181,61
780,1,344,79
862,1,386,79
962,1,318,66
1048,1,232,48
1164,1,116,27
1224,1,56,15
