654,521,301,77
663,521,272,91
659,526,280,99
665,527,281,112
665,529,286,128
667,523,284,129
669,525,283,127
667,532,285,128
668,535,284,128
670,533,284,126
667,527,286,128
667,526,283,130
667,528,284,129
667,531,283,128
668,531,283,129
667,531,285,128
667,533,285,127
664,535,286,128
661,537,283,129
660,541,283,128
661,542,283,128
659,541,284,128
660,542,281,128
662,543,269,127
662,540,284,129
663,542,276,130
663,544,280,128
662,547,275,129
663,547,270,130
662,547,274,129
663,550,273,129
660,550,276,130
659,550,276,130
657,546,275,130
657,545,282,131
654,544,285,131
656,542,283,131
656,535,286,128
660,533,288,131
675,537,286,135
685,546,280,142
695,554,279,155
701,548,282,166
717,534,280,178
723,516,279,183
732,498,282,189
741,512,294,191
787,544,298,175
791,557,298,163
728,540,338,180
711,542,344,178
724,554,339,167
732,566,340,154
731,568,351,152
730,581,358,139
737,585,363,136
745,575,369,146
754,569,366,151
761,567,364,154
812,579,336,141
