1,1,412,394
1,1,413,389
1,1,411,396
1,1,411,404
1,1,406,409
1,1,406,401
2,1,404,388
1,1,405,385
1,1,411,385
1,1,407,380
1,1,406,387
1,1,406,390
1,1,410,388
1,1,412,404
1,1,411,406
1,1,412,402
1,1,410,404
1,1,409,417
1,1,411,452
1,1,409,448
1,1,410,450
1,1,406,445
1,1,405,433
1,1,407,416
1,1,409,423
1,1,407,419
1,1,408,416
1,2,406,418
1,1,406,429
1,1,407,424
1,2,406,417
1,5,407,416
1,26,401,394
1,44,378,371
1,59,381,360
1,63,390,376
1,72,405,397
21,81,387,425
13,99,391,438
1,114,407,464
1,126,406,457
1,148,403,421
