434,3,441,711
415,1,523,708
460,1,505,715
6,1,1027,718
41,1,746,715
115,1,624,713
423,1,359,718
353,17,597,703
377,31,654,687
398,120,559,600
301,103,594,615
290,67,672,650
275,19,717,700
176,1,892,716
140,1,983,718
86,1,1043,717
55,1,1071,714
34,3,1092,714
32,1,1089,715
38,1,1085,712
46,2,1081,714
55,3,1070,712
62,1,1055,717
4,1,886,711
1,132,632,706
7,138,765,578
35,44,837,666
367,1,909,713
309,1,964,633
234,1,754,382
204,1,1071,265
210,1,763,652
219,1,859,240
237,1,683,398
226,1,1051,358
172,1,881,273
155,1,863,619
154,1,903,438
443,1,650,533
156,1,1109,719
191,124,780,593
180,117,786,601
135,138,814,578
129,139,819,578
135,132,814,586
148,125,803,594
114,97,697,618
55,107,692,612
1,195,440,524
7,127,752,590
1,91,877,623
7,93,698,624
4,114,640,602
47,110,490,609
92,156,461,561
180,222,421,494
270,255,368,460
306,269,352,442
311,268,355,447
312,273,359,440
300,266,365,448
263,264,420,452
257,260,482,455
261,259,477,459
262,265,464,456
312,233,374,483
285,243,378,470
266,255,393,464
244,251,415,464
209,238,440,480
366,257,491,464
465,378,163,341
455,411,179,308
431,379,183,341
446,423,315,294
519,443,260,277
592,369,209,347
594,274,267,440
565,210,310,502
528,169,308,550
399,152,415,565
343,242,500,471
277,193,351,522
220,125,442,589
147,26,423,688
131,1,416,720
99,1,434,602
283,1,288,522
316,40,298,480
317,41,315,456
315,45,318,426
290,41,335,438
334,39,300,438
339,40,286,446
342,36,298,444
340,36,289,442
335,33,296,449
347,29,284,445
339,31,297,431
346,31,291,419
353,34,299,386
365,34,306,392
372,30,310,412
381,30,308,402
382,32,320,394
403,32,325,395
418,31,338,414
411,31,343,420
401,45,351,427
409,112,333,397
429,237,346,405
436,242,331,409
423,236,337,427
375,235,330,451
293,232,353,455
261,226,387,461
208,237,413,388
237,210,407,506
269,227,413,491
276,226,449,492
330,223,436,492
360,211,436,505
370,212,455,505
392,205,463,511
367,198,484,526
372,213,473,505
360,232,469,407
335,239,433,338
328,245,383,326
343,237,366,316
314,239,394,354
427,239,288,378
440,238,265,377
468,237,261,372
449,239,305,366
480,242,279,354
462,245,288,362
469,247,293,359
475,250,290,362
474,253,293,360
476,254,299,366
481,256,298,365
479,253,299,374
478,251,303,369
482,249,295,374
471,244,304,382
476,227,344,402
479,213,317,419
449,215,295,434
421,216,323,438
400,214,333,435
392,216,338,426
329,209,384,420
385,216,325,398
351,209,338,388
378,206,316,387
401,208,302,406
418,199,270,402
419,197,299,390
415,200,307,387
407,208,290,362
409,215,311,409
414,220,306,401
410,226,313,393
414,228,313,388
424,232,304,382
428,234,297,377
428,235,308,376
423,239,322,366
423,241,324,383
446,229,300,397
466,215,277,428
492,208,278,445
521,211,294,457
541,212,311,467
552,211,317,480
565,206,389,509
556,200,326,508
457,195,411,519
412,191,438,529
406,189,418,528
351,191,451,529
330,193,461,527
315,190,462,524
314,193,459,706
443,193,334,525
411,190,366,529
437,195,351,518
444,199,352,514
446,203,354,511
448,205,363,506
465,208,349,501
460,202,362,507
464,206,356,511
459,205,362,506
462,204,354,501
468,206,349,483
470,203,348,486
478,202,342,489
475,200,348,491
445,199,387,487
413,202,417,514
427,200,408,517
438,193,405,522
437,185,419,529
517,186,347,528
418,189,441,528
400,188,461,532
559,185,312,535
567,181,308,535
598,184,282,530
611,184,283,534
612,181,282,532
523,188,373,525
537,191,371,516
556,193,361,510
548,211,363,456
547,207,357,438
510,210,404,432
502,211,408,415
493,213,414,417
519,215,389,411
511,217,398,426
506,221,400,430
512,237,389,395
515,239,387,375
502,241,402,371
508,239,398,379
511,241,400,452
486,228,425,466
523,204,385,489
517,190,387,495
506,189,377,488
503,197,353,468
485,201,322,445
460,212,290,419
436,219,280,400
433,222,268,378
430,226,264,361
451,231,265,347
435,237,331,342
475,226,293,365
496,224,261,374
491,229,293,379
534,226,274,390
532,223,290,401
511,223,316,467
495,228,317,452
417,223,356,489
343,222,390,498
300,203,411,511
272,214,437,500
252,212,463,506
236,217,435,497
233,222,430,494
225,219,484,501
221,216,480,497
237,217,461,500
226,212,482,498
229,214,489,505
232,214,484,503
231,216,481,501
230,218,479,499
235,215,481,503
233,216,487,503
238,217,483,496
236,214,482,488
243,213,481,711
241,212,482,507
234,206,489,506
235,205,485,511
240,208,483,510
236,206,479,512
247,207,476,506
243,211,479,503
239,214,478,502
236,218,456,499
275,214,448,499
279,214,442,501
276,217,438,498
262,224,455,485
263,228,458,485
240,231,473,480
240,223,471,495
239,217,421,499
244,211,415,504
239,205,422,510
245,202,420,513
261,221,411,491
306,210,387,503
365,203,375,511
418,207,370,509
461,217,366,496
493,214,358,492
508,219,359,460
510,218,349,453
504,225,357,448
472,230,356,463
448,235,351,438
413,236,358,447
386,230,353,441
372,232,351,480
347,230,375,459
409,222,326,424
415,229,302,464
408,224,325,457
421,225,317,453
457,223,301,455
431,223,349,456
469,226,331,450
474,237,343,476
493,233,339,479
486,240,347,473
473,257,360,454
468,311,380,405
466,333,387,380
472,311,390,399
469,300,402,406
474,332,397,384
489,345,394,374
455,308,443,407
474,286,436,408
499,299,416,406
512,290,410,398
526,246,386,417
510,222,383,410
530,225,343,432
506,222,345,451
485,231,338,455
456,230,343,457
402,229,351,481
345,232,354,482
305,224,369,493
291,229,369,499
279,232,377,487
280,231,397,484
303,226,378,487
330,223,399,497
364,235,392,480
374,234,413,481
404,237,408,477
422,237,412,479
391,228,464,488
472,225,399,495
492,218,400,496
508,220,397,495
514,219,397,495
512,219,395,500
516,215,394,504
514,217,396,499
513,217,394,500
517,215,393,497
519,218,393,497
529,221,380,492
535,225,375,491
546,231,361,481
534,234,373,481
557,232,353,481
534,230,377,489
537,228,382,484
534,228,386,489
537,225,384,489
540,217,394,500
546,212,402,508
557,211,404,505
558,212,396,502
557,214,375,488
544,226,361,457
539,237,325,421
538,245,296,390
530,240,289,380
534,238,280,377
531,239,290,378
531,243,294,375
536,239,291,374
541,240,299,374
548,246,311,375
555,246,311,382
556,250,318,382
573,241,296,405
573,241,301,414
570,243,306,425
579,242,306,424
580,242,319,401
563,240,344,396
571,245,333,403
576,237,329,416
583,242,327,411
577,242,337,429
588,243,335,438
593,239,327,427
594,237,328,427
597,237,325,425
600,237,321,419
599,235,322,427
588,229,331,430
578,223,322,435
570,222,340,439
572,225,315,487
565,225,295,494
514,228,304,491
452,238,306,480
354,245,317,472
277,231,311,469
232,227,301,489
203,234,302,438
203,231,296,422
198,231,300,435
214,232,294,429
240,234,294,429
276,242,299,443
318,251,304,440
357,241,298,447
365,238,299,449
361,236,307,457
359,234,311,460
364,233,311,457
362,235,321,454
377,235,334,452
398,239,317,456
402,242,304,463
431,240,275,419
434,246,277,416
435,241,279,423
434,242,283,416
411,238,315,461
420,246,307,446
415,247,313,442
412,246,309,445
416,245,309,441
419,242,307,446
419,240,307,421
421,240,303,423
424,238,302,412
421,240,305,413
421,241,308,410
424,240,302,410
423,240,308,408
426,243,305,405
417,244,315,407
414,245,304,403
421,240,298,417
394,240,319,461
396,236,313,436
350,233,358,472
349,238,357,465
353,239,331,443
317,233,351,452
261,222,378,472
244,219,387,459
