441,225,239,255
427,231,241,250
397,232,272,247
374,252,303,227
360,255,270,227
321,245,256,234
294,246,251,233
292,256,236,221
303,249,237,229
314,247,241,230
327,244,247,232
341,241,261,236
353,233,262,243
355,235,247,243
351,250,229,229
346,268,220,211
364,262,198,217
369,258,202,219
368,264,207,215
366,258,213,219
363,241,212,238
357,224,213,255
346,208,221,270
340,187,230,291
335,164,242,313
316,147,269,331
312,137,272,341
305,125,282,351
300,121,290,354
313,106,290,370
330,98,299,380
335,96,325,381
339,82,345,396
336,74,371,401
354,94,383,382
343,126,427,351
313,100,467,378
272,27,440,448
267,1,451,472
239,1,563,478
195,1,637,475
210,1,638,479
285,3,564,476
433,1,418,480
446,1,402,404
513,1,317,282
46,1,665,366
239,1,403,416
141,54,470,363
86,73,543,393
143,82,531,371
198,80,433,390
217,68,434,381
176,89,414,374
221,95,311,363
243,99,310,349
247,102,333,341
241,102,332,329
273,103,316,325
294,105,295,323
298,107,300,319
290,106,365,323
292,107,331,325
329,110,245,326
333,110,256,325
326,111,247,326
328,116,237,324
322,114,255,324
326,122,253,318
326,122,253,314
327,121,252,319
328,124,255,316
331,123,252,322
330,128,254,317
333,129,252,318
331,130,252,318
332,129,252,322
334,134,250,318
337,133,240,323
339,140,226,316
338,144,230,317
339,148,232,315
339,150,231,314
341,152,232,313
347,153,231,315
349,158,230,310
345,157,230,313
347,158,234,312
347,154,235,315
348,155,229,315
345,160,231,314
348,156,222,320
348,154,220,318
349,155,217,316
352,151,214,316
350,150,218,316
348,150,220,314
347,151,222,314
353,150,220,315
348,153,218,310
354,147,219,318
355,152,220,315
357,147,219,319
366,149,206,319
368,149,206,315
368,149,207,317
345,143,234,325
344,147,234,321
345,147,232,323
344,147,231,323
346,145,231,326
346,150,227,324
350,150,224,322
347,148,230,326
344,144,231,329
344,149,233,323
346,151,229,320
345,148,232,325
347,148,229,326
343,152,236,322
345,156,236,319
346,158,234,313
341,155,239,315
342,152,236,320
340,156,240,309
375,153,208,310
378,152,215,310
371,154,213,313
340,157,223,319
300,167,238,311
284,160,245,319
291,159,244,318
303,163,242,313
321,162,244,315
326,161,250,317
327,161,254,318
331,163,256,316
346,163,241,318
347,156,242,319
337,162,244,316
334,162,236,315
330,163,241,312
341,156,227,324
338,156,234,314
336,166,236,314
325,160,247,317
318,161,246,315
325,159,241,318
337,158,234,322
345,153,244,323
347,151,257,321
353,149,258,320
358,147,252,319
358,144,249,321
355,139,246,323
347,140,253,328
344,139,253,327
346,137,250,330
340,134,253,332
342,133,252,335
336,133,256,334
335,138,252,330
332,137,254,330
323,143,249,324
319,140,246,327
320,149,242,316
320,148,240,319
324,144,245,323
323,148,241,318
316,143,244,326
316,142,237,327
315,142,241,324
315,142,242,328
315,144,242,324
313,146,243,329
322,146,239,330
337,147,235,329
345,148,230,325
340,149,236,325
340,146,240,328
338,151,233,325
314,149,248,324
308,155,245,320
306,147,240,326
301,149,244,327
299,152,244,323
298,152,247,320
296,155,251,318
296,147,253,325
300,149,255,321
304,148,251,325
299,153,252,322
302,152,245,328
301,149,248,331
300,156,255,322
298,149,266,330
301,149,261,327
301,155,257,322
301,152,254,329
302,152,250,323
298,152,260,323
294,159,269,318
290,164,277,314
291,163,277,316
287,161,279,316
289,157,275,325
291,159,272,318
293,161,269,316
294,157,267,322
297,154,265,324
301,155,263,319
302,158,262,317
306,156,250,326
317,149,237,328
323,171,227,307
322,173,230,301
316,168,235,314
314,156,237,317
314,149,233,330
322,148,229,332
323,142,236,338
324,136,235,342
340,137,224,343
337,146,231,331
333,143,239,334
330,143,235,332
323,146,237,333
319,148,240,329
316,148,239,328
316,144,241,332
315,145,242,331
318,149,238,331
317,145,249,335
315,148,259,329
321,153,257,322
326,152,254,323
325,149,256,320
331,147,250,326
334,141,243,333
335,146,241,329
332,146,244,328
335,141,242,331
333,146,242,329
324,148,250,323
320,150,254,318
319,146,253,323
319,144,253,329
316,147,256,324
317,145,253,325
317,150,252,317
316,154,251,312
317,153,252,312
316,147,254,319
316,150,248,319
318,149,249,322
316,145,250,328
318,149,248,325
318,149,249,323
320,150,248,324
316,150,247,323
315,154,248,317
313,156,250,312
309,158,257,310
311,158,259,314
310,154,262,315
315,161,260,309
319,157,257,313
321,154,255,316
329,153,246,322
340,152,238,323
345,151,234,327
350,153,232,325
353,153,232,327
348,153,237,328
348,153,241,326
348,148,241,331
340,149,248,330
340,149,249,328
334,158,254,320
333,157,260,322
338,164,257,315
335,160,260,319
340,160,253,319
339,157,255,322
342,156,249,323
346,157,242,322
346,155,246,324
345,157,247,321
342,157,238,321
337,152,239,325
337,156,240,322
337,150,238,329
338,155,238,326
336,147,239,331
334,154,244,325
329,148,249,328
327,153,254,326
319,159,262,320
316,162,266,317
314,161,273,318
312,159,278,320
318,160,271,319
318,159,269,320
322,152,264,327
328,151,256,328
333,148,256,327
334,145,255,330
335,150,258,324
335,154,262,313
344,151,253,315
357,153,241,312
374,152,231,311
374,152,242,318
371,161,226,311
343,160,243,315
337,164,238,309
335,161,235,315
332,168,233,310
332,171,231,307
326,170,235,306
335,171,232,308
364,170,227,311
404,162,225,315
451,153,207,327
442,149,227,328
432,148,221,332
413,152,211,326
381,162,207,313
355,161,201,297
337,159,201,289
336,160,200,280
343,160,200,282
362,165,199,280
389,164,197,277
416,160,201,283
436,160,200,283
446,158,206,292
451,172,207,295
436,179,209,292
409,180,208,293
376,175,207,295
341,173,204,303
318,171,204,305
310,171,210,306
321,170,211,307
334,169,215,311
346,173,213,307
353,176,213,303
356,173,215,307
359,172,212,304
358,171,212,300
357,166,209,306
357,162,208,310
358,157,209,314
355,154,211,319
355,152,215,320
354,152,215,320
354,147,212,318
349,149,214,313
345,146,219,314
340,150,224,311
350,144,216,314
354,147,211,311
361,145,208,317
359,145,214,316
366,145,208,317
365,144,212,321
365,145,214,321
367,149,215,320
365,152,218,317
364,151,214,316
367,149,211,318
360,156,215,309
362,151,203,308
361,152,211,317
360,156,208,315
359,158,208,312
359,158,208,315
359,154,208,320
361,155,210,317
361,159,210,313
362,164,210,307
362,160,212,309
366,161,205,307
366,157,202,314
362,154,205,317
364,157,201,312
358,153,215,316
362,157,204,313
362,160,204,311
362,162,205,307
361,158,215,308
364,151,211,312
366,152,210,311
361,152,211,314
356,153,213,313
355,150,212,322
352,151,215,323
363,153,203,326
363,156,210,322
364,154,217,326
370,159,214,316
375,157,212,318
377,156,213,317
383,160,205,311
381,162,211,307
383,156,210,313
385,160,207,311
384,161,210,307
383,163,209,304
381,157,209,314
381,155,210,315
378,157,213,314
380,157,212,312
380,155,211,316
382,161,213,312
381,159,213,310
381,159,216,310
377,158,217,309
381,157,212,308
380,153,212,310
385,154,207,310
392,157,205,304
407,157,201,305
404,156,213,303
399,158,218,307
387,158,221,321
366,155,220,320
346,155,224,323
347,147,232,333
353,148,226,331
342,144,233,333
339,146,237,325
336,153,237,313
335,151,236,315
328,156,238,311
342,155,222,312
324,159,242,310
323,160,236,313
332,155,229,318
343,156,227,321
341,162,236,317
343,166,236,313
358,161,238,317
382,155,236,324
421,160,236,319
451,155,237,326
463,147,236,330
463,153,231,324
444,147,234,330
420,147,237,334
400,147,234,331
385,150,226,329
373,149,221,329
364,145,217,332
351,145,223,331
351,140,219,335
347,144,224,332
350,140,222,338
356,140,223,336
362,143,230,337
371,142,231,336
376,145,229,334
377,152,229,328
373,154,231,325
368,155,233,323
367,154,233,326
364,151,229,327
365,145,223,331
370,145,217,332
374,139,214,340
382,137,206,336
392,139,211,333
399,135,223,335
405,133,227,336
410,134,228,334
409,131,229,337
403,128,233,343
395,129,239,343
391,133,237,343
388,134,237,341
387,130,237,348
385,133,242,343
389,132,243,345
404,136,234,345
383,138,238,342
339,151,233,328
274,157,237,322
223,148,246,334
195,145,260,331
229,134,222,337
202,125,256,333
212,113,250,335
209,114,254,327
202,112,262,329
189,109,266,334
178,113,272,330
177,110,268,336
183,113,265,333
185,109,264,332
193,114,262,326
203,112,259,322
214,122,253,314
228,121,246,318
246,125,233,312
258,131,230,313
271,137,225,309
279,132,228,314
284,137,230,310
290,144,234,305
289,147,237,301
286,153,235,297
283,150,234,301
283,150,232,297
293,153,228,300
291,160,228,298
289,163,228,298
290,162,219,312
293,158,220,321
292,160,218,319
285,164,225,313
273,167,234,314
260,163,240,315
253,163,251,315
258,165,254,314
271,154,253,320
293,156,246,310
305,152,246,312
319,150,236,309
330,153,226,305
330,151,224,306
330,149,225,305
334,153,225,300
336,151,221,303
337,149,216,305
327,146,224,308
324,150,225,308
315,147,230,314
307,155,234,306
304,154,235,311
299,150,236,317
295,151,238,320
283,147,241,328
276,146,237,330
283,147,233,325
299,146,239,313
310,147,233,303
305,139,241,300
297,130,251,306
294,125,247,302
302,116,258,313
322,106,258,323
333,94,267,350
336,82,271,378
328,67,281,406
310,54,291,423
288,36,307,441
271,28,315,451
234,19,360,460
243,1,366,487
240,1,375,474
204,1,412,474
178,1,435,475
148,1,478,478
145,1,531,475
185,1,577,474
255,1,592,477
286,2,567,475
316,2,526,477
347,5,505,470
377,4,478,474
387,1,462,475
366,4,487,474
304,1,543,477
220,3,627,477
109,5,735,474
30,1,761,483
11,1,723,485
37,1,684,475
94,1,646,480
154,1,545,479
201,4,487,473
235,4,434,476
247,1,412,482
227,6,434,471
217,1,431,483
215,15,417,463
250,40,378,434
278,66,344,415
281,88,321,389
272,97,302,381
261,113,282,365
251,120,268,359
253,130,248,346
269,132,234,340
283,125,237,328
314,123,220,317
331,123,218,306
350,127,207,298
345,134,214,300
346,140,212,305
341,144,218,311
341,151,214,305
340,145,216,317
336,150,217,310
333,156,217,302
331,153,219,305
332,155,218,296
328,149,221,298
329,143,219,293
331,142,216,289
331,138,217,289
331,138,217,289
330,141,219,283
332,135,219,292
328,142,225,289
329,143,221,286
331,141,220,287
331,142,219,285
330,139,223,289
336,145,218,286
337,144,220,291
341,147,219,309
349,144,214,308
350,139,218,312
353,140,216,304
355,136,215,309
357,135,214,307
357,134,209,307
358,134,210,310
355,133,211,322
355,138,206,324
358,140,208,320
356,141,208,317
357,138,206,319
357,140,204,318
355,141,203,316
354,136,202,319
356,137,202,320
354,131,206,325
354,127,208,325
349,120,214,326
346,106,215,334
349,97,217,333
354,81,231,341
367,63,239,355
379,48,250,368
379,35,266,385
380,25,271,401
375,6,282,426
353,1,308,441
331,1,339,460
316,2,369,474
300,1,407,480
295,1,445,476
293,1,478,477
268,1,517,477
232,1,554,480
206,1,580,480
189,1,598,476
172,1,609,475
157,2,623,475
147,2,630,476
142,2,625,476
152,1,612,476
151,1,609,476
166,1,598,473
177,3,583,475
187,1,576,478
199,1,562,476
202,1,557,479
211,1,549,477
214,1,532,479
221,1,510,474
217,19,487,456
225,38,458,440
236,18,417,461
236,42,388,434
232,89,358,390
245,147,322,332
260,146,309,333
276,140,290,339
281,132,271,347
275,122,266,357
277,120,261,359
287,125,253,340
304,133,247,313
335,153,227,303
348,165,216,295
354,166,219,294
361,161,217,302
366,155,216,307
369,152,219,306
365,146,218,313
363,145,216,314
357,142,224,320
352,142,219,321
349,136,216,329
353,141,226,330
350,154,223,323
340,155,225,325
350,159,221,319
348,165,231,313
349,166,228,315
349,160,228,315
355,154,227,325
359,154,220,325
365,155,220,324
371,156,219,323
375,155,219,323
379,160,216,319
381,155,218,323
381,159,216,319
380,161,216,318
381,162,212,317
377,165,215,314
370,162,218,317
367,168,223,309
365,167,220,312
361,170,223,309
363,168,222,310
362,170,219,309
362,166,218,313
360,170,223,308
362,168,221,310
362,166,223,313
361,164,225,315
364,166,226,313
364,167,227,312
365,169,225,309
366,169,224,310
364,168,226,311
365,165,222,312
366,162,222,315
369,167,220,312
372,163,217,315
374,168,218,309
376,172,220,307
379,172,215,307
378,173,217,306
379,173,219,306
377,170,222,309
379,171,218,308
379,169,217,310
379,171,219,308
378,167,222,312
379,168,221,311
379,169,221,310
379,169,225,310
378,167,225,312
377,164,221,315
374,163,223,316
373,162,220,317
371,165,219,314
368,168,218,311
365,167,220,312
364,165,218,314
364,164,216,315
366,163,216,316
364,164,218,315
364,161,219,317
366,160,221,317
370,158,217,321
366,155,221,324
369,154,221,325
368,149,225,330
370,152,225,326
372,149,224,330
374,144,225,336
376,146,227,332
376,147,227,332
376,146,228,334
372,143,229,336
367,142,228,337
361,145,227,334
355,143,229,336
348,138,231,341
346,137,231,342
347,134,233,345
349,134,233,345
361,137,229,342
373,140,231,339
386,145,229,334
400,149,229,329
409,149,227,331
409,153,229,326
406,156,228,323
399,165,233,314
390,165,239,314
381,169,238,310
372,169,241,310
367,173,242,306
359,176,239,303
348,170,245,309
345,159,244,320
343,160,242,319
344,160,233,319
344,162,234,317
341,160,232,319
349,163,225,316
359,154,223,325
368,151,224,328
379,155,230,324
388,163,231,316
390,161,234,318
388,160,232,317
383,162,225,316
370,159,224,322
360,159,215,320
352,163,212,316
354,163,209,311
361,165,206,306
372,166,203,304
375,171,203,300
377,174,199,298
375,175,199,301
369,182,200,294
362,190,199,290
358,197,210,288
355,195,214,283
353,187,220,290
358,189,224,289
369,186,226,293
375,187,230,289
382,184,228,293
391,183,231,296
395,184,231,296
395,184,237,297
397,183,241,297
407,182,238,295
410,179,236,299
409,178,238,300
409,174,236,304
409,176,232,303
410,173,230,307
409,173,228,308
408,168,228,310
405,170,228,308
404,167,231,311
407,168,229,309
412,167,230,313
418,162,227,315
423,158,224,322
420,159,225,317
410,154,226,322
397,152,225,325
360,145,240,332
320,150,239,330
298,150,248,330
296,148,241,329
308,143,214,335
298,136,227,343
304,131,226,348
318,130,230,346
331,130,229,350
356,138,231,325
384,144,225,309
406,148,219,293
413,149,210,282
401,154,208,274
389,155,193,265
366,157,186,257
333,159,192,245
311,154,207,246
306,157,205,248
299,162,201,250
291,165,192,256
269,163,199,264
268,162,185,271
242,162,209,269
252,163,198,269
261,164,198,270
270,163,200,266
293,159,196,264
318,158,194,268
348,164,179,264
349,161,180,269
346,164,185,278
342,170,187,281
334,176,195,294
317,182,212,292
307,178,219,298
288,181,229,299
292,175,232,304
315,181,229,297
341,176,224,302
368,170,222,309
378,163,227,318
381,163,225,315
373,163,225,317
358,161,230,316
348,161,224,315
331,160,230,318
311,165,244,313
314,163,235,317
309,161,234,317
307,162,232,315
308,163,231,315
307,161,233,315
316,160,226,319
316,159,229,320
309,158,240,320
307,156,240,321
312,154,233,325
311,153,234,323
313,152,228,323
309,149,232,328
310,151,228,325
309,153,225,324
311,153,222,323
310,155,224,322
311,158,223,320
311,159,223,318
312,162,225,317
311,166,226,312
306,167,232,314
305,169,231,310
302,174,235,308
304,174,233,302
304,177,234,302
311,179,229,298
311,180,231,294
314,183,228,295
315,185,228,293
318,183,224,295
323,183,218,298
324,192,220,287
323,192,226,288
328,193,225,282
331,192,227,289
337,189,222,292
335,192,225,287
334,192,228,287
332,194,229,284
335,190,228,288
338,197,229,281
339,191,232,290
349,197,228,287
353,197,229,281
357,195,231,288
356,182,232,299
355,175,233,303
358,166,227,310
362,160,224,316
358,153,222,327
357,145,221,333
356,142,216,332
356,137,215,329
354,137,210,325
350,128,211,322
344,125,212,316
341,124,211,311
344,123,203,301
344,121,201,290
347,121,187,277
338,122,192,267
337,128,188,260
333,137,184,252
330,151,181,244
333,159,173,241
333,163,171,232
337,170,169,223
341,169,164,223
354,170,152,222
346,170,156,222
336,168,158,224
327,164,163,229
330,163,159,230
325,155,167,240
331,153,171,244
333,148,174,249
341,144,179,256
332,141,197,262
331,137,203,265
322,139,211,273
313,143,214,277
308,141,216,287
314,140,213,292
318,148,213,287
324,149,209,283
327,141,206,290
327,145,208,284
326,139,205,290
324,144,205,286
323,139,199,291
316,143,204,287
321,144,198,292
319,143,200,294
317,144,198,291
320,149,196,290
320,146,197,292
322,147,195,290
323,148,194,287
324,151,195,284
323,145,198,289
322,150,198,285
327,145,194,291
