232,203,369,498
227,195,376,515
228,194,368,519
229,196,370,516
224,195,374,519
226,197,375,514
224,193,380,514
231,198,377,510
237,201,375,509
239,198,381,508
245,199,384,503
243,199,394,491
241,201,400,483
240,199,401,485
241,195,396,489
240,187,400,496
244,182,394,513
243,181,390,522
236,177,387,520
218,170,386,524
199,158,372,529
173,147,368,527
140,153,368,517
115,148,356,519
78,143,369,513
59,143,367,512
42,145,370,509
39,142,367,511
36,139,373,511
44,141,377,506
60,149,389,496
83,145,394,499
115,147,395,503
155,142,383,514
192,141,386,520
224,146,387,523
248,145,389,529
259,150,396,529
273,153,389,521
274,169,390,510
258,196,386,488
265,206,380,493
257,214,371,495
252,220,371,496
248,228,373,491
244,236,378,483
229,238,381,485
226,231,381,488
220,217,377,502
218,213,376,507
216,219,373,499
210,217,375,503
202,217,383,503
196,222,384,497
