231,228,60,40
230,234,60,39
238,233,45,43
242,228,45,45
242,212,48,47
243,205,48,49
246,206,53,45
253,207,47,43
253,207,47,44
253,209,48,45
253,210,49,44
251,211,53,46
252,209,51,45
261,210,50,44
269,209,46,43
267,212,48,46
266,213,49,47
263,208,51,47
260,211,55,43
267,203,46,47
261,210,49,44
261,210,48,48
258,209,48,50
256,212,46,46
258,217,43,44
252,222,43,44
252,219,42,44
245,213,51,47
250,209,52,48
252,205,50,50
252,208,49,45
253,213,49,43
253,213,49,45
253,212,48,45
252,205,49,45
265,200,34,54
269,197,33,54
267,196,34,53
265,203,31,52
262,209,34,51
263,212,31,51
263,210,33,49
258,206,33,53
257,204,33,48
254,199,33,49
245,203,34,48
250,203,32,48
252,200,34,48
253,195,34,49
256,192,33,50
242,200,61,47
230,212,62,37
234,216,58,34
236,210,54,37
245,212,63,35
262,211,63,34
264,206,60,33
265,202,58,38
263,207,58,39
263,212,53,38
263,207,60,39
264,205,64,37
267,203,62,37
265,203,60,38
265,200,49,39
275,187,36,56
254,197,42,56
270,197,36,51
273,186,39,48
273,178,39,49
270,182,41,52
282,166,41,49
253,174,41,51
259,167,46,50
267,174,50,38
251,183,59,38
241,193,59,42
247,196,61,41
271,157,38,60
266,160,43,46
260,145,51,50
273,149,39,52
275,140,39,57
276,135,39,55
272,141,49,53
296,161,36,38
0,0,0,0
346,240,36,50
349,239,34,52
340,241,33,50
342,249,29,38
347,250,37,43
345,237,40,45
341,250,39,48
365,266,47,34
407,298,45,34
406,282,48,42
395,274,49,47
398,275,47,46
401,285,43,44
397,285,41,37
392,276,46,37
389,262,49,41
382,242,51,45
381,246,60,45
398,248,53,35
428,253,59,30
438,227,47,38
438,202,50,45
432,193,44,47
401,179,54,46
382,184,57,46
381,185,56,48
382,127,56,46
368,131,51,47
364,149,63,47
373,161,55,43
358,173,61,43
349,181,60,41
373,180,70,43
475,166,74,31
548,157,54,33
537,152,62,34
497,135,59,36
466,123,58,36
452,124,54,38
421,143,59,37
390,143,59,39
360,108,57,40
347,69,55,47
334,87,61,42
346,108,42,43
318,133,44,41
306,174,45,40
270,201,57,43
272,212,59,44
270,200,56,41
277,203,57,30
286,197,59,39
292,201,51,34
280,202,51,31
271,198,55,34
265,201,57,37
262,198,57,40
248,198,55,40
252,197,55,34
244,197,48,35
229,204,54,38
198,203,56,39
200,197,56,40
202,198,55,38
184,197,56,36
178,193,55,32
172,188,55,33
172,185,63,36
189,183,45,36
185,194,50,37
199,212,53,37
273,242,58,35
335,261,62,40
375,279,61,31
355,279,53,29
405,270,63,30
463,243,62,30
520,240,61,30
0,0,0,0
590,217,41,59
0,0,0,0
439,286,33,56
417,284,34,54
410,246,37,54
396,210,38,49
373,204,32,46
362,207,32,45
344,213,32,46
335,208,35,58
320,199,43,52
328,194,33,47
317,196,33,49
311,207,32,53
273,234,41,53
273,207,41,52
277,192,37,51
263,171,32,46
251,177,30,37
0,0,0,0
125,125,56,38
143,132,54,34
204,121,55,37
252,123,56,39
276,118,54,40
305,141,51,36
318,157,53,38
321,158,41,45
317,162,31,45
319,158,36,48
320,158,34,46
318,157,33,46
323,167,33,48
323,176,32,52
323,178,31,50
321,181,33,48
321,180,34,46
322,180,32,46
322,183,32,48
322,176,32,52
322,171,32,51
321,175,33,49
322,175,31,48
311,166,32,47
309,171,33,48
293,170,58,36
302,167,49,32
303,177,46,33
296,175,53,32
293,172,54,31
293,171,56,32
294,160,53,31
297,176,50,32
296,171,52,31
296,173,53,30
295,151,55,30
