331,116,52,46
335,103,52,49
346,89,55,51
357,102,56,51
360,140,55,50
349,156,57,50
340,168,57,51
336,186,57,51
331,196,57,50
325,198,56,51
324,201,55,50
323,206,55,49
330,203,55,49
348,187,56,50
369,164,58,53
388,146,60,53
397,135,60,56
396,129,63,56
387,125,64,58
375,126,64,59
374,127,64,60
380,120,65,59
380,107,65,61
373,97,66,62
367,109,67,62
362,136,65,60
352,159,64,58
342,173,63,57
343,177,61,56
352,177,61,56
360,180,61,55
359,174,60,54
360,163,60,54
361,165,59,54
364,161,59,53
367,156,61,54
369,144,64,58
390,132,67,62
411,147,71,65
424,157,75,69
436,155,80,72
442,141,85,76
463,162,87,79
471,214,89,77
470,247,91,76
468,276,91,79
450,312,92,47
431,314,91,45
421,282,93,75
418,255,87,74
423,247,83,71
419,249,78,68
414,239,76,66
402,220,75,66
382,216,60,66
368,215,42,61
349,220,24,49
336,218,17,38
337,222,19,40
346,232,17,36
375,262,25,47
391,278,32,48
391,282,35,51
388,276,32,47
391,278,25,42
415,282,34,46
442,271,51,64
457,275,56,64
464,287,60,63
458,296,56,63
443,294,56,59
425,283,39,53
0,0,0,0
0,0,0,0
395,235,50,52
0,0,0,0
0,0,0,0
0,0,0,0
358,204,78,79
357,241,79,84
342,278,83,81
322,299,82,60
292,292,83,68
269,261,82,86
277,240,86,91
280,234,80,84
284,234,74,80
289,231,72,76
293,230,74,74
301,228,71,73
295,232,69,72
278,237,72,74
254,227,69,75
216,219,70,72
192,211,69,71
176,189,70,74
148,164,72,76
112,141,72,78
100,129,72,79
100,110,72,78
101,113,77,79
110,127,75,80
133,138,74,82
179,168,73,84
252,190,74,82
328,216,74,78
366,248,69,76
371,263,69,75
364,259,70,75
318,243,73,76
318,256,70,73
360,268,68,73
369,268,66,73
380,268,67,67
411,271,64,66
407,278,61,61
385,287,63,61
373,290,64,61
375,291,65,64
375,304,61,52
0,0,0,0
0,0,0,0
0,0,0,0
0,0,0,0
0,0,0,0
0,0,0,0
0,0,0,0
0,0,0,0
0,0,0,0
0,0,0,0
0,0,0,0
0,0,0,0
0,0,0,0
0,0,0,0
0,0,0,0
0,0,0,0
0,0,0,0
0,0,0,0
0,0,0,0
0,0,0,0
0,0,0,0
0,0,0,0
0,0,0,0
0,0,0,0
0,0,0,0
0,0,0,0
0,0,0,0
0,0,0,0
0,0,0,0
367,220,63,29
344,220,62,52
314,218,67,62
284,202,69,72
259,181,76,79
271,171,77,83
258,161,78,84
222,180,79,92
221,237,77,83
222,245,75,80
219,229,78,83
221,215,77,85
227,201,78,84
236,192,78,83
233,198,76,82
228,210,75,79
231,215,73,77
241,222,61,64
268,215,73,65
307,195,72,85
324,208,75,83
340,206,73,80
341,185,72,77
328,163,71,80
325,149,70,75
321,134,70,76
337,135,72,80
326,147,71,77
311,175,66,69
319,184,66,65
325,186,67,66
