374,406,132,82
384,402,126,63
382,384,116,73
374,368,143,91
395,379,128,94
420,403,134,52
420,402,107,96
450,398,83,93
479,395,77,131
458,412,138,109
470,441,141,64
516,443,157,38
548,436,142,51
566,440,151,68
575,452,143,94
576,466,133,81
572,454,134,84
568,447,129,82
568,419,124,104
571,415,119,115
567,421,119,107
546,431,114,109
572,435,85,129
565,426,50,166
543,442,82,116
521,423,99,102
513,390,122,118
513,344,123,92
517,304,108,101
562,252,91,107
589,196,95,132
599,168,100,125
669,110,51,78
682,116,41,59
0,0,0,0
0,0,0,0
0,0,0,0
0,0,0,0
0,0,0,0
0,0,0,0
0,0,0,0
0,0,0,0
613,337,60,47
557,336,93,50
534,314,86,46
493,311,126,60
474,322,122,61
446,331,120,54
441,328,138,58
451,324,141,55
505,313,45,74
513,253,125,114
500,239,145,124
502,253,147,126
507,271,151,126
516,285,152,117
518,284,155,122
515,277,160,118
516,256,158,120
513,237,166,118
