963,414,87,86
961,418,86,82
959,422,85,81
957,425,85,81
958,425,84,81
957,426,83,81
958,423,82,82
956,421,82,83
955,417,82,83
954,416,81,82
954,413,82,81
955,413,81,81
956,414,80,79
742,414,29,28
742,412,33,30
742,412,32,23
741,411,31,29
741,410,28,26
741,408,34,27
737,404,33,30
735,405,31,27
731,403,36,33
733,400,29,32
732,402,30,28
731,400,33,32
730,395,31,35
728,398,31,30
725,394,41,31
725,394,34,31
726,395,38,30
725,393,33,30
723,392,35,30
725,392,33,31
725,391,37,31
724,390,42,31
724,387,36,34
724,386,32,37
725,390,34,32
725,388,34,31
725,386,36,35
722,385,39,36
726,383,34,31
724,385,38,32
720,379,38,36
724,381,36,34
729,379,36,34
727,379,46,33
727,378,46,34
733,375,40,37
734,376,40,35
734,374,40,37
735,378,38,31
738,376,41,36
738,378,47,36
741,378,39,34
741,380,42,35
739,378,37,34
734,381,45,35
735,382,40,32
734,381,42,38
730,383,38,36
724,381,47,36
719,386,41,31
718,382,41,33
712,381,37,31
704,384,42,34
696,378,45,35
692,377,45,36
691,378,41,32
689,374,39,34
687,375,39,39
679,375,38,35
676,376,39,37
674,380,37,31
669,378,37,35
668,378,30,38
665,378,33,40
659,378,37,38
656,382,37,35
654,382,36,39
648,383,37,36
642,386,41,38
638,387,37,33
635,388,37,36
625,391,40,35
622,389,39,38
618,389,37,35
613,385,38,37
608,385,36,35
605,384,33,36
596,381,39,37
593,378,36,38
590,378,38,37
583,376,43,39
580,376,44,41
579,378,37,36
571,379,38,39
572,380,37,34
567,379,39,35
566,382,41,36
560,382,37,34
554,378,42,38
552,373,42,36
552,368,39,35
551,355,39,32
552,348,38,39
550,345,33,35
545,337,47,42
546,340,39,36
542,339,42,39
546,337,40,37
550,335,35,34
551,332,42,41
556,338,35,31
548,339,42,33
545,337,43,34
545,338,42,37
548,330,42,36
554,324,35,36
553,322,36,36
558,319,31,35
555,323,33,27
552,321,37,35
550,323,43,34
556,322,44,36
558,323,31,36
557,322,37,37
554,326,37,30
555,327,41,33
553,327,41,32
552,328,35,28
553,325,35,34
548,327,35,32
552,326,30,28
550,329,32,30
550,335,36,32
547,339,40,32
547,344,39,36
545,350,38,35
545,354,40,37
545,361,40,40
552,368,37,34
552,370,45,42
558,375,35,38
566,380,35,38
564,385,38,34
571,387,32,37
571,389,34,38
577,391,35,34
579,394,35,34
583,397,36,37
588,402,36,30
590,402,41,38
595,405,35,33
602,405,34,36
609,411,35,36
610,412,44,36
618,414,37,40
628,418,37,41
632,420,36,35
635,423,43,38
641,423,38,33
640,421,38,34
641,426,40,30
641,422,39,32
641,420,39,33
644,419,36,37
646,418,34,38
644,422,41,33
646,425,35,31
647,425,39,32
650,425,37,33
653,428,28,31
657,430,41,36
659,433,41,36
661,434,40,32
665,437,42,34
668,432,40,34
667,431,43,35
674,429,37,38
674,427,43,37
677,423,43,36
679,419,40,35
681,417,42,36
687,415,44,33
690,413,38,36
695,409,42,38
696,408,41,38
700,408,40,42
703,412,42,36
706,410,39,39
713,410,34,38
712,416,35,38
714,417,41,35
717,417,37,38
716,419,45,38
720,420,38,35
0,0,0,0
0,0,0,0
0,0,0,0
0,0,0,0
723,409,40,38
723,409,37,36
726,406,46,34
729,407,37,32
727,404,45,38
731,407,40,32
733,407,39,32
732,407,40,33
734,408,43,35
737,409,45,36
737,409,37,37
739,411,40,34
738,411,40,35
739,412,43,34
738,411,39,36
734,414,43,31
728,409,40,39
710,408,47,42
693,408,42,39
685,399,40,35
678,386,39,34
681,382,39,31
688,383,33,32
694,398,34,30
694,406,35,35
693,420,36,35
694,423,39,38
691,425,41,37
688,429,43,39
691,434,36,36
692,434,38,32
689,432,40,38
689,433,37,30
680,428,41,33
676,420,39,39
668,418,33,30
664,408,35,35
663,405,34,32
668,400,31,32
668,398,30,35
665,393,45,40
666,395,41,34
671,405,33,38
669,407,31,36
666,413,37,37
665,416,35,33
659,418,41,41
655,419,45,44
657,420,42,35
660,427,34,31
656,426,35,31
656,430,34,31
654,421,34,33
651,417,39,34
653,407,43,39
658,398,47,39
661,391,38,35
672,397,33,31
677,394,30,31
676,401,31,30
680,413,32,30
685,419,33,31
675,423,40,35
673,428,35,33
675,433,32,32
672,433,34,34
672,431,39,35
673,434,36,32
671,431,45,35
680,423,36,36
681,424,36,34
681,423,36,30
683,425,32,27
681,427,33,33
679,431,33,30
682,435,31,28
678,439,28,32
670,441,35,36
663,450,31,32
656,455,31,27
649,455,31,27
640,457,33,27
635,455,33,27
633,455,29,22
619,447,31,26
613,444,30,28
605,438,26,29
600,435,29,31
596,431,31,31
589,430,33,29
584,428,34,35
579,427,32,25
577,424,30,28
579,420,30,25
583,419,29,25
590,415,27,29
590,415,32,27
595,413,26,29
596,414,27,28
