167,132,79,22
207,95,11,82
159,113,70,36
170,102,57,77
165,131,81,30
187,117,37,56
183,115,44,46
175,114,57,49
0,0,0,0
158,129,64,50
169,129,60,53
173,118,39,54
169,116,49,52
166,113,57,58
166,113,42,61
169,116,47,55
168,136,59,26
185,118,10,67
165,140,64,12
185,104,9,68
177,144,41,8
179,122,36,68
177,120,42,57
171,130,55,32
185,125,18,56
152,138,67,27
194,148,11,49
169,120,56,53
187,116,31,48
175,108,38,72
185,160,28,14
182,127,18,69
169,126,58,46
175,124,43,53
171,115,48,57
161,118,40,59
165,109,49,78
158,150,68,10
183,119,14,64
164,130,57,33
160,132,43,57
171,134,43,62
169,136,60,37
186,124,12,58
172,139,62,16
200,140,12,10
178,135,64,25
198,116,15,59
167,130,71,23
198,124,17,37
202,124,31,29
176,142,73,14
203,111,26,67
192,126,39,41
194,131,47,24
203,103,7,76
176,131,45,36
185,131,53,37
203,111,12,71
179,135,62,17
198,108,26,63
172,121,59,47
174,132,56,34
200,130,7,53
177,127,62,34
186,123,48,52
187,134,39,30
185,122,49,46
184,115,39,61
168,141,79,9
188,117,37,65
187,114,46,56
181,125,60,35
197,124,18,52
181,138,60,12
198,125,13,60
177,133,48,28
201,137,28,38
180,119,53,55
186,122,26,27
193,133,29,29
184,120,50,42
180,116,42,58
171,113,17,22
174,117,22,50
171,99,10,74
163,139,15,25
163,121,22,53
169,127,21,50
164,128,26,39
161,126,18,54
163,130,19,40
147,113,37,45
159,82,13,66
143,86,25,65
130,135,35,20
157,152,10,53
168,138,21,20
176,95,16,58
182,96,14,54
178,127,20,18
185,92,14,64
183,92,19,56
184,101,26,32
0,0,0,0
208,90,14,13
214,94,21,15
214,102,25,16
221,63,26,36
0,0,0,0
207,128,65,35
208,123,12,67
162,127,75,44
172,116,53,56
180,118,41,42
171,122,49,44
183,125,51,62
168,132,63,46
177,126,55,36
197,109,12,59
167,138,67,15
185,118,22,63
160,131,63,32
168,116,44,61
160,134,66,31
190,116,16,58
167,137,72,11
197,110,16,63
171,131,68,28
186,114,25,68
160,139,68,21
187,113,16,65
170,135,67,29
174,122,52,53
185,114,40,51
182,130,41,31
186,120,34,61
159,133,63,33
175,113,22,62
166,140,60,11
195,122,12,57
158,117,69,39
191,96,30,71
174,133,66,24
188,117,13,58
182,116,29,60
170,127,56,43
165,152,71,10
190,102,18,80
169,139,60,25
183,118,36,62
169,128,61,48
169,129,54,44
190,108,13,67
166,141,64,19
192,117,10,82
160,127,67,40
179,122,44,43
187,116,37,48
174,138,63,19
193,114,16,63
172,142,64,22
169,123,52,55
187,116,18,48
180,135,53,19
186,107,36,63
168,126,66,44
175,133,38,41
177,120,37,59
160,146,74,12
196,111,27,56
177,113,44,60
178,121,60,43
179,111,41,74
163,147,68,15
182,118,38,61
186,115,36,66
168,143,60,16
197,124,16,63
176,131,68,23
187,115,26,73
186,116,18,73
181,120,41,57
190,118,48,58
186,145,62,17
201,121,34,68
190,122,48,32
184,112,60,31
201,115,44,59
182,150,62,25
187,147,8,28
144,142,54,25
136,104,45,39
160,60,18,46
172,62,62,29
207,69,10,63
178,99,58,20
194,78,24,68
0,0,0,0
180,94,70,38
0,0,0,0
184,55,31,29
208,72,42,26
0,0,0,0
221,57,26,50
227,116,60,11
203,118,47,42
187,112,48,51
196,110,22,54
180,121,63,33
187,120,45,48
179,122,53,51
193,114,26,59
176,130,62,25
195,108,23,59
175,124,63,34
186,119,37,57
181,126,57,40
194,103,27,76
170,142,71,13
198,115,24,58
173,137,73,21
199,100,16,78
173,126,67,30
184,112,35,60
175,131,58,33
186,114,38,52
176,132,63,27
202,119,14,59
181,129,60,24
205,104,9,69
174,132,71,17
193,109,15,69
154,144,91,10
192,113,32,63
183,122,50,52
180,128,53,39
186,110,45,62
185,111,53,52
176,121,61,49
178,128,36,53
163,131,69,28
199,113,16,71
175,157,64,24
171,118,24,82
0,0,0,0
187,123,45,33
192,121,59,30
225,142,16,12
228,159,39,10
222,147,32,31
193,149,69,25
166,98,17,80
84,108,75,13
148,69,33,36
0,0,0,0
225,104,50,19
0,0,0,0
159,124,41,20
0,0,0,0
189,108,45,20
192,110,51,22
0,0,0,0
206,111,22,32
188,132,46,16
188,113,32,55
182,130,45,18
201,118,12,62
187,126,45,17
181,98,28,58
175,121,30,39
166,121,48,40
181,119,11,62
174,111,35,65
173,122,54,47
175,139,70,21
185,116,44,69
0,0,0,0
179,117,53,51
191,112,25,68
165,134,63,19
186,107,15,69
172,131,49,33
179,122,47,59
165,134,66,32
190,118,18,49
173,135,54,19
185,112,35,56
174,118,53,45
177,128,44,44
176,107,41,68
159,131,68,20
173,103,58,46
0,0,0,0
185,159,47,20
176,152,11,58
177,139,13,24
187,142,13,17
194,122,56,30
193,133,55,15
238,145,19,26
238,151,13,14
232,149,20,30
231,141,25,58
215,136,47,55
180,108,34,52
135,71,42,28
0,0,0,0
230,91,43,46
229,109,70,17
0,0,0,0
148,118,58,32
156,121,43,28
183,104,52,29
179,112,56,20
0,0,0,0
193,103,23,49
166,119,61,25
182,104,39,41
180,111,34,41
163,125,57,19
187,132,19,52
177,135,68,11
190,131,12,37
184,119,38,42
168,114,53,49
174,121,41,43
183,118,25,48
179,125,33,15
186,107,36,66
174,115,51,30
193,111,26,58
184,136,58,19
192,107,30,64
174,121,58,41
185,106,32,65
160,136,71,17
185,116,28,63
177,127,46,42
162,127,74,30
194,110,17,69
177,137,42,26
185,133,41,32
183,110,31,68
169,128,54,27
185,125,45,44
198,104,11,66
176,132,43,26
165,121,62,43
187,118,12,70
0,0,0,0
200,100,44,27
183,52,69,17
196,3,43,50
206,1,15,44
190,1,41,32
180,19,71,25
201,37,28,58
198,122,23,29
173,144,69,23
187,154,9,64
152,179,49,48
107,194,55,21
101,194,48,27
96,205,42,11
97,206,41,10
96,206,41,10
96,206,33,10
96,206,39,8
94,207,37,8
96,206,30,11
96,208,31,9
96,205,27,7
100,187,58,12
97,161,63,24
113,127,40,47
138,131,35,31
0,0,0,0
148,128,31,26
178,119,27,55
184,125,26,54
178,136,60,19
192,108,27,59
182,119,41,44
171,123,56,35
190,107,17,63
170,129,54,25
181,118,41,51
184,111,35,61
163,128,64,23
195,117,12,52
165,132,63,10
186,95,13,56
175,127,37,42
168,136,64,14
190,110,19,59
181,130,38,27
171,115,56,44
181,122,22,58
170,131,38,33
181,127,49,37
197,109,9,66
177,130,53,26
186,115,37,52
172,114,49,52
166,132,65,22
191,106,22,69
179,117,50,48
181,122,56,44
196,103,34,65
189,117,32,41
165,136,65,11
169,139,52,19
177,139,42,9
133,121,28,11
139,101,28,13
148,92,23,8
151,91,53,9
0,0,0,0
151,88,46,7
139,86,51,11
133,93,56,11
0,0,0,0
147,110,14,48
166,126,9,24
169,107,10,46
175,141,48,9
162,140,70,10
164,138,69,13
164,139,70,13
156,134,65,17
155,124,58,26
167,101,23,41
164,77,32,33
175,67,14,47
162,73,33,26
167,71,33,30
151,81,60,12
155,78,41,18
151,82,51,12
139,88,57,10
145,85,52,19
170,85,32,19
168,102,71,16
191,103,42,18
253,139,40,19
247,152,29,22
0,0,0,0
177,104,29,20
0,0,0,0
0,0,0,0
0,0,0,0
225,143,31,41
236,162,39,39
0,0,0,0
0,0,0,0
191,116,43,14
195,101,8,10
162,112,43,19
158,143,38,21
185,170,10,35
200,154,40,28
192,121,15,51
165,133,57,38
178,122,64,11
183,44,39,60
