286,324,283,267
278,342,311,236
276,341,311,236
280,338,303,241
276,345,313,221
263,374,348,171
251,434,374,89
259,374,366,114
306,255,214,238
340,165,153,362
375,241,37,294
258,210,229,314
175,347,359,162
168,445,383,70
222,333,309,241
335,254,150,348
405,263,28,380
378,274,93,377
349,285,160,330
290,347,353,130
285,312,182,143
295,180,61,307
145,135,168,347
3,285,335,140
63,319,277,202
245,295,27,314
178,374,190,113
193,454,58,53
243,254,35,274
25,253,324,233
115,370,289,141
338,298,33,285
269,342,321,181
261,322,212,143
278,188,78,316
124,185,203,307
1,372,354,54
134,320,205,246
244,302,94,307
197,352,176,85
220,313,180,113
246,232,80,217
69,302,345,118
187,328,230,160
328,303,43,161
288,328,296,261
288,336,308,245
295,317,213,236
327,294,94,311
207,355,287,102
170,224,305,248
380,269,30,219
322,343,133,99
330,322,306,192
392,285,67,240
268,353,250,67
217,190,265,271
364,133,95,353
294,352,194,90
315,322,244,245
301,311,152,256
110,361,382,62
330,278,101,206
338,248,109,235
285,352,261,85
296,328,256,275
294,308,142,293
145,397,367,69
361,279,91,285
339,384,205,138
344,362,246,286
331,342,126,279
252,437,252,67
223,246,202,322
271,366,151,131
297,317,230,200
345,274,124,296
258,383,306,38
414,170,90,356
366,357,197,149
340,371,331,178
412,298,33,229
287,326,245,178
204,283,331,181
411,267,51,244
353,358,139,114
353,341,323,177
439,284,36,248
277,351,267,120
218,265,309,208
294,187,198,320
314,170,170,344
275,204,223,297
249,223,257,273
297,195,192,309
329,167,142,346
307,181,179,321
177,309,352,131
302,289,186,271
331,302,213,223
319,239,339,195
369,244,48,227
93,288,354,146
235,310,189,260
342,309,178,248
325,334,301,250
325,334,286,254
325,335,282,258
325,331,289,262
323,334,287,259
324,331,284,266
324,330,281,269
323,327,276,275
321,329,270,272
341,318,182,319
399,330,31,317
330,363,164,343
302,394,222,322
324,402,198,317
328,399,192,318
327,396,199,325
329,400,198,319
328,399,196,316
322,395,189,324
320,373,140,343
314,354,82,363
311,345,33,375
300,344,29,376
307,345,34,375
311,347,53,369
309,347,57,371
308,346,50,372
290,342,29,374
260,344,42,372
223,353,83,318
114,377,255,210
1,393,419,134
1,380,403,138
65,335,271,300
173,314,131,393
186,314,102,403
165,303,124,414
168,309,167,412
217,341,173,377
263,378,163,336
241,385,189,334
202,353,169,363
146,316,81,403
74,317,46,404
65,332,52,387
92,346,35,371
91,331,40,386
37,323,69,396
1,300,76,420
2,298,53,418
2,341,173,181
1,396,269,88
3,392,250,71
1,318,230,164
30,250,179,414
153,221,46,497
156,223,103,486
159,212,217,482
147,211,300,508
182,203,225,512
230,194,136,519
257,213,80,505
270,255,47,463
272,298,51,423
266,296,49,426
255,281,54,439
256,280,48,437
235,255,54,463
178,252,148,464
169,265,165,449
236,302,52,415
254,301,51,414
305,301,52,415
351,313,99,406
380,331,119,384
373,330,119,389
366,320,107,395
349,315,97,403
342,315,85,404
338,315,77,403
333,308,82,411
336,309,77,412
335,305,79,412
330,306,83,411
331,307,79,411
338,310,77,409
346,309,72,410
358,313,65,406
366,314,65,403
371,315,63,397
381,316,61,404
383,317,61,400
392,317,56,397
395,319,53,399
400,318,56,400
404,318,55,400
409,318,57,403
409,316,50,405
407,318,50,402
404,313,40,405
397,314,38,404
394,312,41,406
385,245,46,471
364,203,39,487
342,204,82,512
