736,216,85,504
786,270,41,46
678,1,158,382
749,1,111,387
722,265,558,38
800,159,74,561
609,233,282,60
756,1,87,365
744,1,289,339
748,212,428,508
669,202,212,268
590,1,236,404
582,1,229,467
442,310,259,410
270,284,251,346
291,116,199,288
397,1,69,435
295,1,417,410
316,160,255,560
165,69,344,364
383,1,160,291
467,1,168,311
431,130,340,590
200,119,338,357
375,1,173,303
489,1,128,319
464,183,372,537
273,192,269,372
285,1,280,460
618,1,96,496
663,328,228,392
609,304,107,218
518,82,191,317
613,1,78,414
680,344,198,176
705,250,55,424
653,163,123,162
710,1,39,374
690,290,391,66
767,217,36,425
665,140,142,265
644,1,199,472
537,317,143,403
385,330,204,164
460,61,75,360
455,1,166,411
402,286,379,114
368,147,131,516
321,157,243,113
521,1,40,339
525,1,242,262
455,140,29,564
323,193,220,111
568,1,53,418
708,322,309,391
713,276,67,274
632,67,154,294
739,1,49,361
771,286,223,273
783,216,34,363
710,89,151,243
775,1,66,365
729,233,436,192
781,155,49,380
653,48,169,312
629,1,220,426
541,263,93,457
387,305,202,90
471,22,74,359
452,1,156,362
417,241,330,201
358,131,173,414
365,19,191,268
530,1,41,330
482,212,212,347
390,183,96,340
364,1,159,411
624,13,52,429
737,261,92,459
700,33,144,240
761,1,25,54
816,1,41,157
0,0,0,0
776,1,27,217
748,116,107,433
732,158,140,123
789,1,31,325
767,135,356,157
823,184,70,464
707,246,173,31
791,1,41,357
758,77,309,253
780,223,120,440
663,268,169,100
662,1,105,482
525,342,101,378
423,316,128,33
454,1,38,260
436,1,37,28
469,1,30,276
432,64,143,92
498,67,40,480
390,407,197,205
355,262,146,276
374,104,169,257
506,1,32,364
471,288,147,112
414,222,77,391
389,162,147,148
484,1,63,333
504,14,82,302
444,217,57,490
377,244,144,111
443,1,96,346
500,1,77,328
460,210,73,490
370,230,162,152
463,1,98,317
526,1,104,309
512,202,104,466
403,207,148,246
434,1,152,297
555,1,57,335
582,283,148,258
528,254,109,401
506,340,141,40
435,274,198,194
341,307,233,301
214,319,293,328
123,232,345,433
171,194,371,481
112,364,577,230
407,356,270,364
414,397,488,223
540,119,214,497
257,243,529,257
479,251,262,469
441,302,445,315
516,111,279,522
173,328,606,163
560,238,125,482
481,207,435,329
365,111,420,411
515,248,254,472
465,379,536,105
566,74,181,523
498,271,287,449
500,358,492,53
588,51,135,506
349,299,456,343
505,259,379,366
602,107,139,488
257,340,549,215
546,239,403,333
674,85,103,421
344,306,547,61
674,160,235,506
685,150,200,405
363,300,566,187
636,197,397,305
768,39,36,459
416,229,483,316
547,200,427,333
669,38,97,541
541,188,262,532
500,256,511,149
442,1,395,471
635,130,128,583
444,233,539,281
176,157,647,321
552,148,290,572
568,77,215,461
176,293,678,102
492,159,404,492
637,44,78,576
358,241,449,479
440,316,599,75
547,1,231,523
494,170,325,550
465,312,599,173
256,127,624,363
624,152,333,568
675,42,190,483
302,266,650,196
566,206,464,374
686,1,127,580
619,162,218,558
543,168,569,256
446,56,458,382
715,111,51,609
573,128,319,457
202,282,675,314
461,262,615,150
510,1,297,483
634,115,132,599
581,244,515,299
538,199,403,386
731,336,25,384
401,422,490,51
441,243,45,409
48,457,625,192
511,236,256,484
580,102,207,478
243,244,645,287
502,204,560,371
763,128,57,591
490,447,424,202
700,481,212,194
386,496,107,97
211,374,374,234
417,318,224,402
319,399,730,52
333,103,371,497
441,147,204,573
214,342,724,153
362,120,453,438
558,67,188,653
430,287,677,63
627,1,268,535
772,207,139,513
662,426,350,113
705,479,86,103
272,476,234,231
290,408,478,292
450,147,301,573
149,330,713,141
343,239,593,416
528,68,58,543
156,253,553,440
409,287,676,161
584,15,139,514
322,198,529,472
401,351,660,110
361,108,450,433
569,133,238,587
585,49,177,504
274,227,586,394
393,330,649,114
272,77,524,455
533,161,294,559
579,51,166,505
247,237,600,376
376,331,639,133
255,77,533,479
522,174,313,546
602,60,101,510
328,216,481,504
398,314,616,181
119,280,692,198
494,220,440,426
637,43,54,510
310,215,524,455
397,369,631,79
158,206,661,291
479,207,469,434
619,34,105,509
504,162,261,558
481,133,459,482
195,328,579,392
396,183,648,152
624,1,292,129
754,1,260,307
805,1,62,393
684,174,312,546
620,183,479,427
326,372,652,288
570,197,561,127
750,1,206,234
792,1,104,453
715,1,222,450
481,350,532,311
541,445,495,64
328,207,486,377
547,189,369,426
657,1,113,378
669,1,81,516
616,78,298,345
446,371,533,217
563,432,467,45
348,275,487,275
571,243,362,331
683,1,108,360
669,1,96,444
608,1,343,306
432,362,502,110
662,349,310,230
724,205,136,470
719,407,53,313
449,452,424,129
482,298,77,370
182,513,499,75
645,358,63,362
569,317,439,215
420,233,428,281
713,283,63,437
645,332,314,326
545,411,295,207
656,534,34,186
398,495,365,30
431,354,38,278
202,503,409,146
448,367,319,353
510,137,58,462
464,299,141,421
415,280,309,353
360,109,347,313
0,0,0,0
0,0,0,0
0,0,0,0
709,1,27,26
656,1,66,361
599,284,407,325
393,367,426,276
686,388,129,332
603,503,418,89
662,332,25,314
275,447,394,130
354,433,190,257
318,340,326,352
283,286,403,271
502,259,51,461
378,325,423,182
318,171,258,349
356,306,257,369
441,348,427,82
545,143,54,372
321,350,420,141
519,318,291,280
661,221,43,408
531,409,219,253
626,479,163,88
433,502,48,79
278,488,306,48
502,337,156,384
520,156,35,445
496,301,69,419
466,203,139,427
504,146,113,386
504,1,199,330
425,64,326,351
