141,117,47,57
143,110,44,50
115,88,58,58
115,89,60,58
124,90,55,60
142,115,47,62
144,118,42,57
147,107,38,49
119,89,54,60
119,88,54,60
127,93,55,64
144,117,46,55
143,119,45,51
139,109,47,48
114,90,62,62
163,115,17,36
0,0,0,0
0,0,0,0
0,0,0,0
115,103,92,31
79,87,74,8
0,0,0,0
0,0,0,0
149,73,18,7
0,0,0,0
0,0,0,0
146,73,22,6
0,0,0,0
0,0,0,0
95,72,73,16
0,0,0,0
126,105,12,12
69,82,76,10
120,70,53,12
0,0,0,0
149,70,20,10
0,0,0,0
129,69,37,9
155,68,11,12
123,72,53,9
0,0,0,0
136,71,31,9
0,0,0,0
0,0,0,0
0,0,0,0
115,70,63,10
0,0,0,0
0,0,0,0
124,72,57,9
93,70,86,12
0,0,0,0
125,70,55,9
98,68,73,10
0,0,0,0
117,71,48,9
0,0,0,0
98,94,81,25
146,92,7,12
139,94,12,9
143,93,9,10
141,97,8,10
139,107,8,10
136,131,9,13
137,129,10,12
139,128,8,12
136,127,10,11
130,123,10,12
128,93,19,20
132,116,11,10
137,133,11,13
138,129,10,11
136,133,10,14
131,115,12,13
132,94,10,12
131,116,13,15
138,132,10,12
138,127,12,12
139,134,11,11
124,114,53,20
107,90,69,56
127,100,39,58
127,106,17,84
117,110,23,61
115,108,31,73
116,103,32,82
141,84,10,99
143,97,9,89
144,97,10,87
144,98,12,86
144,97,13,88
143,93,13,69
132,80,19,65
135,91,13,32
139,133,9,9
139,138,9,9
137,131,12,15
138,133,9,13
132,107,9,16
132,96,10,30
136,127,9,12
140,135,10,12
140,136,9,11
137,137,9,10
133,108,11,14
135,129,10,9
138,133,9,13
138,135,9,10
138,133,10,13
138,131,10,14
136,118,10,11
136,114,10,10
138,135,10,12
138,135,12,10
140,134,10,12
137,119,8,28
122,75,19,68
131,38,7,55
131,79,20,74
119,59,41,65
0,0,0,0
0,0,0,0
145,58,10,49
130,83,16,66
131,34,9,91
122,59,22,78
126,87,16,39
129,92,10,29
129,81,14,64
126,57,12,66
122,40,16,58
131,78,10,57
132,126,27,55
128,126,42,55
128,115,17,25
117,99,30,30
132,85,12,94
134,28,24,82
132,21,11,89
131,30,11,86
129,86,14,97
130,80,11,44
125,93,13,31
119,79,16,76
129,40,20,64
0,0,0,0
133,83,17,59
140,28,14,91
137,82,8,79
130,45,15,81
131,76,19,64
0,0,0,0
133,94,9,67
128,126,18,18
131,95,65,43
182,93,13,24
188,94,50,30
203,100,59,25
125,86,49,40
176,75,8,78
170,82,97,15
173,96,9,76
141,126,31,60
145,121,24,42
143,87,39,63
137,106,28,48
131,109,42,49
149,117,45,52
150,116,45,51
124,97,56,50
120,91,63,54
117,89,66,50
145,109,53,48
149,119,47,45
149,113,49,47
125,84,57,55
126,85,55,60
127,85,53,58
149,110,46,62
151,119,36,56
150,113,44,66
131,87,47,60
128,83,50,66
130,84,47,66
146,102,46,65
150,118,39,60
151,115,40,61
134,88,45,57
129,85,48,60
130,87,48,57
147,100,45,57
148,121,43,58
157,118,34,55
145,91,40,60
135,86,40,62
135,84,41,66
148,87,36,68
161,116,29,64
158,117,29,66
153,97,36,69
134,89,42,65
132,84,45,69
144,92,40,65
150,116,39,65
150,118,36,63
143,99,40,60
129,84,47,64
128,85,49,64
133,88,46,57
151,116,44,55
149,119,38,51
150,105,40,52
132,84,50,57
127,85,52,57
153,84,23,75
161,97,42,39
158,122,41,18
131,115,74,35
127,95,23,52
108,120,36,53
130,88,57,33
98,96,79,37
115,115,91,10
103,94,88,30
149,33,51,77
154,1,27,52
108,13,86,24
149,22,40,40
165,29,24,67
117,118,89,13
166,93,33,60
176,63,17,90
157,113,37,64
126,124,79,12
109,101,43,42
136,115,12,67
136,52,39,84
124,85,48,72
122,107,41,29
98,122,43,15
127,99,84,44
134,40,23,69
118,76,44,78
118,59,86,36
76,51,55,56
113,87,12,71
112,118,7,10
72,111,74,11
162,85,72,30
130,44,43,58
160,78,9,82
157,32,53,61
122,93,51,7
156,92,41,62
170,93,7,13
130,95,43,66
140,94,35,62
128,98,45,71
128,94,46,77
125,96,48,74
129,91,47,74
132,95,41,69
131,95,41,70
134,96,35,71
133,88,42,71
142,109,45,76
141,117,49,65
125,97,59,62
120,87,61,58
119,87,63,60
125,90,60,56
146,118,45,47
147,119,43,48
130,101,55,55
121,85,57,59
123,87,52,60
124,87,51,60
149,111,47,59
148,118,40,52
150,111,42,58
126,86,50,60
124,85,54,62
119,83,58,63
142,103,50,55
148,119,44,52
150,118,43,49
128,92,54,61
123,85,55,60
123,86,54,59
131,97,52,54
148,120,45,50
150,119,42,53
139,100,49,59
125,84,51,64
123,85,53,65
130,109,33,35
148,113,48,61
150,117,41,54
147,107,44,59
127,94,45,54
127,91,45,57
130,93,44,56
151,115,41,60
149,117,40,61
151,113,41,65
126,103,46,48
126,84,49,70
124,85,52,68
146,106,44,58
149,117,43,53
149,114,42,48
124,101,51,52
121,93,56,54
128,84,48,67
138,96,77,26
127,85,64,38
158,69,30,81
145,91,57,51
163,109,46,49
0,0,0,0
116,117,78,21
127,127,12,10
112,95,28,87
112,115,19,10
105,107,32,8
126,99,39,37
132,43,12,84
136,46,32,77
0,0,0,0
0,0,0,0
135,60,26,83
137,20,38,99
145,73,15,87
149,57,10,84
139,92,57,66
111,104,88,18
180,94,31,15
129,88,61,69
152,45,37,82
193,112,47,14
166,104,42,39
184,79,11,83
179,90,17,62
122,105,71,42
118,94,81,29
88,45,78,31
123,1,50,54
134,7,13,61
130,46,18,28
131,87,33,45
107,75,50,71
129,46,26,76
144,111,57,9
89,118,45,34
108,46,30,58
124,85,50,29
0,0,0,0
112,64,47,66
118,105,87,36
74,76,77,10
132,50,85,37
150,89,20,91
136,112,31,65
133,124,29,55
134,123,28,53
141,94,34,68
158,111,35,71
158,110,32,72
142,87,34,68
132,88,43,69
131,90,43,66
153,104,39,70
151,115,38,69
158,112,33,60
135,83,47,70
132,85,43,65
130,85,45,65
151,105,45,66
149,117,42,61
153,114,40,61
139,91,44,53
126,88,49,56
126,85,51,58
143,98,44,57
147,116,44,58
146,114,43,60
137,90,46,63
127,83,49,64
128,86,50,60
144,93,46,63
150,117,41,56
149,115,41,57
133,91,52,56
122,84,55,55
121,87,55,52
136,98,49,53
149,117,40,55
150,120,38,52
140,98,45,54
123,85,56,60
124,83,54,60
128,89,51,58
147,112,45,62
144,116,45,57
139,98,47,53
123,82,52,60
125,83,51,59
142,96,46,53
148,117,43,57
146,117,44,60
138,99,47,59
125,85,55,59
122,86,57,58
163,84,7,79
167,89,23,55
155,115,37,52
126,122,78,12
106,106,47,36
139,83,9,75
147,52,14,57
117,119,32,60
122,110,26,29
104,119,33,27
120,109,12,11
129,42,14,52
134,83,11,78
121,77,13,63
127,72,27,54
141,109,10,11
146,112,6,46
150,114,11,35
134,123,17,21
138,122,12,18
0,0,0,0
134,102,7,56
126,79,22,73
136,92,12,15
141,69,7,74
135,69,16,75
129,66,33,79
106,93,41,21
128,107,90,20
82,74,81,36
138,23,48,68
0,0,0,0
143,20,15,75
141,43,43,82
118,45,68,65
132,100,87,30
110,98,83,45
