250,289,139,72
297,288,55,91
198,357,141,36
222,370,30,31
229,305,35,146
144,311,119,30
220,247,63,122
202,325,74,14
196,329,81,17
251,327,40,12
238,342,113,20
286,310,151,23
248,252,104,30
300,168,15,67
263,200,74,25
196,212,133,28
276,250,18,27
233,310,155,14
239,316,153,17
245,308,154,18
250,315,153,20
272,335,136,22
276,343,143,12
0,0,0,0
185,303,152,31
248,288,53,15
251,270,94,30
249,276,149,31
280,275,47,123
276,295,27,133
310,315,102,44
318,231,58,68
314,180,21,22
317,44,20,20
294,1,22,72
286,1,20,40
263,1,38,52
240,21,71,60
227,86,145,34
165,130,128,80
231,259,27,64
212,308,128,86
213,303,130,88
213,300,130,89
216,300,126,89
215,298,127,89
215,298,127,90
213,299,129,87
215,299,127,85
214,298,128,87
215,299,126,87
216,298,126,88
215,298,128,90
215,300,127,84
216,298,127,86
214,299,129,83
214,299,127,84
215,299,127,86
215,299,129,83
213,296,132,86
202,278,127,96
194,265,121,100
195,268,122,97
223,295,119,95
234,310,125,85
241,308,127,90
158,314,127,58
252,226,65,111
257,283,39,114
269,301,15,146
0,0,0,0
265,220,17,139
254,215,22,115
256,293,21,154
255,310,26,160
172,329,143,59
168,341,152,32
213,292,84,141
227,283,71,77
237,281,62,79
196,354,99,68
212,302,34,129
186,281,39,56
136,240,125,71
206,254,153,27
161,297,152,67
238,283,149,81
166,333,109,85
247,226,53,109
243,244,28,83
176,229,111,101
207,323,153,22
132,326,123,72
218,256,80,127
240,302,16,18
176,254,118,102
254,233,58,123
232,254,121,107
236,304,69,95
238,310,58,111
280,263,23,126
296,219,27,78
308,206,17,21
257,118,17,17
263,131,38,43
237,123,32,51
248,221,22,18
230,235,22,92
193,336,153,22
194,333,155,27
194,340,164,17
200,352,161,16
222,340,99,25
0,0,0,0
241,320,18,42
233,267,23,117
237,299,15,22
248,314,13,17
245,243,25,154
253,257,17,151
255,260,15,154
250,271,16,139
253,270,14,128
253,273,13,126
247,286,14,97
242,261,21,80
248,174,15,147
249,154,13,92
248,134,16,66
251,90,12,152
251,195,16,90
252,284,11,136
0,0,0,0
239,267,17,151
0,0,0,0
254,272,24,134
263,256,18,152
266,258,14,155
263,260,18,154
234,272,57,83
214,298,105,70
185,292,121,96
260,261,32,80
223,252,154,24
242,223,35,62
161,244,126,92
211,283,81,82
198,341,159,14
197,329,165,15
200,334,163,19
222,318,143,70
197,255,105,123
230,266,20,29
191,278,127,50
189,242,35,60
148,338,100,25
138,349,119,20
97,352,149,16
89,340,142,14
114,264,120,81
177,202,62,132
226,173,35,132
226,186,76,73
234,227,139,32
256,244,123,61
307,250,45,74
338,365,25,19
345,297,29,104
317,241,84,82
174,273,122,65
276,332,11,92
236,316,156,39
252,214,50,151
259,244,113,118
274,339,14,19
204,296,137,79
236,303,147,65
224,365,77,86
284,374,16,38
302,352,36,32
296,192,120,101
226,84,131,62
269,55,37,16
251,22,90,22
252,16,66,18
264,34,58,31
243,62,123,92
275,187,15,17
256,228,20,89
217,326,154,55
220,322,151,49
224,319,151,51
245,292,32,78
234,216,71,179
250,313,66,42
308,316,62,32
339,237,60,138
0,0,0,0
216,265,76,59
264,281,140,48
0,0,0,0
229,299,43,49
234,360,31,17
204,299,49,89
180,226,74,71
236,221,77,85
255,311,12,19
159,319,115,41
267,208,46,123
256,286,43,41
219,352,91,66
243,307,45,121
202,363,76,21
201,355,141,21
232,356,36,13
193,359,162,17
306,349,115,12
310,296,50,28
177,280,151,20
0,0,0,0
251,323,151,29
0,0,0,0
177,368,143,22
224,375,42,24
216,363,146,20
221,352,157,28
248,314,73,98
281,277,17,158
279,249,15,155
274,160,14,163
274,150,12,148
249,150,32,148
221,222,48,73
149,222,110,83
104,279,141,44
105,334,144,30
134,351,124,82
180,366,85,97
186,368,79,100
240,348,24,79
245,259,76,90
251,261,26,73
206,318,74,86
269,324,12,80
261,250,96,125
268,278,54,105
255,316,148,30
268,308,42,115
248,316,129,81
254,237,22,128
213,340,76,90
245,275,144,79
169,267,146,66
247,282,81,105
231,291,95,89
182,240,66,92
173,289,84,98
165,309,89,16
171,254,69,124
0,0,0,0
231,300,87,68
0,0,0,0
282,346,39,44
0,0,0,0
160,352,154,20
0,0,0,0
270,226,23,105
164,274,149,95
263,261,27,112
267,266,19,161
271,296,17,147
269,307,13,168
0,0,0,0
265,217,17,144
261,214,20,116
268,309,10,120
291,322,15,12
145,345,146,26
176,284,147,27
235,166,26,20
205,92,40,66
222,34,25,68
229,44,51,36
213,43,145,40
233,68,49,97
247,139,48,70
237,252,153,33
262,300,54,116
203,298,45,89
175,292,84,51
135,261,138,49
225,228,64,72
276,258,21,53
243,241,34,70
232,286,108,118
168,267,143,78
222,275,152,56
174,262,114,102
240,230,15,130
203,317,15,11
106,252,108,75
198,305,102,25
266,269,21,12
280,225,35,94
270,283,16,24
207,246,61,102
0,0,0,0
133,256,109,79
193,292,121,36
125,300,153,67
221,227,31,158
235,228,13,161
229,224,25,160
235,227,17,159
201,291,118,73
0,0,0,0
222,332,18,105
222,352,57,16
271,206,61,76
283,115,19,21
0,0,0,0
0,0,0,0
0,0,0,0
0,0,0,0
0,0,0,0
0,0,0,0
0,0,0,0
0,0,0,0
227,64,39,55
211,182,43,120
190,310,129,90
207,282,99,120
237,252,19,129
241,261,13,59
