610,357,125,46
662,291,35,131
623,348,99,32
632,309,58,91
602,264,88,101
631,288,100,77
640,306,45,93
591,348,103,10
621,269,69,113
620,311,63,89
548,340,131,12
624,257,47,123
609,305,118,92
616,325,92,67
620,309,43,124
576,354,81,30
622,290,32,128
614,276,109,77
710,293,92,84
733,314,25,134
673,315,97,50
720,274,69,107
705,364,44,39
600,322,104,78
629,265,54,84
623,252,104,66
631,265,77,105
595,299,94,83
630,285,96,83
699,293,74,101
694,325,82,108
646,336,119,44
727,290,7,103
683,369,92,18
678,322,17,21
618,287,79,66
622,243,96,90
625,267,76,94
586,293,103,76
632,264,81,96
666,296,108,82
674,318,45,102
626,324,104,15
698,217,17,114
683,278,131,33
720,295,38,100
640,388,116,64
606,366,102,79
649,314,14,133
608,341,111,63
635,322,62,101
610,305,99,77
645,272,66,91
657,286,102,85
658,314,87,85
624,324,108,56
670,264,25,130
640,325,91,54
623,317,92,73
635,262,59,120
662,256,19,129
590,302,122,69
647,313,24,120
621,347,101,32
624,260,69,123
608,322,94,63
644,311,63,88
617,288,104,85
583,292,62,91
591,320,72,81
628,335,106,67
625,363,129,11
625,356,127,20
624,351,134,37
626,350,126,38
626,350,127,38
626,359,121,29
630,355,43,30
583,332,81,51
560,317,119,29
645,303,38,21
629,293,134,26
653,296,51,18
607,285,98,36
605,284,103,26
665,284,25,16
643,278,124,24
655,284,76,15
646,288,34,17
565,330,136,19
643,379,72,21
683,384,59,12
598,378,138,17
593,371,40,23
549,338,92,56
0,0,0,0
619,291,96,42
655,297,30,13
602,277,111,53
633,281,64,29
643,267,91,40
632,263,110,47
671,279,15,15
593,270,125,52
620,277,76,34
645,275,63,28
625,263,129,47
639,272,71,33
605,303,46,17
554,352,134,37
644,383,68,21
677,373,19,17
608,365,123,31
590,382,41,14
546,374,95,34
607,378,27,12
614,357,121,32
626,355,134,30
646,278,76,118
586,295,107,85
601,326,78,117
626,323,118,75
640,249,93,101
629,229,65,111
575,297,136,39
650,305,24,130
628,343,90,68
608,359,112,30
617,325,96,107
614,310,60,92
557,297,133,54
636,239,25,131
603,336,135,24
641,305,25,122
568,323,130,52
623,291,103,97
646,308,36,140
575,301,121,73
610,310,127,66
643,303,28,118
599,283,95,102
630,326,126,39
654,304,45,120
603,242,102,77
610,185,106,96
607,189,61,105
531,232,135,51
584,203,32,140
536,362,146,16
576,305,32,148
544,337,114,18
595,253,36,143
579,320,105,64
544,319,127,64
620,253,35,139
594,312,100,109
573,339,103,18
602,282,103,87
615,305,43,118
614,291,37,106
590,314,95,71
574,330,111,21
608,279,91,107
642,306,22,140
555,211,124,78
577,139,128,66
592,81,25,114
519,55,113,87
533,74,126,67
555,101,15,144
466,179,126,60
499,260,78,82
493,304,77,123
486,311,100,49
528,256,26,142
503,330,117,33
496,300,95,113
512,265,83,120
549,260,13,139
506,271,79,122
476,325,116,72
504,325,109,98
529,278,52,138
461,366,128,30
527,318,55,99
486,273,104,103
413,310,122,75
469,316,41,122
437,343,41,12
455,290,27,110
405,362,138,42
512,320,87,121
514,282,78,123
467,338,130,51
509,295,70,128
531,283,28,139
535,281,18,140
540,288,15,141
545,320,14,117
548,339,16,107
550,340,21,109
546,350,69,129
546,363,88,117
547,365,87,113
548,363,84,117
547,362,89,115
548,362,87,116
547,363,89,115
546,363,90,114
548,361,87,116
547,363,89,115
547,360,87,117
549,340,42,130
544,338,31,143
544,340,31,137
544,339,31,141
545,339,31,140
543,341,33,137
540,336,32,141
507,336,63,115
