373,106,23,157
295,93,154,140
232,152,78,231
208,169,113,64
314,61,42,230
364,246,111,139
357,235,50,154
379,280,21,22
377,282,22,24
376,281,22,26
377,282,22,26
378,282,22,25
377,285,22,22
375,286,24,22
366,287,26,24
362,292,25,23
352,291,24,26
342,291,25,29
331,290,27,26
326,285,27,28
324,282,28,27
326,281,28,25
323,271,28,26
314,252,44,108
302,226,56,176
299,210,40,196
307,210,20,193
300,205,21,217
288,210,21,212
259,197,22,209
245,182,25,202
227,179,40,186
222,174,48,148
208,191,69,43
207,166,89,95
223,133,90,172
242,122,85,211
253,128,89,226
247,144,112,213
229,165,143,187
222,184,171,150
213,227,212,63
222,212,219,87
267,160,158,185
343,133,54,177
337,143,64,177
300,193,123,57
278,170,163,102
263,146,173,167
247,166,189,169
231,210,204,124
219,252,205,74
205,286,198,27
183,248,177,113
180,188,108,216
194,161,42,159
156,182,118,60
145,173,160,73
169,152,168,157
187,169,176,177
191,207,190,141
190,233,205,105
201,292,211,23
247,244,174,155
356,188,51,214
349,163,84,162
319,178,132,88
287,212,181,42
257,190,204,129
240,221,209,116
227,258,211,74
216,263,217,66
214,266,226,54
218,269,234,32
231,241,213,91
242,239,190,106
240,248,196,95
230,269,212,67
223,281,218,57
219,285,227,42
218,264,229,62
220,228,211,97
216,209,207,102
214,207,187,67
218,207,156,43
219,207,134,24
222,212,121,27
222,213,101,22
228,212,82,26
228,210,63,23
233,210,52,44
204,192,58,110
133,164,139,183
136,176,141,78
148,141,116,92
181,69,74,187
194,61,72,204
186,59,100,215
165,73,142,208
181,125,143,169
248,217,91,95
321,301,21,39
349,298,38,112
353,299,67,120
356,298,86,122
344,246,110,173
363,207,91,202
362,181,92,158
346,176,125,98
333,184,116,23
319,121,144,99
299,72,146,163
278,58,139,197
252,60,139,211
236,90,124,185
232,168,83,103
230,238,42,57
223,214,22,199
213,202,33,220
202,206,49,192
199,215,52,181
197,222,47,144
182,224,63,76
162,199,92,54
152,107,115,152
171,61,111,209
203,59,98,221
223,70,101,226
250,145,101,157
292,285,57,41
341,245,29,175
344,232,34,188
338,224,44,196
342,215,41,203
358,203,21,183
324,195,110,113
299,189,181,41
294,101,182,139
287,69,164,177
266,74,165,187
237,106,176,172
226,155,151,133
229,265,67,37
205,234,44,187
194,219,49,182
184,230,60,190
190,234,52,182
202,225,34,183
204,209,23,199
191,202,42,91
177,156,78,87
189,66,81,192
210,59,81,208
212,60,106,224
223,168,124,124
292,257,69,126
346,245,25,177
352,242,24,179
356,230,25,190
361,207,25,192
322,219,107,81
279,166,180,99
260,95,174,188
252,142,101,141
236,239,28,132
197,196,59,190
215,226,44,19
239,96,41,209
260,93,63,222
315,261,50,113
357,207,29,200
341,205,59,42
312,58,74,214
269,86,73,173
223,190,54,201
216,181,64,149
246,144,52,144
292,77,48,243
356,259,31,83
370,201,33,205
352,170,38,87
304,59,60,213
267,180,32,44
208,155,63,216
227,184,63,73
293,74,43,245
360,247,28,105
359,222,40,127
328,103,73,212
267,173,93,101
222,167,62,225
219,190,92,64
329,137,21,173
368,209,64,210
363,222,19,24
285,108,73,147
214,154,68,224
202,186,85,62
273,59,63,227
357,245,60,35
375,215,36,184
366,146,35,170
304,141,160,163
284,180,23,240
218,213,130,26
346,62,38,233
404,266,107,84
369,228,51,144
344,238,58,58
347,237,57,63
348,239,56,57
387,229,22,29
379,158,17,213
283,230,125,76
253,176,136,173
293,149,36,227
291,146,21,228
295,148,20,225
290,150,38,227
245,192,158,161
240,247,209,86
365,191,55,183
364,183,73,189
