264,74,49,136
275,29,34,122
264,33,18,63
248,60,37,110
290,1,24,145
311,97,20,54
339,110,15,145
354,117,17,160
374,115,15,159
379,114,14,158
381,103,24,161
328,140,106,129
300,225,41,24
326,320,13,33
321,179,36,160
335,181,27,146
351,176,14,155
359,174,15,153
354,174,14,152
356,180,15,149
359,182,15,156
386,312,11,26
397,184,13,150
405,190,13,149
417,197,15,154
426,193,18,160
429,193,19,156
435,200,24,155
440,192,17,157
453,197,17,160
474,205,15,158
466,198,14,159
459,198,17,161
447,182,16,162
436,175,14,160
473,180,12,165
461,169,24,170
495,172,27,172
529,181,14,172
537,183,14,37
506,191,14,51
412,262,126,37
0,0,0,0
478,160,111,156
389,262,139,13
475,210,82,169
437,239,95,96
383,248,155,13
497,176,19,185
425,211,119,130
475,128,32,188
465,143,59,180
418,102,128,113
477,207,186,14
430,204,112,51
599,102,43,57
0,0,0,0
548,110,26,95
520,175,118,162
445,111,116,86
468,162,111,26
414,177,166,32
491,145,192,58
422,132,185,90
504,68,158,132
497,107,117,157
542,67,119,167
520,108,99,178
577,20,62,197
577,91,24,208
593,35,22,125
580,114,26,45
518,39,62,144
518,123,50,51
442,117,116,81
492,181,85,36
368,114,205,62
409,50,217,31
329,5,189,121
439,1,38,76
426,94,89,209
407,147,132,171
462,277,160,89
491,341,111,20
0,0,0,0
0,0,0,0
480,221,104,45
524,267,188,30
504,304,87,49
556,297,45,73
555,189,23,199
461,138,123,124
487,240,128,18
461,223,143,149
489,140,34,183
446,126,99,165
383,106,166,86
441,97,199,70
439,1,164,173
545,1,23,96
584,1,88,160
506,45,104,119
436,267,284,98
424,296,126,60
0,0,0,0
699,344,65,72
503,270,140,100
589,291,42,58
613,216,23,212
529,188,118,138
547,204,82,67
481,182,160,59
537,222,216,42
445,193,170,87
513,61,144,180
515,69,26,224
422,79,106,188
345,200,117,38
311,232,110,26
0,0,0,0
572,295,16,60
0,0,0,0
0,0,0,0
0,0,0,0
0,0,0,0
535,199,35,35
0,0,0,0
557,150,57,237
506,113,76,204
510,251,81,96
508,257,49,126
487,145,36,240
476,281,70,93
460,216,73,156
436,96,53,247
476,183,36,215
484,109,44,157
480,213,29,40
508,108,23,142
501,1,42,206
537,45,24,215
555,1,28,163
0,0,0,0
530,23,28,219
552,1,24,137
555,1,23,151
550,1,23,140
550,1,15,134
534,1,28,129
506,1,25,118
486,1,17,99
443,1,42,47
0,0,0,0
464,1,20,81
400,1,54,163
413,1,38,58
442,1,31,51
0,0,0,0
532,1,28,102
505,115,69,69
503,176,27,208
448,284,22,45
453,322,23,44
496,325,19,47
532,334,21,44
507,161,147,211
568,278,114,148
611,227,263,62
535,168,175,144
670,220,27,273
561,297,144,81
553,237,188,66
0,0,0,0
586,259,115,153
603,99,47,272
522,172,147,247
375,162,258,134
502,215,206,52
455,79,233,168
576,1,76,184
561,24,111,277
504,43,166,210
578,146,241,175
409,121,204,68
495,149,293,39
415,156,196,93
562,15,200,229
506,229,81,175
551,1,25,242
482,55,130,206
357,131,237,84
440,261,171,81
340,184,206,236
479,9,30,315
418,151,177,265
341,123,232,118
479,235,55,31
428,223,152,181
548,1,45,274
534,53,95,132
394,188,219,35
568,92,259,228
440,190,120,321
315,182,226,201
434,295,65,31
0,0,0,0
489,155,127,95
506,203,110,71
413,227,159,161
0,0,0,0
0,0,0,0
415,43,149,101
519,68,352,52
493,1,221,271
0,0,0,0
715,301,77,97
321,310,212,24
0,0,0,0
681,329,101,51
683,293,33,42
667,318,26,68
672,274,110,18
502,219,169,103
590,97,33,152
546,248,78,133
386,180,186,90
493,138,144,64
518,115,38,94
0,0,0,0
520,214,123,59
522,329,56,93
521,324,80,86
520,166,75,91
358,233,211,32
541,313,23,36
412,284,40,33
360,253,204,45
0,0,0,0
578,250,80,21
0,0,0,0
425,279,64,58
0,0,0,0
0,0,0,0
461,315,29,24
0,0,0,0
586,143,40,54
401,228,114,40
643,376,24,49
661,132,27,76
521,329,61,41
653,370,42,37
615,207,18,36
457,321,66,33
0,0,0,0
573,203,22,213
563,205,28,211
