328,514,82,63
362,500,84,63
368,487,85,64
362,505,83,61
382,507,84,52
409,508,67,51
403,519,59,53
404,542,58,46
438,546,48,49
444,548,42,52
450,550,44,69
447,564,52,71
437,583,57,73
397,604,68,67
387,612,66,58
381,595,73,54
403,572,91,61
446,559,100,54
461,549,111,56
434,555,112,59
432,568,103,54
404,570,94,60
391,547,91,52
393,535,86,52
403,519,81,52
402,501,74,53
390,486,76,49
381,465,85,49
361,454,105,52
333,451,109,54
313,449,121,56
306,442,106,57
286,440,107,52
278,432,110,55
269,435,113,53
291,451,93,49
288,463,98,51
281,464,103,56
293,462,101,56
290,453,108,54
296,452,98,54
304,459,94,45
318,441,89,63
333,432,87,58
344,404,75,69
381,402,55,59
392,385,58,62
395,373,82,58
407,361,94,56
421,356,91,54
427,364,89,44
435,369,89,36
421,358,107,44
422,356,103,51
416,353,107,46
411,343,96,50
404,343,102,52
407,338,101,53
405,335,99,50
398,329,96,49
397,325,73,52
392,321,82,56
387,313,84,55
389,309,77,53
387,310,84,52
367,297,88,54
296,286,95,57
183,289,86,59
192,298,75,40
247,314,84,36
160,384,87,50
206,422,91,45
221,395,101,46
173,346,103,44
179,322,104,48
165,361,106,48
203,422,99,48
245,424,92,44
281,420,97,48
337,429,75,45
321,433,108,39
325,412,102,43
354,361,88,48
379,293,76,50
396,187,82,55
408,113,85,56
408,92,80,49
386,81,88,52
362,95,97,47
332,96,102,47
298,80,96,46
283,59,96,52
285,53,97,50
284,61,99,46
281,60,102,40
264,60,105,40
241,76,115,40
232,102,100,57
271,94,92,56
333,101,79,47
370,146,80,42
375,156,89,34
398,162,101,36
423,168,99,38
432,170,99,36
442,171,87,46
453,180,83,43
467,187,81,49
475,187,75,47
474,192,72,46
469,191,71,52
470,207,67,47
475,214,65,47
478,215,64,43
470,218,68,46
462,215,64,47
461,221,62,44
462,221,61,46
453,223,66,43
449,228,61,41
