402,390,62,64
412,363,62,59
383,341,70,56
375,327,72,59
391,318,73,55
403,308,79,54
424,305,84,57
422,302,85,59
406,296,85,58
393,286,81,62
397,281,79,57
391,264,80,58
394,244,76,61
399,246,71,57
397,262,60,74
392,274,57,80
374,299,58,63
345,310,61,71
337,318,63,69
329,313,59,71
340,297,53,73
346,302,54,76
354,312,52,77
365,314,49,81
379,329,87,65
409,337,91,62
431,356,91,56
466,356,83,56
499,350,81,55
534,353,80,59
539,366,79,60
513,382,77,52
462,387,97,57
433,419,100,55
437,445,103,48
419,471,117,44
445,497,125,50
493,499,127,55
515,513,122,50
528,508,116,42
535,502,114,31
569,501,86,38
569,500,96,49
571,499,83,60
570,492,78,65
570,489,85,79
575,491,83,77
591,493,82,69
603,481,67,73
613,479,60,61
624,477,59,67
621,471,65,68
615,454,60,69
615,452,66,66
610,444,73,60
604,441,69,56
603,440,75,53
590,449,79,52
600,430,63,44
607,422,57,47
584,410,68,51
566,401,83,50
558,394,92,57
570,393,102,57
603,398,120,56
637,386,116,43
664,377,106,41
686,374,96,49
671,362,97,47
670,358,95,47
656,366,93,42
638,372,82,41
640,373,79,50
628,369,79,51
613,374,94,36
602,375,80,35
603,378,80,45
607,382,86,49
606,377,81,54
615,377,74,55
631,372,54,51
638,369,52,61
642,374,53,58
654,380,49,47
652,356,47,49
630,331,53,71
631,306,38,53
617,285,48,69
611,275,44,63
608,273,46,59
614,270,37,62
606,265,40,70
605,262,36,74
595,259,39,76
593,257,36,72
585,250,49,77
591,226,59,71
589,219,76,60
583,210,107,64
590,195,96,54
591,214,82,34
595,219,78,52
591,222,75,45
