586,337,224,313
587,330,249,227
542,346,241,140
481,380,322,228
478,313,289,231
492,434,256,231
489,450,254,262
510,461,251,259
516,461,187,261
544,429,186,291
554,408,213,278
542,391,196,132
530,397,206,125
531,383,197,134
534,441,139,77
378,445,182,103
415,373,143,242
427,347,184,260
427,332,220,275
467,384,126,162
472,395,110,173
434,416,121,161
426,460,175,123
0,0,0,0
645,407,51,80
579,369,83,65
576,326,58,70
263,321,306,193
277,310,303,172
284,278,327,174
326,271,214,212
493,297,38,54
306,278,211,177
384,299,157,131
402,305,171,118
448,298,93,111
430,332,153,157
399,388,122,128
337,377,148,199
242,424,244,165
211,388,285,178
298,336,309,121
327,293,332,131
383,236,311,196
387,201,222,241
373,166,213,237
351,147,231,220
386,90,192,256
431,131,226,160
460,174,241,115
518,205,189,99
585,224,169,101
622,246,180,125
653,276,170,112
660,314,198,106
678,283,231,187
695,255,174,219
640,264,243,137
630,234,299,207
628,265,275,164
598,257,244,158
586,250,222,112
565,239,238,157
577,217,140,178
595,210,138,179
571,185,120,175
562,170,92,145
538,220,40,85
527,206,44,86
506,216,43,82
501,204,48,96
487,228,49,89
256,204,295,192
323,268,202,125
293,263,214,121
403,211,143,152
327,228,232,96
251,233,269,94
171,143,342,170
209,188,295,181
306,206,275,92
407,216,224,112
480,233,214,97
481,252,242,85
526,293,228,92
562,274,195,157
576,289,195,170
606,303,121,160
630,286,128,220
639,285,138,209
641,295,145,225
623,309,144,242
628,294,153,264
621,287,153,241
615,275,151,237
602,273,158,235
604,279,189,266
630,280,179,269
664,271,148,279
640,261,154,286
586,268,177,301
564,261,183,294
516,262,229,252
485,251,200,255
462,245,253,249
481,257,202,259
487,256,172,266
469,235,193,290
464,241,202,259
454,259,211,255
454,261,236,230
477,248,224,229
484,262,222,225
516,251,194,244
519,269,202,251
471,281,283,219
443,300,334,201
463,322,271,193
446,371,288,173
491,446,238,146
434,472,272,147
461,488,242,146
464,489,243,148
476,485,239,151
481,472,244,152
481,458,248,153
476,453,263,142
482,431,267,133
482,399,266,137
487,359,264,140
469,339,276,133
480,336,267,131
490,336,274,137
500,337,277,137
503,321,274,139
497,310,279,137
498,299,274,143
495,295,278,145
483,321,277,152
479,319,276,154
478,326,276,154
475,343,274,153
472,356,279,161
474,354,290,170
