904,548,118,172
921,572,113,147
944,574,113,142
932,567,129,125
934,563,121,140
955,563,109,117
972,561,108,123
982,555,108,120
969,501,127,168
958,461,136,202
987,439,102,205
1000,432,101,213
1010,423,103,216
1008,432,101,204
999,426,94,207
989,416,100,204
979,444,132,176
963,477,142,134
934,487,139,122
914,486,171,118
861,491,234,112
858,487,240,102
866,492,217,104
867,496,212,106
866,497,211,109
852,504,228,102
845,511,235,101
851,507,247,107
850,508,241,112
850,511,237,110
852,511,238,112
860,511,229,111
866,515,217,109
867,508,215,116
873,508,214,109
871,508,214,110
868,504,215,111
871,502,210,104
861,503,191,103
856,501,209,106
856,499,216,108
859,500,212,108
834,502,246,106
818,499,274,82
812,501,277,81
812,497,272,80
812,498,267,99
811,497,266,99
803,501,284,103
810,502,265,105
815,499,258,110
839,483,234,128
833,480,238,136
836,477,234,143
840,467,229,151
842,476,223,143
859,487,183,122
851,520,193,93
856,526,173,88
854,519,184,91
850,512,157,88
846,505,153,134
848,527,158,83
848,525,179,92
853,510,170,107
854,518,144,100
858,515,126,99
865,515,121,91
868,511,110,98
887,501,83,107
891,474,76,133
881,473,84,137
871,492,80,113
879,504,81,90
894,503,81,94
891,501,79,94
881,489,79,99
894,488,77,96
903,456,77,120
893,437,78,141
894,416,74,142
907,407,75,145
907,400,75,142
893,412,73,124
884,437,76,97
882,434,90,91
877,388,88,124
873,400,79,107
873,398,72,91
889,408,69,75
902,368,68,118
883,358,91,129
904,353,68,124
922,344,65,110
916,342,69,111
915,337,66,124
916,334,66,114
930,331,62,115
934,334,68,115
916,343,84,102
928,342,82,97
945,326,83,108
934,320,108,114
938,320,113,111
966,316,102,106
979,310,103,112
980,310,112,111
999,310,107,88
