734,421,78,66
730,419,83,65
724,418,82,73
716,412,78,76
692,420,79,75
680,420,79,75
664,420,81,75
636,431,87,68
626,426,83,80
622,414,79,92
604,417,85,97
594,412,76,108
584,403,61,107
579,399,60,108
563,392,72,108
507,392,126,107
475,370,150,114
464,353,153,128
442,340,168,135
425,329,173,140
424,319,172,143
423,314,173,147
423,306,173,150
426,299,178,155
420,299,176,154
413,293,177,158
405,279,172,176
391,273,175,184
386,271,178,185
387,264,180,193
385,261,181,190
390,269,173,189
389,287,179,171
394,290,172,181
405,276,169,184
410,266,168,179
424,245,150,183
428,254,147,174
442,259,140,157
455,268,140,153
455,255,144,165
463,255,141,159
475,247,104,157
478,235,105,157
481,232,106,154
485,217,92,164
482,188,106,175
475,188,111,172
464,186,115,173
468,186,106,175
464,177,128,187
450,173,156,189
453,171,182,189
458,185,194,186
450,186,205,188
446,191,210,184
442,196,226,175
434,194,269,157
476,185,253,156
514,184,238,143
554,204,214,103
564,196,175,116
549,205,156,104
536,211,150,99
511,197,152,113
491,180,162,140
472,182,170,126
449,180,181,138
437,169,214,170
432,145,216,215
420,137,230,216
415,125,248,219
412,113,259,209
416,109,266,220
433,103,264,220
465,113,273,187
502,96,286,219
530,96,272,193
533,104,268,196
544,112,253,201
539,102,210,141
613,91,149,149
604,94,146,173
600,101,176,198
631,96,148,215
634,82,129,233
643,74,169,231
665,56,161,231
667,42,179,203
669,32,192,234
666,41,209,210
694,106,203,201
702,112,218,206
722,106,214,218
751,100,218,227
753,108,252,223
780,152,264,183
801,164,262,175
813,165,216,176
785,163,210,182
734,174,276,181
724,178,284,195
781,143,242,257
815,125,208,278
822,105,188,292
833,98,164,298
852,91,100,279
788,92,146,293
782,97,132,277
765,93,142,282
738,102,178,276
733,105,183,277
705,103,210,282
690,102,217,281
681,97,222,280
682,97,219,278
677,91,226,284
677,104,223,272
670,152,238,227
665,148,255,226
670,139,258,238
679,129,261,249
685,134,257,243
739,163,205,213
773,170,180,209
731,131,265,252
738,92,251,239
739,91,243,238
758,134,208,244
760,176,170,205
719,158,181,224
694,139,205,231
670,141,231,213
664,178,243,208
644,207,268,175
657,190,259,186
664,171,245,205
665,179,235,191
669,216,225,153
678,208,207,164
699,213,183,156
695,200,188,164
682,178,213,192
680,168,222,212
678,164,259,249
680,164,302,231
684,164,304,245
670,164,357,213
709,158,329,248
729,122,239,272
679,125,234,257
665,115,208,205
639,111,191,185
646,105,200,171
654,125,227,151
666,124,221,153
675,126,208,139
671,130,224,143
660,108,253,169
665,84,247,165
695,118,219,137
687,121,230,154
679,85,243,177
707,70,247,205
736,56,231,231
749,54,223,237
750,59,238,238
757,61,223,238
760,77,216,228
765,81,206,228
773,89,196,236
771,100,203,233
768,104,195,227
770,108,191,232
767,114,185,228
743,142,201,207
739,144,202,211
735,149,202,205
696,178,234,174
664,191,251,171
645,190,243,160
625,184,232,149
596,185,237,183
596,179,226,134
625,184,204,140
616,193,206,112
585,234,217,120
572,225,200,116
555,209,232,123
555,189,209,136
555,180,232,146
558,174,224,145
560,173,236,144
564,174,221,154
584,189,211,148
589,211,183,117
577,216,203,108
596,204,174,116
619,200,158,127
616,198,173,128
615,200,140,136
615,229,168,92
586,243,199,108
563,241,216,119
549,234,208,128
562,229,200,127
555,230,194,126
557,228,202,128
566,237,192,118
567,234,195,116
573,231,186,123
573,226,190,124
578,233,190,121
572,232,209,124
563,227,226,154
545,224,249,133
581,221,219,130
595,219,211,123
599,218,211,140
606,213,212,126
618,210,208,133
598,192,235,135
602,190,236,131
606,184,230,132
640,188,194,93
656,190,184,87
658,202,174,85
662,207,172,86
663,198,165,110
645,187,181,128
640,189,177,131
631,195,172,132
622,209,191,123
617,224,179,126
631,233,172,119
636,242,178,120
634,259,167,116
637,289,171,96
654,310,168,79
664,315,151,92
667,332,164,103
674,342,169,111
687,354,150,97
680,378,175,82
672,381,162,83
680,378,156,91
669,377,158,78
643,369,165,87
662,358,138,74
651,348,125,70
607,331,155,89
584,319,164,100
578,308,162,107
575,304,166,105
538,301,164,116
518,318,171,98
497,311,206,117
487,311,207,93
498,296,192,115
499,288,197,117
500,286,199,114
490,286,210,112
487,286,224,122
499,290,222,125
512,291,215,126
540,301,219,127
591,288,203,145
615,264,189,147
631,254,177,142
632,237,175,138
642,214,171,147
642,194,169,149
629,176,176,151
615,166,186,147
605,164,190,149
586,153,208,152
582,147,202,127
575,119,226,137
565,111,226,119
556,101,246,129
546,94,302,127
531,97,302,133
526,97,117,116
531,93,274,190
534,82,270,198
511,73,253,200
486,87,268,167
475,88,283,176
482,90,273,180
494,93,297,178
503,93,292,184
508,94,298,190
513,94,294,187
514,99,291,167
515,101,296,170
512,94,295,205
512,97,294,203
524,108,272,201
536,128,245,151
529,124,264,189
531,131,279,180
588,142,190,159
617,141,150,180
619,141,134,181
621,159,134,172
642,158,137,198
640,159,144,131
718,174,68,94
651,191,109,121
669,200,122,117
678,193,117,115
660,175,145,135
663,174,126,140
658,172,142,135
663,165,139,159
683,162,128,173
686,148,126,189
689,145,123,164
692,188,126,124
697,208,137,131
689,205,147,147
706,178,138,171
734,171,147,246
713,145,188,216
697,147,195,219
663,162,222,194
638,171,246,219
663,190,234,183
644,194,246,219
598,202,297,133
614,214,298,172
604,226,315,185
614,222,306,197
586,175,343,185
598,135,327,181
613,132,313,198
599,135,330,208
599,142,329,209
584,158,325,203
542,169,339,192
508,167,342,164
496,161,323,202
493,171,311,158
498,177,301,152
515,204,277,125
521,197,280,132
525,193,279,143
536,193,271,152
546,191,272,144
561,203,261,134
596,230,233,111
624,234,203,112
653,248,177,88
665,250,157,106
687,247,136,105
700,251,126,103
715,226,113,135
726,218,114,126
719,208,114,133
708,207,104,118
691,199,111,115
685,194,105,111
681,184,101,104
678,175,99,107
658,169,113,105
659,165,110,105
651,174,111,85
661,181,97,75
641,179,113,69
634,166,113,80
633,151,112,88
625,143,114,95
627,144,182,124
645,148,169,106
660,139,159,112
668,131,127,173
658,129,122,116
569,145,216,99
532,127,271,108
450,97,254,111
487,65,175,132
547,100,98,127
562,113,106,122
557,104,107,119
561,38,119,185
578,52,99,216
585,57,98,176
577,101,112,136
561,108,164,138
549,91,190,161
562,71,211,198
564,70,214,211
571,65,214,216
569,63,210,210
565,64,167,196
549,68,171,239
520,81,173,209
502,89,149,205
493,98,128,210
440,103,147,195
394,137,166,150
397,190,161,106
400,213,166,139
419,233,179,141
441,236,193,155
449,238,195,166
461,248,199,173
469,254,195,176
481,252,170,178
462,248,149,172
423,255,126,170
398,255,124,180
397,271,102,163
386,299,90,114
359,283,91,117
337,248,106,144
321,233,146,161
314,221,182,170
305,228,208,160
320,229,191,157
315,225,175,174
324,233,150,172
334,221,134,186
348,221,120,187
351,221,119,187
364,222,123,183
373,223,137,185
378,226,137,184
389,256,116,154
408,265,104,142
411,248,94,136
411,236,94,171
411,237,103,164
413,231,119,173
405,232,139,166
388,235,154,179
347,228,185,183
326,257,191,153
325,269,189,136
316,265,207,135
308,266,207,130
307,266,209,122
312,254,208,129
311,255,201,124
315,253,200,124
303,249,219,121
306,241,193,132
315,249,192,124
326,251,192,125
328,251,227,122
333,253,254,127
333,225,271,166
396,220,205,161
444,217,203,158
460,218,162,160
495,237,107,127
532,197,157,151
560,191,105,108
585,207,94,97
594,199,91,98
605,197,90,98
603,221,103,94
601,226,111,91
619,221,101,95
620,197,148,112
641,225,146,109
650,230,151,106
624,216,186,119
631,191,193,143
638,168,193,164
644,172,191,160
647,165,179,171
639,170,166,142
636,171,155,127
619,171,150,126
611,182,144,153
612,185,91,154
602,178,94,161
556,180,126,132
536,188,102,141
532,199,93,132
511,213,86,163
473,228,93,182
434,239,114,188
405,254,119,184
380,266,129,181
368,268,141,197
361,271,152,200
357,278,169,196
353,274,186,203
410,276,158,199
438,274,156,202
471,267,139,204
472,263,171,199
539,262,155,198
590,259,141,197
628,257,131,192
659,262,108,190
675,254,105,196
677,254,101,190
676,260,119,192
669,279,127,186
654,292,136,178
642,307,126,181
628,324,126,173
627,336,138,177
633,343,132,183
635,346,119,187
626,371,123,151
618,374,120,163
605,402,141,139
602,402,160,140
614,394,155,151
610,390,153,156
623,383,121,165
616,380,114,151
606,381,94,155
581,373,92,160
576,373,88,170
581,371,84,157
587,364,86,167
591,356,82,165
591,354,79,162
585,355,84,154
583,349,84,161
581,353,92,158
580,354,93,157
579,356,102,158
588,359,108,164
603,359,98,164
622,358,88,165
633,370,84,159
651,379,86,161
661,384,89,149
663,373,94,164
682,379,86,161
700,382,88,161
705,389,97,159
713,397,97,158
721,412,104,146
716,406,115,153
735,402,97,153
759,404,81,150
766,412,87,156
764,413,88,152
753,419,97,151
741,418,99,151
735,417,103,152
737,415,111,151
738,411,116,156
738,411,114,153
740,413,104,144
722,415,112,142
708,406,123,144
701,408,133,146
690,409,140,132
682,410,144,118
668,410,124,100
654,413,122,108
641,419,116,132
620,415,125,137
592,426,128,131
563,423,125,139
547,426,109,114
526,423,108,127
501,424,89,91
464,424,91,103
418,424,116,103
403,420,125,114
385,421,137,125
367,420,149,123
356,416,144,124
339,417,148,127
323,417,147,126
318,421,123,132
318,422,107,128
318,423,93,132
321,420,87,136
324,415,87,134
334,416,84,134
340,413,83,134
350,414,85,136
356,413,85,131
360,413,87,128
353,412,99,131
344,423,119,115
350,422,123,118
354,418,128,121
359,424,130,119
346,433,141,102
351,438,131,104
336,433,139,95
328,446,147,92
321,448,163,89
319,448,167,89
319,445,165,94
289,445,172,94
277,456,175,96
282,459,168,95
284,453,160,99
288,445,158,108
290,448,156,105
290,448,152,105
295,446,159,106
293,447,161,103
298,444,153,105
296,444,161,100
300,438,151,104
297,436,157,104
292,431,164,110
294,430,158,105
297,426,156,109
303,421,148,110
307,416,145,117
305,415,149,115
308,415,150,113
