10,508,202,191
26,506,208,192
44,512,201,188
68,519,191,187
90,529,185,181
106,531,185,182
119,535,186,181
125,546,187,171
128,556,185,162
118,569,180,149
91,581,186,138
71,573,190,146
54,566,189,153
31,551,193,167
2,549,193,169
1,549,172,170
1,552,162,165
1,571,151,148
1,599,134,119
1,644,113,75
0,0,0,0
82,635,3,3
106,644,5,3
104,660,4,4
0,0,0,0
0,0,0,0
106,649,3,6
104,642,5,6
82,649,4,6
91,657,5,4
96,658,5,4
0,0,0,0
111,648,5,3
109,643,3,5
0,0,0,0
140,645,3,4
140,641,3,6
0,0,0,0
168,644,3,3
0,0,0,0
0,0,0,0
0,0,0,0
0,0,0,0
199,643,4,5
0,0,0,0
145,632,4,4
2,684,52,36
1,621,104,99
1,573,146,147
1,566,158,153
1,568,160,151
4,559,190,160
54,548,179,170
84,534,179,182
101,535,177,181
104,527,179,182
107,529,177,185
104,547,177,171
100,559,177,159
94,572,174,146
91,576,170,143
89,581,167,138
72,585,171,132
58,586,178,132
45,581,182,137
42,585,179,134
31,585,181,134
24,588,158,132
25,590,146,127
14,594,166,125
13,596,161,119
0,0,0,0
1,594,151,126
1,585,155,134
1,580,156,139
1,575,162,144
1,572,163,146
1,565,169,152
1,558,170,159
1,551,171,167
1,547,175,173
1,543,176,173
1,540,176,175
1,532,179,182
7,528,181,190
11,532,186,184
23,534,186,183
37,530,181,180
39,533,184,180
45,535,184,182
51,540,184,178
62,542,180,175
59,549,183,169
70,551,180,168
80,547,182,172
94,548,177,171
