915,620,87,95
933,641,93,78
922,647,88,72
910,664,90,55
946,692,66,26
0,0,0,0
0,0,0,0
0,0,0,0
0,0,0,0
0,0,0,0
0,0,0,0
0,0,0,0
0,0,0,0
0,0,0,0
0,0,0,0
0,0,0,0
0,0,0,0
0,0,0,0
0,0,0,0
0,0,0,0
0,0,0,0
1136,659,63,59
1139,680,77,39
0,0,0,0
0,0,0,0
1049,697,84,22
1037,685,63,34
1033,690,64,29
1026,680,59,39
1036,673,61,46
1030,652,67,67
1026,619,59,84
1026,604,61,85
1018,606,65,79
1006,609,63,78
986,601,65,78
964,606,64,80
963,598,63,81
985,590,63,77
1019,575,61,75
1047,566,58,75
1047,545,62,74
1036,529,57,71
1014,517,59,70
993,512,57,70
974,516,59,70
955,514,58,71
934,498,58,71
944,494,56,69
965,499,56,72
1048,504,34,39
1009,514,55,65
1028,498,67,70
1039,494,59,66
1043,490,54,67
1038,488,55,65
1033,484,55,65
1027,478,55,64
1023,475,56,64
1021,477,54,65
1023,477,56,64
1027,478,56,64
1027,478,56,66
1027,475,56,66
1029,468,58,66
1034,470,57,66
1041,459,56,65
1060,441,57,67
1080,442,58,65
1098,444,58,67
1106,444,58,67
1113,436,57,67
1123,432,57,65
1139,447,60,66
1158,467,67,79
1186,494,65,75
1216,499,60,74
1240,500,37,83
1253,514,26,75
1252,538,26,72
1238,570,41,77
1223,590,56,78
1214,548,65,86
1216,518,63,75
1205,512,62,72
1183,497,65,75
1177,495,65,73
1180,495,57,73
1169,488,66,74
1159,492,66,70
1141,500,71,75
1141,497,67,78
1142,489,66,74
1150,481,65,74
1151,476,64,76
1146,479,66,75
1145,472,66,78
1150,470,65,75
1158,465,65,77
1165,455,63,74
1169,442,65,73
1175,439,65,73
1176,441,64,74
1181,440,65,74
1191,435,68,79
1196,436,64,79
1200,438,64,76
1215,430,62,73
1216,433,62,71
1220,439,57,79
1231,436,48,74
1232,439,46,70
1232,444,46,71
1251,449,26,59
1247,417,30,72
1236,421,42,71
1237,420,41,72
1243,424,35,68
1239,443,39,52
0,0,0,0
0,0,0,0
0,0,0,0
1262,430,16,37
1253,447,26,38
1259,449,19,38
0,0,0,0
1198,364,81,84
1211,354,68,93
1216,385,63,78
1218,384,61,73
1245,357,34,86
1220,360,59,76
1224,369,55,81
1203,389,75,74
1206,396,73,71
1206,368,73,82
1205,356,74,76
1203,359,76,83
1205,389,74,71
1194,388,85,77
1175,384,56,70
1073,353,88,48
