807,105,279,188
775,149,360,177
748,176,371,165
743,178,359,165
741,192,369,162
751,192,359,160
796,201,364,156
808,200,326,151
779,181,323,152
730,180,304,159
698,181,337,153
668,173,318,165
661,178,314,161
654,192,323,168
644,202,317,155
610,190,311,157
601,165,293,152
594,150,273,165
590,161,277,170
571,163,301,173
546,152,314,177
533,154,323,175
531,181,315,172
521,195,307,161
510,194,301,162
491,185,311,165
489,181,303,163
509,199,298,169
527,237,287,163
554,222,317,175
585,238,306,168
600,252,311,163
609,253,311,172
608,269,311,171
607,282,307,168
612,294,276,163
615,289,284,128
627,280,289,125
584,284,325,128
616,278,289,127
590,284,301,90
567,299,306,132
532,284,315,136
498,270,318,125
479,271,316,126
449,255,313,101
394,219,172,176
366,224,198,169
343,217,204,168
321,194,203,170
305,177,208,177
270,188,205,171
264,195,212,169
254,211,240,165
257,210,232,167
225,203,188,166
211,192,142,183
212,199,127,175
230,181,115,166
220,176,127,166
215,186,134,164
225,201,129,161
246,216,156,166
279,249,170,167
327,275,132,168
333,271,130,172
