937,492,33,32
933,492,31,32
928,490,29,29
930,491,30,29
941,492,32,30
966,501,29,22
960,496,33,28
953,495,31,27
955,496,32,27
965,498,30,26
982,503,17,18
980,504,18,20
982,501,18,22
980,501,18,23
0,0,0,0
1005,484,21,17
1003,468,21,34
1005,464,22,32
1003,461,25,22
1005,457,24,27
1002,448,30,32
1004,440,36,36
1002,436,36,33
1006,429,32,33
1010,424,33,33
1011,418,33,32
1013,409,32,29
1013,406,33,31
1013,397,33,33
1017,389,35,34
1019,383,38,34
1021,376,37,34
1022,370,35,34
1024,365,37,34
1026,355,38,35
1027,350,36,36
1029,344,36,33
1031,339,34,33
1033,335,33,30
1036,323,37,37
1040,316,32,33
1040,309,40,39
1042,301,37,37
1044,297,38,35
1045,290,38,35
1047,282,40,36
1049,275,40,37
1053,270,36,34
1053,261,39,38
1055,252,37,39
1058,247,40,36
1058,240,40,36
1060,233,40,38
1063,224,41,38
1066,215,40,40
1069,215,40,31
1071,207,41,28
1072,206,40,22
1074,204,34,20
0,0,0,0
0,0,0,0
0,0,0,0
1087,151,48,19
1088,146,47,24
1092,138,45,33
1089,129,47,39
1063,129,40,40
987,147,34,31
893,157,40,25
813,132,34,35
787,79,35,36
686,80,32,19
563,96,31,18
419,110,28,20
253,123,36,34
0,0,0,0
438,279,32,27
492,369,34,34
381,405,34,27
332,421,32,31
341,426,32,29
404,436,34,27
531,470,30,24
689,471,32,29
