959,144,51,50
979,178,54,54
997,218,59,54
1004,234,60,58
1008,242,59,53
1013,256,59,54
1022,265,60,58
1019,275,64,57
1025,284,65,58
1030,294,64,60
1034,307,66,59
1040,321,67,62
1047,335,65,61
1053,349,67,61
0,0,0,0
1120,446,68,65
1143,493,80,62
1029,515,95,44
911,506,85,44
825,481,76,51
784,455,77,62
774,451,69,58
779,453,69,56
772,453,70,57
773,452,70,58
772,452,71,59
0,0,0,0
360,381,47,37
0,0,0,0
305,344,17,30
108,189,51,41
0,0,0,0
0,0,0,0
0,0,0,0
0,0,0,0
0,0,0,0
0,0,0,0
0,0,0,0
0,0,0,0
0,0,0,0
0,0,0,0
0,0,0,0
0,0,0,0
0,0,0,0
358,219,28,40
222,213,43,40
0,0,0,0
231,305,31,10
273,295,37,15
