988,503,116,87
920,484,76,68
246,263,94,74
86,248,128,54
521,346,67,54
863,456,83,110
1110,648,89,71
859,615,70,68
0,0,0,0
0,0,0,0
42,291,82,76
475,205,73,73
959,175,97,43
1076,122,52,78
747,175,55,50
400,320,72,33
416,318,96,38
550,324,91,43
561,252,53,108
615,226,70,78
753,231,62,60
922,265,53,68
977,306,57,78
804,420,64,62
696,446,56,52
622,464,84,32
629,454,96,58
664,413,47,111
733,439,60,44
847,412,55,64
790,255,92,57
712,210,108,50
731,174,101,59
687,267,97,56
551,399,74,52
442,383,96,80
664,362,82,48
783,195,112,65
0,0,0,0
405,207,39,25
594,209,28,24
1161,283,24,24
0,0,0,0
1179,336,22,29
908,236,36,27
758,245,33,23
1214,294,46,27
0,0,0,0
1063,297,56,22
