1018,1,40,40
987,37,33,39
1050,57,43,38
1061,80,41,25
1050,83,39,21
1046,74,44,30
982,157,26,28
1045,171,42,35
910,126,35,26
870,85,34,26
0,0,0,0
888,69,36,20
812,21,34,36
892,55,25,14
0,0,0,0
817,141,30,24
816,82,18,23
724,7,26,21
771,62,23,20
780,10,20,18
709,37,24,23
775,54,23,24
788,22,13,18
740,19,14,20
723,38,23,23
758,54,25,23
0,0,0,0
695,117,23,22
700,110,23,22
713,111,27,26
603,158,26,23
471,168,26,21
365,204,29,27
398,301,25,23
515,302,25,23
496,355,23,22
379,388,29,24
327,350,27,27
260,321,29,24
144,325,24,21
85,311,24,23
85,349,22,22
59,375,24,24
42,420,25,25
37,482,30,27
41,558,25,26
32,627,26,24
37,710,30,10
0,0,0,0
0,0,0,0
0,0,0,0
190,695,31,25
293,671,29,27
