609,400,33,34
680,420,32,33
742,388,34,33
714,416,36,35
648,437,36,31
629,399,35,35
631,370,37,36
622,371,37,37
615,381,39,39
628,385,42,41
637,375,42,42
648,374,42,43
641,366,44,44
632,344,44,43
632,314,44,43
641,282,44,44
623,397,43,41
623,486,48,50
713,460,46,48
806,444,44,47
871,431,44,44
903,424,45,43
927,388,42,43
792,359,37,38
670,412,42,42
659,481,45,44
664,473,47,46
581,424,42,44
488,429,41,45
452,483,44,43
476,522,47,46
505,467,46,47
475,413,43,44
414,436,43,45
387,487,46,48
455,479,48,49
519,411,46,46
492,387,42,46
429,420,44,47
428,461,47,49
516,451,48,51
566,405,49,51
528,379,49,49
489,383,50,52
483,419,55,57
588,435,63,63
668,407,61,65
609,354,59,62
552,346,55,59
522,402,57,59
540,457,61,63
580,451,60,60
589,397,55,55
564,364,50,54
522,386,50,51
532,429,51,45
537,445,41,31
0,0,0,0
584,281,31,30
653,261,30,28
712,248,28,25
717,202,27,29
646,222,27,29
635,253,29,29
699,251,29,27
691,230,28,30
627,231,26,29
615,248,28,29
674,262,27,22
686,248,26,30
638,230,26,28
606,237,26,28
618,253,29,28
644,238,27,25
641,209,27,29
614,218,28,30
601,244,29,31
631,247,29,27
665,226,29,31
650,215,28,30
598,222,27,30
567,226,29,30
597,230,28,24
614,208,29,29
578,189,28,28
533,188,28,31
538,194,29,31
581,195,29,18
610,175,28,24
593,166,29,27
557,173,29,30
564,195,30,31
617,196,30,17
625,164,32,26
582,136,29,33
522,136,31,32
469,135,31,19
0,0,0,0
0,0,0,0
371,66,27,17
0,0,0,0
0,0,0,0
0,0,0,0
0,0,0,0
0,0,0,0
0,0,0,0
0,0,0,0
0,0,0,0
0,0,0,0
0,0,0,0
372,22,27,16
0,0,0,0
0,0,0,0
0,0,0,0
0,0,0,0
358,26,26,16
0,0,0,0
0,0,0,0
0,0,0,0
385,84,24,14
355,117,26,17
305,152,25,16
276,175,24,14
293,187,22,13
316,190,25,19
315,197,26,20
293,207,27,27
293,222,27,25
322,237,24,17
340,235,23,19
332,243,24,25
313,251,24,25
305,267,24,25
315,270,24,22
344,272,20,16
361,264,23,19
369,251,24,23
360,243,23,21
338,240,23,25
333,244,24,22
354,234,22,14
368,222,21,16
354,218,24,24
336,207,23,25
330,220,24,23
341,238,22,15
356,233,22,14
361,225,24,22
353,219,24,25
346,243,23,23
353,285,23,18
382,278,23,17
391,280,23,20
0,0,0,0
379,332,26,23
394,391,26,27
397,461,29,30
399,543,33,32
455,634,39,30
511,569,36,32
465,533,32,31
440,583,33,30
488,619,34,32
551,592,32,29
549,579,30,28
498,581,29,26
476,586,29,27
517,591,28,26
542,564,28,25
510,532,27,26
470,530,26,25
475,559,27,26
512,570,28,25
529,552,25,25
511,532,26,25
496,553,26,24
497,588,27,26
535,584,26,25
556,565,27,25
546,548,26,25
512,567,24,24
491,584,25,24
509,588,24,23
512,568,26,25
479,550,25,22
442,534,24,24
424,552,24,24
441,559,24,23
469,552,24,24
470,534,23,22
448,527,24,22
436,543,23,24
442,564,24,23
460,566,24,22
474,554,23,22
466,542,25,23
453,541,22,22
444,546,21,21
449,561,24,23
468,561,24,24
486,551,24,23
488,538,24,22
478,531,23,23
0,0,0,0
514,577,20,22
549,577,23,23
556,580,22,23
559,580,21,23
591,583,21,21
598,592,21,21
599,589,21,23
600,584,21,23
611,581,23,22
633,577,23,23
632,579,24,23
612,581,22,22
594,583,23,23
603,582,22,23
598,582,22,23
612,577,23,24
643,564,23,24
645,564,23,24
634,566,24,25
616,548,24,24
626,540,23,24
632,538,22,25
645,540,24,23
666,527,24,24
654,531,23,24
636,540,24,23
609,536,23,24
602,535,23,25
587,537,24,25
579,545,26,25
581,546,25,26
550,571,27,27
521,609,26,28
498,617,29,29
509,611,27,30
510,605,29,30
518,602,29,28
531,590,28,27
510,611,29,30
477,641,29,30
447,650,32,31
465,654,30,30
461,642,32,33
468,638,34,33
491,625,33,33
482,623,29,30
448,626,29,29
417,638,28,24
404,624,30,29
406,588,28,31
397,574,22,33
383,564,30,32
384,553,33,33
405,527,33,33
401,517,33,33
391,507,33,32
382,478,32,32
410,450,29,32
414,422,30,32
435,401,24,30
0,0,0,0
0,0,0,0
0,0,0,0
0,0,0,0
0,0,0,0
0,0,0,0
0,0,0,0
0,0,0,0
0,0,0,0
0,0,0,0
403,256,16,25
384,245,27,31
358,243,29,32
353,234,18,24
0,0,0,0
265,250,24,27
230,256,29,30
208,245,26,29
187,226,27,30
190,213,29,29
231,198,25,27
245,193,26,26
244,195,26,26
248,185,25,24
246,173,23,17
0,0,0,0
0,0,0,0
0,0,0,0
0,0,0,0
0,0,0,0
0,0,0,0
0,0,0,0
0,0,0,0
127,196,22,23
29,260,24,28
0,0,0,0
48,342,34,27
134,285,28,25
144,243,34,34
115,242,32,34
115,273,31,21
181,260,26,17
226,221,31,28
225,232,32,31
216,268,30,27
232,288,29,16
269,274,23,17
278,263,29,26
248,273,28,28
205,280,28,22
0,0,0,0
232,244,19,17
189,262,26,26
161,290,26,20
0,0,0,0
0,0,0,0
185,261,21,23
129,275,20,18
0,0,0,0
0,0,0,0
0,0,0,0
0,0,0,0
0,0,0,0
0,0,0,0
0,0,0,0
0,0,0,0
0,0,0,0
0,0,0,0
0,0,0,0
0,0,0,0
0,0,0,0
0,0,0,0
0,0,0,0
0,0,0,0
0,0,0,0
0,0,0,0
0,0,0,0
0,0,0,0
0,0,0,0
504,180,53,30
686,180,68,69
664,167,72,72
580,224,80,83
559,308,95,98
649,350,101,107
714,318,92,94
678,285,84,85
600,312,83,80
0,0,0,0
0,0,0,0
813,251,44,43
837,394,50,52
895,534,51,48
855,441,45,46
730,366,39,41
543,395,38,40
437,427,38,35
357,408,32,30
234,433,33,29
245,473,31,31
395,453,29,26
0,0,0,0
525,574,31,31
591,597,31,31
658,578,29,30
657,528,28,27
627,448,27,26
649,396,25,25
