442,449,42,39
443,410,40,39
445,382,38,38
445,355,38,40
450,330,36,34
450,438,30,28
0,0,0,0
0,0,0,0
447,588,42,31
436,611,44,41
384,652,42,40
289,644,40,39
289,512,37,34
289,436,40,35
240,455,32,32
211,445,31,31
191,415,29,29
190,376,30,25
199,376,22,19
199,377,22,16
537,324,25,15
537,325,25,14
537,325,25,13
538,325,24,13
539,324,24,15
538,324,24,14
538,324,24,15
538,325,23,14
539,325,24,14
539,325,23,14
0,0,0,0
538,325,24,13
537,326,25,12
539,325,22,15
538,325,24,15
539,326,22,14
539,325,24,16
537,324,26,16
538,325,25,15
538,324,25,15
538,324,25,16
537,324,25,15
537,325,26,14
537,324,25,15
536,324,27,15
536,324,27,14
538,325,25,14
537,324,26,14
536,325,27,14
536,324,27,15
0,0,0,0
0,0,0,0
0,0,0,0
0,0,0,0
0,0,0,0
0,0,0,0
537,324,26,16
537,324,25,16
537,324,25,16
537,325,25,15
538,324,23,16
538,324,24,15
538,325,25,14
539,325,24,14
538,325,24,14
539,326,23,15
538,325,24,17
539,325,23,16
538,325,24,15
538,325,24,15
538,325,24,15
538,325,24,15
538,325,24,15
538,325,25,14
537,325,25,15
537,325,24,15
537,325,25,15
537,325,25,15
537,325,25,15
537,325,25,15
537,325,25,15
537,325,25,15
537,325,25,15
537,325,25,15
537,325,25,15
537,325,25,15
537,325,25,15
537,325,25,15
