894,277,33,37
895,261,33,37
896,255,33,36
898,247,33,36
899,237,35,36
900,225,35,37
901,211,37,38
903,197,36,37
903,189,37,38
904,181,37,37
906,169,38,37
909,151,37,37
910,129,37,38
913,114,37,38
915,95,38,38
917,74,38,38
911,62,39,37
891,57,39,38
842,62,32,27
768,61,35,33
667,68,32,32
529,82,33,32
357,99,37,29
352,82,39,37
454,84,43,22
0,0,0,0
576,159,38,35
481,186,38,35
404,217,34,34
404,258,35,34
386,397,40,33
256,653,50,49
62,657,51,44
89,507,44,38
259,471,46,41
379,547,51,47
317,629,50,47
153,623,48,41
138,500,45,43
261,539,46,39
280,626,49,47
189,631,49,42
188,522,44,41
261,547,42,42
207,622,48,45
154,570,46,41
246,557,45,42
244,594,44,47
243,600,39,41
0,0,0,0
422,635,42,36
561,634,40,39
715,634,41,38
881,653,36,29
912,590,36,34
878,539,37,31
866,521,30,31
870,501,28,32
872,489,27,34
872,476,30,33
875,469,29,34
877,457,29,34
879,442,28,33
880,427,29,34
881,417,29,34
883,395,31,36
886,383,30,34
887,361,32,35
891,343,29,36
893,328,29,35
895,304,30,37
897,284,32,37
899,270,31,36
901,259,30,35
901,242,29,38
901,239,29,37
901,239,28,37
901,240,28,38
901,244,29,37
901,246,29,38
905,223,31,39
908,191,31,40
907,181,33,41
906,183,33,39
905,189,29,39
904,195,27,39
903,197,28,39
902,196,29,39
901,195,30,40
902,196,29,39
902,196,29,39
902,198,30,37
902,197,29,38
904,194,31,39
906,178,33,39
906,160,36,39
907,147,37,40
910,127,38,38
913,93,39,36
913,74,40,36
906,39,40,38
903,48,39,39
890,54,37,39
865,52,36,33
821,55,35,33
754,60,33,34
654,69,34,33
519,81,36,34
349,95,39,32
348,81,37,37
469,86,37,19
0,0,0,0
539,169,40,36
386,216,38,36
391,231,40,37
398,324,39,34
360,547,43,45
141,689,57,31
51,565,48,43
171,462,40,37
329,509,42,43
356,598,48,44
228,647,47,47
123,551,42,42
195,495,42,39
300,574,45,45
258,640,46,47
168,599,44,43
203,507,44,39
278,565,42,40
238,632,42,43
166,582,45,41
224,534,43,42
249,605,39,41
171,605,44,44
219,546,43,39
256,583,47,44
229,616,45,31
0,0,0,0
418,637,32,32
532,631,43,39
679,634,44,36
830,646,43,34
925,627,39,38
903,573,37,36
869,535,35,31
869,531,29,32
869,519,30,33
868,510,31,36
870,502,31,34
872,496,31,34
873,484,31,34
875,469,30,36
877,451,29,35
878,434,33,35
882,412,31,35
886,367,31,37
886,368,31,36
890,344,28,38
895,313,27,36
895,292,30,36
898,268,30,36
900,253,34,37
900,240,35,37
899,225,38,38
901,197,40,39
905,178,38,41
908,155,39,39
912,126,38,39
915,105,39,40
917,83,39,40
915,61,38,41
909,59,39,40
876,55,39,33
803,60,32,31
710,64,33,34
585,77,33,32
429,92,32,31
336,87,39,37
412,77,36,33
0,0,0,0
695,169,31,29
729,234,36,35
