442,104,14,13
483,114,14,15
500,131,14,15
493,145,16,16
467,172,16,16
432,212,17,22
381,198,14,18
402,166,16,17
412,146,15,17
383,143,12,12
349,167,13,13
301,201,14,15
246,188,17,16
274,155,16,17
297,134,15,15
272,131,12,12
241,144,14,14
222,169,12,12
209,186,11,12
216,194,13,14
207,198,11,12
203,207,13,14
179,233,14,14
173,240,13,12
170,239,15,14
172,241,12,13
173,243,11,11
173,243,11,10
174,242,11,11
173,243,11,10
173,243,12,11
173,243,12,12
174,242,10,11
174,242,11,11
173,243,12,11
173,242,12,11
174,243,11,10
173,242,12,10
174,242,10,10
171,242,11,10
170,240,12,12
170,239,12,12
169,240,12,12
169,240,10,12
169,240,10,12
167,237,11,13
167,239,14,11
168,239,10,11
168,239,10,10
167,239,10,10
167,237,10,11
165,239,11,9
166,237,7,9
165,237,9,9
163,237,10,8
162,236,8,10
162,236,8,9
161,236,7,9
160,236,9,10
161,237,8,8
159,237,8,9
158,236,8,9
