422,314,29,25
446,328,22,21
512,331,19,20
566,365,29,28
674,370,29,21
670,361,26,23
845,472,34,27
727,473,35,25
608,462,31,24
525,432,30,26
515,410,31,30
514,405,30,30
515,406,26,28
512,410,30,27
515,415,29,25
517,419,30,24
519,420,31,24
524,421,30,22
527,420,31,22
532,422,30,22
535,422,31,22
540,423,30,20
546,423,29,19
548,423,30,19
547,421,29,19
543,420,30,19
531,415,30,20
498,398,29,25
0,0,0,0
0,0,0,0
470,384,20,20
0,0,0,0
375,421,28,29
0,0,0,0
0,0,0,0
338,563,28,20
341,561,27,23
341,560,27,23
342,559,27,22
342,559,28,24
343,560,27,24
343,561,27,23
343,561,28,23
343,562,27,23
342,564,27,23
340,565,27,23
337,565,29,25
336,567,30,25
335,568,30,25
334,570,30,24
333,570,29,25
331,570,29,24
329,571,28,24
327,572,29,24
326,573,30,24
326,573,30,25
326,572,30,25
326,572,31,25
325,570,31,25
326,571,30,24
326,571,30,25
325,571,32,25
325,572,30,25
324,573,31,25
323,574,30,25
323,576,31,25
324,576,30,25
323,576,32,24
324,574,31,26
323,573,31,26
324,573,30,25
326,574,30,25
327,574,29,25
328,573,29,25
328,574,30,25
330,583,29,24
0,0,0,0
577,557,33,31
629,584,33,33
621,596,34,31
620,595,35,30
616,591,35,30
614,588,34,31
611,588,35,30
610,587,34,30
610,586,33,31
607,587,34,30
605,588,35,30
605,589,35,31
605,590,34,30
604,591,35,30
603,594,34,30
602,594,34,31
602,597,34,30
601,599,34,30
601,602,34,30
602,605,34,30
603,609,34,30
604,612,34,31
605,617,33,30
605,621,33,31
604,625,34,31
603,628,34,31
603,630,34,31
602,632,35,31
602,634,34,30
602,632,34,31
604,624,34,31
606,617,35,31
604,608,36,30
604,600,35,31
604,600,35,30
604,598,34,30
602,597,36,31
602,599,35,30
601,599,35,31
606,599,34,31
612,601,36,32
615,603,36,32
620,601,36,32
623,599,36,31
625,600,36,32
627,604,35,33
629,606,36,32
631,607,36,32
635,610,36,32
635,616,36,32
635,620,36,32
637,618,37,32
642,618,36,32
649,615,37,33
647,613,36,32
638,609,37,32
625,615,37,33
623,623,37,34
607,622,37,33
614,609,38,33
622,599,38,34
645,599,37,34
672,598,38,34
679,587,38,33
662,578,39,34
623,622,38,32
622,622,38,33
620,620,38,34
618,620,37,33
618,620,37,33
619,619,37,32
618,619,38,32
619,618,36,32
619,617,36,33
619,617,37,33
619,617,36,33
623,618,36,33
623,618,37,33
625,617,37,33
625,618,37,33
624,618,38,33
624,619,36,33
622,620,37,34
622,622,38,33
621,622,38,34
620,622,39,34
621,622,38,34
621,622,39,33
621,620,39,34
621,619,38,34
620,617,39,34
620,615,38,34
620,612,38,33
621,609,39,34
622,606,37,34
622,604,38,33
625,604,36,32
625,604,37,32
625,603,37,33
624,602,37,32
623,603,35,33
622,605,36,32
620,606,37,33
620,606,38,33
620,606,38,33
620,607,37,33
620,607,36,33
619,607,37,32
620,606,37,33
621,606,36,32
623,603,36,32
623,600,36,32
624,598,37,32
627,598,37,33
630,599,36,32
631,599,36,32
630,600,37,33
628,600,37,32
627,600,36,33
625,600,36,32
624,599,36,32
623,598,36,32
623,597,36,33
622,597,37,33
622,597,37,33
623,597,37,32
622,595,37,33
622,595,37,32
621,594,37,32
621,592,36,33
620,593,38,32
622,593,36,32
628,591,37,32
630,590,36,32
630,589,37,32
629,591,37,32
627,593,37,33
625,595,37,33
624,597,37,32
623,597,38,32
623,597,37,33
621,597,36,33
620,599,36,33
619,599,36,32
623,603,36,33
625,605,36,32
623,605,36,33
620,610,36,32
617,612,36,33
615,613,38,33
614,612,38,33
615,612,38,33
616,611,37,33
617,612,38,32
618,612,37,33
618,612,38,34
619,612,37,35
555,608,40,35
557,616,41,36
579,625,39,36
582,624,40,36
567,623,40,37
562,623,40,36
566,622,41,36
566,623,42,37
566,626,41,36
571,626,41,37
571,625,42,37
573,625,41,37
573,626,41,37
571,629,41,37
570,631,41,37
569,634,42,37
570,637,41,37
570,637,41,36
570,636,40,36
569,635,40,35
568,633,40,36
566,630,40,36
566,627,40,36
567,624,41,35
570,618,39,35
570,610,41,36
573,606,40,36
576,605,39,35
574,602,40,36
572,603,40,35
569,601,40,35
566,598,40,36
566,598,39,34
566,598,40,34
565,598,40,35
565,597,39,35
565,598,39,35
566,598,39,35
564,598,40,34
565,597,39,34
565,597,41,35
565,601,40,35
565,601,40,35
566,601,39,35
563,603,39,35
558,603,40,35
554,601,39,35
554,600,40,35
556,601,39,35
556,600,39,35
554,597,40,35
553,595,40,35
553,593,40,35
553,592,40,35
553,590,40,34
553,589,40,34
553,588,40,34
552,587,40,35
551,588,41,35
551,584,40,35
552,584,41,35
559,583,40,35
555,576,41,35
554,572,41,35
555,571,40,35
554,570,41,35
554,569,40,35
554,567,41,35
553,565,40,35
552,565,40,34
551,564,39,34
549,564,40,34
549,565,40,35
549,566,40,34
549,569,40,34
549,572,40,34
549,580,39,34
545,590,39,34
540,598,39,34
544,609,39,34
551,633,36,33
550,651,36,32
552,653,34,31
554,657,35,31
559,663,36,31
568,670,34,32
575,679,35,31
580,682,35,32
586,687,35,32
595,688,35,32
595,691,35,30
583,696,34,25
567,702,35,19
557,706,36,15
563,708,34,13
562,705,35,16
560,702,36,19
561,699,36,21
563,693,35,27
565,691,36,28
566,687,35,32
566,685,36,31
567,685,35,32
566,686,35,32
565,685,35,31
565,683,36,32
568,681,36,32
572,680,35,32
575,680,35,31
576,677,35,31
577,673,34,32
578,671,35,32
577,660,35,31
577,630,35,31
576,599,36,31
578,587,35,31
578,580,35,30
579,574,34,30
579,571,35,30
581,569,35,30
583,565,34,30
583,565,35,30
583,563,35,30
584,563,35,30
584,564,35,30
583,566,35,30
582,579,34,31
582,604,34,31
580,621,34,30
580,634,34,31
578,639,33,30
576,641,34,31
574,644,34,31
572,648,34,31
570,651,34,30
570,653,34,31
569,655,35,31
570,658,33,30
569,659,34,31
567,661,34,31
566,663,35,30
564,664,36,31
565,665,35,31
563,664,35,31
561,662,35,32
561,663,34,31
560,662,33,31
558,662,34,31
557,662,34,30
558,662,35,31
559,663,34,30
560,663,34,31
560,664,34,31
560,663,34,31
560,663,34,31
559,662,34,31
558,662,34,31
558,662,34,30
559,662,35,30
561,662,34,30
560,661,33,30
561,659,33,30
562,657,34,31
563,654,34,32
563,652,34,30
563,648,33,31
562,646,35,30
563,642,33,31
562,638,35,31
562,635,34,31
562,633,35,30
561,628,35,31
561,625,34,30
560,622,34,30
560,619,35,31
560,616,34,31
560,614,35,31
560,612,35,30
559,609,35,32
560,608,34,30
559,605,35,30
558,601,35,30
555,595,35,31
551,590,36,31
547,589,35,30
542,585,36,31
538,581,36,31
538,578,35,30
540,576,34,30
538,572,36,30
536,570,36,30
535,568,35,30
533,566,34,30
531,566,35,30
529,564,35,30
529,563,35,30
528,561,36,31
529,560,34,30
528,558,34,30
526,557,35,30
524,556,36,30
524,556,36,30
524,557,36,30
526,557,36,30
525,556,35,30
525,557,35,29
525,556,34,30
523,556,35,29
522,554,35,30
522,554,35,30
521,554,35,31
519,554,34,30
519,554,35,31
520,555,34,30
520,555,35,30
521,555,35,30
521,555,35,31
522,556,35,30
522,556,35,30
522,557,36,30
522,557,35,31
521,557,36,30
521,558,35,30
521,558,35,31
