619,167,150,95
635,168,135,94
686,171,100,93
690,163,84,97
670,162,99,98
651,162,117,97
632,159,126,101
611,163,131,94
558,155,171,98
523,153,197,96
493,153,182,96
472,153,189,96
466,155,140,95
451,165,95,88
447,163,85,92
451,179,44,82
461,182,89,85
464,192,139,82
465,194,183,82
521,195,155,82
547,196,154,80
570,193,149,82
587,192,149,81
602,191,148,80
590,191,172,81
600,191,173,78
608,190,174,82
622,189,173,79
647,188,156,82
656,186,157,82
676,185,141,86
690,184,120,83
724,181,94,88
744,180,73,88
740,178,73,88
737,177,74,91
734,179,73,87
722,178,80,89
726,174,74,91
725,172,75,90
719,171,76,91
718,170,74,90
715,171,81,88
675,173,102,87
621,173,129,86
570,168,154,93
523,170,150,92
487,169,156,92
494,168,100,79
492,163,67,95
490,159,71,93
486,158,73,94
487,156,78,96
487,151,77,98
482,152,80,98
477,149,81,100
462,135,90,107
460,133,103,105
472,128,101,115
463,132,122,105
468,133,122,106
473,131,120,109
474,130,121,107
481,130,124,107
475,130,142,104
448,127,178,109
474,125,175,108
494,125,182,106
505,121,199,106
516,126,211,102
520,122,225,109
529,121,237,109
574,122,216,110
582,121,239,111
607,123,251,113
685,124,206,113
719,126,215,109
714,129,255,106
758,133,238,104
793,135,224,105
840,133,176,110
895,139,128,110
918,145,106,104
935,147,100,107
933,154,101,98
922,153,109,103
889,158,147,96
867,163,193,91
849,165,205,91
835,168,210,90
808,171,186,91
783,174,205,89
769,172,176,91
748,174,149,89
731,175,133,90
711,176,146,90
674,170,133,91
643,169,158,92
622,168,166,93
579,164,169,94
532,162,149,89
502,173,167,76
471,156,76,93
468,214,67,28
451,187,106,58
393,185,141,56
359,141,77,102
353,152,94,89
348,148,91,95
319,148,203,95
334,151,209,92
328,152,232,93
344,155,230,91
366,154,222,92
464,156,138,92
483,156,136,92
501,156,145,93
498,155,186,93
535,153,195,96
580,155,200,97
648,159,177,96
681,155,184,100
697,157,210,98
727,164,207,94
769,166,172,98
789,167,156,98
844,169,112,96
849,164,78,102
815,159,116,104
789,156,148,104
770,152,159,102
743,150,177,104
749,152,201,106
735,153,206,102
701,156,220,98
673,156,206,97
646,156,203,95
625,158,200,94
598,157,191,94
586,155,199,96
568,154,200,97
552,154,197,97
538,153,193,98
525,153,200,96
507,152,186,98
485,153,205,95
465,151,205,97
449,152,215,96
436,154,213,96
406,152,211,96
376,152,183,96
373,156,191,95
341,164,185,83
315,176,98,72
292,175,115,68
280,166,115,76
210,154,202,88
195,158,181,81
168,158,213,81
147,144,116,99
133,138,118,102
129,134,134,106
124,133,130,106
128,138,124,102
131,136,79,105
120,134,90,104
108,128,93,107
109,125,76,111
106,125,84,79
109,146,125,86
107,128,134,103
130,132,132,104
149,133,120,100
158,134,126,102
180,131,149,104
199,130,150,107
221,133,148,104
289,133,114,102
302,131,130,106
302,135,149,102
