458,280,285,416
453,369,292,144
642,78,138,402
661,99,100,385
661,139,94,345
664,178,87,294
670,242,49,218
659,257,21,182
615,239,49,166
645,279,64,58
645,300,165,103
656,311,104,85
652,307,112,55
647,296,125,39
640,297,116,60
640,299,93,96
627,306,109,104
611,308,61,20
592,257,112,68
560,259,171,93
556,239,156,144
557,188,156,227
600,209,44,238
601,361,27,69
606,373,18,56
608,378,18,61
605,340,30,101
592,199,59,284
590,208,66,277
592,223,53,261
592,240,52,239
586,400,54,73
599,339,56,333
594,338,56,358
595,344,61,341
599,396,30,143
580,383,121,49
491,390,401,66
461,371,385,101
485,382,389,85
516,387,307,66
445,397,176,44
438,420,184,21
475,425,145,35
580,351,72,90
545,176,240,302
530,194,290,278
540,187,257,288
555,205,200,263
526,449,62,112
461,471,108,175
453,459,115,136
449,438,114,58
537,387,145,21
526,280,264,323
556,237,205,472
551,250,220,439
