557,600,30,41
558,599,29,43
558,599,29,44
559,601,31,44
567,608,34,44
585,616,36,45
609,624,39,48
637,633,39,47
656,637,53,49
691,638,53,51
723,638,50,53
755,633,43,51
781,623,39,54
801,614,32,50
806,603,29,49
802,590,27,50
0,0,0,0
0,0,0,0
0,0,0,0
0,0,0,0
0,0,0,0
0,0,0,0
0,0,0,0
583,563,35,45
562,567,40,43
548,573,38,41
534,577,37,42
517,578,39,44
506,585,38,41
506,590,31,46
512,601,36,45
523,607,41,46
530,609,45,46
537,607,51,52
543,608,48,50
554,610,37,47
556,608,34,49
556,607,35,49
557,608,34,48
556,608,35,47
558,606,33,49
555,609,36,46
555,606,35,48
557,608,32,47
557,607,34,47
557,606,33,48
555,604,34,49
557,604,33,50
558,604,32,51
558,605,32,50
557,605,33,49
556,606,35,49
558,606,31,48
558,607,33,47
558,608,33,45
560,603,31,51
559,625,34,30
562,640,26,16
0,0,0,0
0,0,0,0
0,0,0,0
0,0,0,0
561,607,29,46
560,607,29,47
558,608,31,46
557,607,31,47
