231,66,37,141
225,107,72,109
225,106,27,74
204,102,48,56
215,64,50,129
237,86,33,141
236,70,47,132
175,128,112,59
194,119,51,17
217,62,37,18
259,43,12,14
246,85,10,9
203,103,39,35
200,108,39,28
207,108,33,19
209,107,34,23
199,110,39,22
179,111,45,20
175,101,42,27
184,102,35,26
184,112,38,10
182,110,38,16
181,108,38,18
179,109,39,18
179,110,39,17
179,112,39,14
180,112,44,12
185,110,38,17
186,112,38,17
185,112,38,15
184,113,41,15
184,113,40,16
182,113,40,18
182,113,39,18
181,114,39,17
180,113,38,19
179,113,38,21
176,115,39,18
175,116,40,21
177,122,38,21
190,131,31,19
198,129,23,16
184,124,38,12
177,117,42,21
194,91,28,56
221,74,16,140
226,122,21,142
219,126,44,120
203,110,47,104
194,129,28,36
184,105,64,85
198,87,68,113
230,78,34,114
226,108,26,137
216,96,53,108
153,135,125,44
173,140,62,15
201,107,47,16
227,55,32,25
252,46,21,13
253,35,35,26
223,62,47,14
196,89,49,21
187,106,52,12
193,103,43,15
203,105,37,9
211,96,27,25
198,95,25,23
176,103,32,16
166,104,34,11
167,102,37,11
174,104,35,16
205,57,21,98
236,74,18,144
198,91,73,125
191,128,44,34
182,105,82,82
223,57,48,134
234,75,33,137
222,67,49,130
182,123,84,42
194,118,45,27
213,70,43,18
254,43,13,9
265,51,14,8
230,75,18,22
199,111,40,18
202,86,43,60
245,55,20,142
240,69,25,143
215,120,31,38
204,101,48,73
229,55,39,139
237,54,22,146
187,114,83,60
200,102,45,30
207,61,51,14
255,40,10,27
