593,256,364,118
593,253,366,121
601,248,367,121
642,236,373,82
656,230,378,74
663,238,377,70
667,241,376,68
668,238,375,73
668,235,375,76
667,235,375,75
654,228,370,108
624,232,363,133
607,245,363,128
594,246,364,129
594,241,358,132
590,236,362,137
589,237,365,136
593,238,360,134
588,240,366,134
588,239,367,136
587,241,367,133
611,235,362,131
652,232,375,70
664,235,380,67
671,246,384,57
672,246,381,61
669,246,382,61
671,244,379,64
668,243,382,64
664,241,378,76
644,238,368,111
618,246,363,121
600,252,365,118
587,252,369,120
585,249,368,123
585,247,365,125
589,248,365,123
589,248,365,122
590,250,367,122
601,250,362,117
701,240,370,83
758,240,380,60
763,243,382,59
765,243,380,60
765,243,383,59
765,243,381,60
765,245,382,58
765,245,378,59
734,233,367,88
668,227,372,125
626,234,367,131
602,249,363,119
585,252,368,119
583,256,370,116
584,255,370,117
586,254,370,118
587,253,370,119
588,254,370,119
589,254,370,118
624,248,367,114
726,236,372,80
774,243,380,56
777,243,382,58
779,246,383,55
782,247,378,55
779,248,377,55
778,249,379,55
774,250,379,55
734,237,368,86
679,226,361,123
633,230,353,133
600,238,364,128
587,244,366,126
581,243,365,127
583,242,365,129
585,243,365,128
587,244,365,128
589,245,365,127
591,246,365,126
620,244,374,130
728,209,407,127
870,210,384,44
924,214,356,37
962,219,317,32
977,228,300,21
981,230,298,19
985,231,295,20
988,231,291,21
971,230,309,28
926,227,354,45
846,235,382,51
750,253,382,62
691,287,383,72
648,318,368,65
619,314,376,69
605,292,375,82
601,261,369,110
605,249,363,129
608,251,362,134
611,252,359,129
611,252,363,129
613,253,363,130
611,250,364,132
612,251,365,132
612,251,365,131
617,256,366,127
716,219,351,133
852,195,368,67
898,193,382,47
946,201,334,45
969,214,311,34
978,231,302,16
985,235,295,14
983,233,297,16
