604,596,62,71
604,595,63,72
604,595,64,73
604,595,64,73
604,595,63,72
599,595,62,72
580,595,62,72
554,595,61,72
527,595,61,72
501,594,61,72
482,594,61,71
478,594,63,70
490,596,60,72
510,591,31,81
518,586,55,74
554,574,55,77
590,569,53,74
621,563,50,72
653,581,46,46
705,581,20,37
701,592,33,28
726,590,47,25
752,589,47,24
774,588,49,24
797,590,47,21
803,589,50,25
803,590,48,21
817,596,20,18
0,0,0,0
811,559,32,65
791,568,43,64
766,566,56,72
739,572,60,71
706,578,65,67
670,579,59,73
625,582,64,75
589,588,66,73
555,589,65,75
533,593,64,75
525,593,69,72
529,592,66,75
532,592,68,74
537,592,63,75
534,591,66,77
534,593,67,75
535,595,66,70
534,594,68,73
535,594,64,72
534,610,62,57
533,611,61,57
