8,133,188,121
169,216,170,154
104,119,29,166
1,237,81,33
69,160,222,71
1,255,21,13
51,182,166,46
0,0,0,0
0,0,0,0
14,206,153,54
0,0,0,0
49,203,188,71
0,0,0,0
1,198,132,61
0,0,0,0
1,221,36,34
111,282,114,25
1,248,79,19
178,148,60,113
212,262,129,100
198,230,143,143
68,152,167,91
203,321,149,48
1,283,120,45
124,214,77,42
154,211,146,41
102,125,24,162
1,275,101,25
109,251,152,120
94,103,17,178
1,237,91,42
50,232,34,60
1,156,36,159
1,271,40,41
1,256,148,65
0,0,0,0
3,222,34,158
1,122,20,44
0,0,0,0
1,266,176,48
