324,288,385,18
323,296,388,11
322,294,384,20
330,302,359,21
376,304,247,42
261,317,311,55
0,0,0,0
270,199,293,104
491,315,30,20
386,337,59,21
17,337,331,15
336,241,38,66
385,271,254,12
0,0,0,0
448,372,168,20
441,384,202,19
446,388,199,17
446,389,198,16
445,390,196,14
445,391,195,15
450,391,187,17
458,387,167,25
470,391,145,21
363,362,294,48
272,308,290,56
442,239,323,88
316,359,211,82
286,396,344,87
578,413,19,17
496,335,215,109
420,344,212,32
389,311,228,37
372,276,216,72
354,249,206,95
349,234,203,114
354,237,196,124
393,289,168,169
447,377,32,109
463,352,19,77
463,300,66,180
447,323,125,168
418,338,236,152
402,440,268,20
414,413,207,123
475,407,16,96
507,372,12,24
508,226,30,168
482,224,118,160
411,277,228,77
357,282,93,29
353,271,62,18
334,278,250,19
145,298,291,33
357,204,147,53
408,264,17,26
407,292,26,32
360,313,62,30
239,358,192,40
0,0,0,0
456,200,106,25
453,84,49,254
467,43,38,268
459,43,54,302
465,112,63,223
489,175,30,92
0,0,0,0
537,351,17,47
494,182,36,99
451,164,27,104
0,0,0,0
372,495,48,26
341,423,45,114
322,244,45,265
333,248,48,28
318,215,44,177
254,263,80,151
132,376,132,96
152,250,335,69
349,229,82,69
205,224,306,29
168,232,260,30
419,309,142,48
331,245,76,28
129,217,222,20
0,0,0,0
0,0,0,0
0,0,0,0
129,265,197,66
96,162,272,113
98,144,271,132
0,0,0,0
0,0,0,0
215,294,213,253
265,337,314,50
250,276,360,189
326,211,123,351
350,225,160,358
278,279,381,128
289,134,330,237
293,98,272,264
282,222,111,118
313,229,128,233
400,229,120,369
362,305,137,296
382,435,15,64
249,412,232,62
350,421,101,152
300,349,89,145
304,319,116,44
0,0,0,0
439,309,122,44
506,249,177,146
540,328,76,52
0,0,0,0
467,256,45,15
478,234,78,31
439,227,167,52
0,0,0,0
0,0,0,0
369,435,68,21
375,414,236,50
365,405,258,32
361,412,270,32
359,413,279,35
350,412,300,44
348,412,309,46
