278,7,39,306
284,15,38,304
292,20,37,297
299,22,32,280
303,22,27,273
305,22,26,263
308,21,25,261
315,22,23,252
325,22,19,192
332,24,22,187
342,27,20,185
349,27,16,185
358,29,11,180
367,28,9,138
377,24,19,309
386,14,32,306
364,1,59,285
306,91,125,168
214,217,323,51
54,134,347,20
254,119,356,97
48,33,262,60
86,141,191,171
1,9,210,104
0,0,0,0
0,0,0,0
227,80,222,37
44,439,312,41
126,326,183,119
357,134,91,98
192,154,207,85
261,101,103,113
278,329,49,43
156,357,137,70
215,158,74,67
0,0,0,0
300,103,102,137
149,153,98,15
200,226,118,45
272,159,170,240
289,341,240,59
166,143,292,50
251,25,107,201
140,58,255,40
201,119,35,22
270,170,221,75
336,188,265,23
339,168,237,36
379,177,176,32
380,176,203,105
432,192,135,185
545,137,41,58
381,132,173,77
426,14,24,53
435,83,75,104
378,129,147,193
400,118,74,197
444,115,65,117
497,80,54,213
0,0,0,0
466,184,95,40
431,134,104,82
487,114,85,153
496,119,66,100
424,141,15,15
355,89,217,109
390,59,132,162
454,150,130,77
424,259,147,67
