549,131,145,504
543,133,151,502
539,136,151,496
532,140,157,492
525,145,163,489
518,149,169,485
525,154,159,479
520,159,161,474
515,164,163,468
519,163,157,468
528,170,150,460
543,169,137,456
558,166,121,453
571,164,105,452
584,156,77,449
594,85,204,499
574,105,233,474
499,193,390,359
460,297,490,225
427,299,559,143
424,405,558,19
453,390,495,173
449,396,505,173
436,435,560,138
454,326,528,148
453,194,454,21
457,125,404,51
466,236,401,21
498,377,397,102
595,454,367,177
635,506,340,191
585,425,354,142
357,293,539,183
334,303,437,118
396,305,254,113
391,315,246,144
280,189,394,306
276,38,359,137
236,23,441,127
280,163,420,144
289,273,396,85
301,293,388,133
545,326,276,218
654,406,179,118
563,299,294,80
572,109,44,348
409,384,301,50
637,291,140,307
666,315,325,53
685,147,171,295
725,284,22,158
732,392,95,242
759,431,94,194
574,67,220,397
527,105,257,377
528,186,246,350
658,366,227,354
733,548,136,172
654,328,109,342
554,352,178,223
629,436,77,67
309,394,513,20
372,394,164,56
491,365,105,144
268,285,381,264
550,147,82,84
518,1,83,104
589,23,86,72
461,205,270,115
443,318,317,38
640,347,122,49
523,250,368,214
517,236,398,280
457,337,506,114
525,214,374,307
693,249,28,277
680,316,95,150
583,332,410,163
606,237,376,231
722,243,107,246
716,342,63,28
654,233,177,236
633,104,199,378
607,16,208,372
598,54,213,341
654,174,158,251
737,348,70,77
727,338,84,101
553,319,398,93
590,273,177,160
621,364,62,29
643,387,20,32
428,358,337,162
492,200,263,152
550,40,239,62
467,136,421,57
449,257,466,71
439,345,478,52
587,311,304,171
719,282,368,329
686,284,376,283
740,243,314,142
765,52,68,407
706,350,114,161
806,341,251,270
667,311,515,67
681,162,413,348
795,339,215,108
788,390,202,330
660,195,259,432
561,73,284,418
517,96,312,416
592,278,369,384
804,527,190,193
710,355,37,249
636,265,141,266
383,239,509,60
537,106,65,244
510,83,147,279
467,71,231,259
541,194,30,54
0,0,0,0
459,272,221,109
404,297,431,36
563,78,206,379
481,139,201,300
326,248,377,322
348,343,280,135
532,225,59,99
466,205,118,165
360,294,384,152
504,295,195,230
522,284,406,218
705,160,216,420
643,127,138,386
331,283,452,132
379,276,229,127
517,97,55,193
