437,409,196,41
432,414,198,38
446,391,177,49
511,252,212,122
666,63,111,168
577,154,12,155
545,74,103,208
537,173,22,195
365,421,174,27
383,420,160,33
382,418,165,32
391,406,161,44
375,360,130,70
445,169,99,147
514,172,24,177
596,164,39,137
639,63,40,267
646,62,77,280
571,216,218,86
579,199,207,98
590,206,206,87
593,219,216,68
581,158,220,172
649,219,56,94
630,229,188,93
676,238,135,118
680,236,134,118
680,236,135,118
725,238,86,102
654,168,212,150
685,229,170,83
699,231,191,79
625,154,209,200
594,245,225,98
578,271,255,64
575,270,259,63
571,271,264,65
567,273,269,66
563,274,274,68
595,209,186,144
574,166,226,169
650,253,134,39
676,162,134,174
705,219,150,87
766,245,72,90
762,243,95,91
763,239,98,95
763,235,101,98
770,216,89,113
695,121,134,217
631,206,208,137
617,222,239,123
609,232,252,100
605,231,255,101
607,230,254,104
616,218,238,129
615,112,176,189
629,154,278,29
644,156,277,17
650,136,275,41
653,141,277,38
660,142,280,51
710,52,145,238
738,2,47,282
730,4,43,263
733,1,30,261
734,1,28,264
724,1,40,263
702,1,13,114
645,6,36,265
