172,202,95,295
186,186,84,299
202,138,67,320
215,97,39,335
217,72,17,341
201,52,27,342
185,43,41,340
185,62,52,335
196,125,55,332
202,224,53,326
212,219,10,313
201,137,37,335
169,60,76,342
148,39,84,337
146,40,83,341
138,38,92,342
139,39,91,341
139,40,91,341
146,47,88,339
176,75,66,341
204,98,39,341
220,173,11,331
196,188,48,306
202,169,44,321
221,132,10,338
214,137,20,347
216,135,13,341
204,133,33,335
193,145,52,321
211,144,23,333
207,159,35,323
197,171,52,309
197,165,53,316
196,157,60,321
207,135,49,328
216,105,37,341
221,79,25,347
226,60,14,345
209,47,38,337
191,34,58,327
165,30,88,302
150,28,101,299
151,31,100,305
151,26,98,313
157,28,87,320
178,44,66,316
205,58,27,326
204,101,30,334
171,133,85,327
153,145,120,318
149,158,128,322
132,185,140,306
148,165,127,314
180,126,85,339
210,90,37,346
223,65,17,343
210,47,47,331
201,32,67,318
183,27,95,294
193,30,84,313
231,67,25,329
211,75,31,347
207,60,41,360
228,58,10,363
221,67,35,360
192,76,85,357
138,101,156,335
118,124,188,311
128,130,189,306
126,134,206,300
107,160,244,273
94,223,266,197
110,320,237,53
142,337,171,64
213,356,59,87
226,315,13,107
180,320,75,67
164,350,101,45
178,336,92,69
198,320,74,91
199,320,75,92
193,315,81,95
189,311,82,99
193,324,72,83
197,346,63,50
201,362,59,28
194,362,72,27
166,337,108,55
112,322,181,79
89,324,198,97
117,320,149,102
106,339,177,77
110,340,172,72
112,343,167,71
122,349,163,59
117,356,166,49
107,349,169,59
80,316,188,96
52,279,211,132
25,238,233,171
1,206,253,199
1,190,234,199
1,224,242,167
1,284,278,117
8,346,303,58
35,379,315,22
62,381,298,12
73,372,287,27
70,372,290,20
61,343,298,53
69,344,290,54
70,339,289,63
64,344,295,54
64,342,295,57
64,349,296,48
63,350,296,48
63,352,297,47
62,353,297,47
64,366,296,29
73,380,287,11
75,368,285,25
69,370,291,29
80,380,280,17
81,377,279,19
102,368,258,15
131,357,215,32
102,369,215,53
124,376,189,39
170,348,188,26
154,237,200,48
118,236,197,30
133,241,198,39
197,340,163,29
187,404,173,72
145,438,193,88
144,443,182,87
150,435,176,83
168,413,164,51
172,395,172,15
148,390,212,16
118,373,242,38
91,351,269,54
57,336,302,79
54,339,306,84
74,330,285,99
90,341,270,80
95,341,265,83
70,348,291,74
27,333,312,87
1,300,312,119
2,275,291,140
2,254,255,142
1,263,256,137
2,291,276,113
1,329,328,80
39,358,321,50
74,367,286,42
83,377,277,30
51,368,309,45
11,330,327,87
2,296,320,119
1,275,309,138
1,262,301,147
1,243,268,148
1,225,265,165
2,248,271,147
1,297,296,103
18,360,340,45
78,383,282,26
126,372,234,48
119,372,240,43
71,378,289,26
25,366,335,29
2,340,345,56
1,309,331,89
2,294,291,96
2,278,289,110
1,282,291,108
1,313,310,80
10,350,312,41
