498,560,349,42
502,554,348,51
501,552,348,50
496,551,348,49
496,552,348,45
493,554,348,43
493,552,348,45
490,548,354,48
489,547,354,47
488,547,354,46
489,544,354,45
490,542,354,49
491,546,354,43
491,552,354,40
492,559,353,36
492,565,353,33
494,563,352,41
494,529,367,58
489,496,378,33
477,478,395,48
474,488,388,63
479,490,383,93
481,460,379,128
483,426,372,155
470,435,399,78
310,108,892,564
147,348,1053,165
318,116,827,604
586,3,373,717
721,4,20,716
495,6,331,714
318,188,583,532
244,293,722,427
241,272,726,448
253,235,689,485
260,199,657,521
282,115,595,605
339,36,474,684
418,28,317,692
492,116,133,604
544,219,37,501
521,347,142,357
