552,203,24,376
564,197,8,368
548,207,84,353
506,263,235,226
465,271,339,117
575,125,65,395
421,301,361,104
526,188,215,363
589,260,210,186
569,248,279,102
533,225,285,106
497,215,285,98
470,224,266,85
471,237,197,76
503,261,119,41
511,281,98,21
503,304,129,21
493,335,191,23
509,312,258,80
525,270,289,116
516,263,305,120
501,270,297,106
466,250,281,139
427,260,271,89
409,173,199,299
410,129,142,245
444,38,77,412
360,76,245,237
398,136,237,143
484,65,147,343
583,115,56,445
621,160,38,437
621,160,44,437
620,158,35,438
615,153,33,440
613,152,26,441
608,153,21,438
608,151,13,438
596,152,27,436
589,149,37,437
586,149,44,438
590,148,41,437
593,147,37,434
592,140,39,437
595,137,37,435
598,133,34,433
586,134,49,432
564,138,69,428
547,143,80,418
590,154,34,404
612,169,105,387
689,193,136,346
768,158,125,362
710,237,290,167
649,281,263,48
534,288,272,47
417,301,350,46
379,287,384,94
370,288,388,101
361,300,394,78
351,308,399,60
355,309,400,36
423,312,360,27
577,312,178,25
693,309,140,14
561,296,363,39
535,286,334,64
544,281,283,75
534,280,268,72
468,296,302,24
443,260,367,53
695,286,33,20
521,310,320,21
215,264,396,52
503,179,222,63
487,122,403,123
481,149,46,149
177,269,367,52
435,265,217,74
618,236,128,134
518,243,365,142
511,265,351,115
570,287,248,77
599,309,191,48
606,336,185,18
597,350,205,15
604,340,268,48
703,302,276,47
725,294,300,18
726,287,302,27
729,275,309,43
724,287,306,37
716,303,302,27
684,287,302,29
636,228,293,75
528,204,331,126
473,235,327,88
463,240,318,85
479,148,285,270
517,73,216,397
595,28,119,460
668,40,46,373
655,166,174,195
609,171,192,281
624,70,82,309
531,182,199,190
456,163,252,217
503,96,78,391
527,115,41,369
561,211,83,218
597,144,30,360
613,146,22,360
597,147,38,360
601,148,34,366
616,161,19,373
611,166,40,371
603,155,47,372
593,154,47,373
591,154,45,371
587,155,48,372
581,153,49,373
574,158,53,372
566,155,52,371
565,158,53,370
562,163,62,372
563,164,63,371
562,164,62,371
560,164,62,373
559,164,62,372
557,165,63,370
556,165,63,369
555,191,60,345
547,166,70,370
545,167,68,371
543,167,66,371
541,167,69,371
542,168,68,371
544,168,68,372
545,169,67,372
548,171,71,370
528,174,110,355
448,199,265,262
368,297,382,13
446,217,233,121
538,251,239,137
568,197,216,263
586,290,235,101
639,126,79,360
570,207,233,139
647,97,152,218
559,124,129,375
502,168,56,301
466,201,78,174
368,305,365,87
594,357,49,21
473,349,194,56
468,356,226,68
597,375,13,75
478,284,292,124
482,250,284,72
554,168,127,182
560,169,104,180
561,169,106,180
561,173,105,177
562,174,108,176
562,169,107,186
550,135,128,249
561,111,126,305
627,119,63,201
649,161,77,124
565,250,217,72
622,105,112,330
689,128,97,166
659,170,118,260
570,161,190,260
