740,38,74,342
742,32,72,345
744,39,69,341
740,40,70,342
738,39,72,342
733,38,75,340
731,33,73,341
733,29,72,347
730,35,70,341
729,40,71,336
731,38,70,341
735,41,69,336
740,52,68,335
750,54,65,339
750,58,65,339
748,68,70,331
741,64,73,333
738,66,71,334
731,63,74,338
732,61,73,342
730,61,75,346
733,62,73,338
734,63,72,338
734,62,73,337
734,59,72,344
731,60,75,342
733,61,73,345
735,61,72,341
736,60,72,341
736,60,72,339
736,59,73,340
738,56,72,344
740,58,71,339
743,55,69,339
741,54,72,341
742,57,72,336
744,55,71,337
743,56,73,338
739,58,76,339
736,60,74,336
724,68,80,336
718,63,84,338
738,5,76,348
742,1,78,297
751,1,80,341
757,32,87,407
750,128,90,397
730,156,93,405
723,148,90,406
716,119,85,412
720,140,89,401
718,115,95,406
726,123,93,413
732,140,88,405
719,126,90,404
716,140,89,396
719,145,84,396
719,147,87,401
718,146,85,395
721,147,85,391
720,148,87,389
726,155,86,380
724,142,92,389
715,112,102,392
710,93,96,404
718,135,84,397
722,156,85,392
719,144,82,382
722,151,83,388
722,157,87,386
713,133,95,391
714,146,87,386
716,148,86,393
716,138,90,394
713,138,93,394
711,138,92,390
710,139,92,393
708,141,91,390
705,140,94,389
707,135,90,393
704,143,92,385
704,140,91,392
706,142,89,389
701,131,92,391
702,148,89,380
700,151,89,385
702,144,86,386
695,126,100,395
694,102,105,399
689,96,111,403
704,127,105,395
722,168,101,388
726,181,97,383
724,183,99,383
714,171,107,383
692,134,123,390
682,102,127,398
687,101,124,399
709,144,106,371
716,160,105,385
717,161,99,384
720,175,96,379
718,177,95,371
715,172,102,373
711,174,96,375
698,159,107,385
694,127,108,389
697,135,104,390
710,166,95,373
711,176,97,373
706,172,95,369
706,179,100,372
706,162,99,371
697,129,109,386
689,90,120,390
694,88,106,396
712,129,93,401
724,178,92,377
731,194,87,371
726,187,88,376
721,173,91,378
708,150,99,380
706,148,100,381
704,154,104,382
707,157,103,381
700,151,106,381
701,148,107,388
701,160,110,382
713,172,103,374
721,176,104,375
727,178,98,378
724,172,101,384
724,178,99,378
714,162,106,380
701,126,114,391
698,125,115,394
716,161,104,383
712,168,105,379
702,163,108,384
698,171,109,381
693,173,111,382
695,170,104,386
705,187,99,376
707,188,99,376
709,187,98,376
706,185,102,379
700,181,102,381
691,162,102,381
682,143,110,384
677,137,109,389
693,169,100,384
699,179,98,375
695,173,103,377
684,157,109,382
672,141,116,386
668,133,118,386
670,136,117,391
688,173,103,386
697,199,101,377
697,203,99,374
696,201,98,377
698,199,100,375
696,204,97,371
686,170,107,378
676,140,112,388
685,166,105,379
690,170,106,378
687,150,105,382
689,161,100,379
691,172,97,380
693,163,97,378
689,140,103,381
683,132,103,388
688,158,106,377
691,142,109,381
689,127,111,389
689,146,110,386
687,174,110,380
685,180,116,378
684,185,112,375
685,184,118,381
687,179,112,386
685,183,109,381
682,170,114,380
692,170,111,376
698,174,105,374
698,170,103,376
699,169,103,374
697,171,104,374
694,174,104,372
687,165,106,373
679,142,115,383
670,126,118,379
670,121,120,391
684,160,113,375
688,159,109,377
684,130,119,385
680,112,129,390
693,122,127,396
726,150,121,386
716,173,125,380
704,175,126,380
709,176,121,374
706,168,122,369
709,136,126,378
714,113,132,384
715,118,136,377
715,115,142,369
712,113,149,374
724,117,143,362
725,121,142,367
742,117,131,365
738,109,139,366
740,115,139,373
721,100,143,369
725,118,142,366
717,98,136,374
718,102,137,379
728,108,137,372
732,117,141,365
742,132,129,349
736,134,137,349
722,132,142,361
720,131,141,358
723,113,137,368
723,103,137,372
720,130,141,359
717,133,140,356
716,124,141,366
748,103,136,365
776,99,138,375
754,119,143,367
742,141,134,358
734,161,132,354
738,166,135,360
739,170,131,353
737,172,131,353
739,167,130,351
736,156,133,355
733,152,129,354
736,148,129,357
734,146,129,360
737,143,124,359
734,147,124,356
736,149,123,358
729,151,126,357
719,136,130,352
708,102,134,365
713,111,128,359
715,134,128,358
716,132,130,363
714,128,132,366
712,135,132,365
712,142,133,363
715,148,131,362
713,146,133,361
718,145,135,359
719,150,133,360
721,139,133,360
718,134,135,361
722,134,133,359
724,128,138,364
727,132,137,361
720,138,133,349
698,124,127,365
699,126,126,368
708,140,127,360
725,141,121,359
723,140,124,364
720,141,123,364
720,140,121,360
718,138,122,363
716,136,121,357
709,123,128,362
696,115,133,366
698,121,129,366
697,130,132,365
699,135,139,363
694,136,141,358
695,136,142,359
694,133,147,363
693,133,145,362
698,131,143,361
711,121,134,361
724,117,124,368
719,128,125,367
731,138,112,363
727,138,114,365
722,137,119,365
720,132,120,363
716,120,127,367
719,127,125,366
718,130,126,362
723,113,129,370
719,124,127,368
714,135,126,365
711,126,129,373
704,137,131,371
706,145,127,365
709,139,125,367
708,136,126,367
708,141,126,363
707,133,126,365
707,103,125,369
706,99,123,372
701,114,125,368
707,105,122,368
707,112,120,366
705,115,121,364
705,115,126,364
706,102,124,373
706,98,124,369
722,109,116,370
739,117,110,348
734,118,112,355
728,118,118,364
722,116,117,365
707,112,120,360
709,111,124,360
719,110,120,364
725,108,120,364
724,121,126,362
724,125,124,356
721,124,121,361
750,120,121,360
841,96,115,371
769,70,139,361
660,75,150,363
767,67,142,359
863,59,139,362
757,77,167,357
697,2,184,352
729,1,141,286
745,113,165,372
738,151,147,294
676,125,162,286
700,91,193,357
786,88,176,361
727,73,183,356
763,70,167,366
745,81,177,353
740,90,169,347
761,109,162,365
745,107,170,351
719,90,185,347
783,53,177,357
737,46,199,345
783,23,183,351
844,38,164,367
795,119,180,352
770,139,179,355
739,122,174,337
580,72,235,355
504,62,265,348
635,62,244,359
822,99,175,371
811,139,165,368
788,138,151,364
763,135,153,358
767,90,146,374
