282,256,80,113
319,251,70,112
344,238,69,113
367,236,68,115
390,240,68,116
411,246,65,116
425,252,64,116
452,261,62,118
479,266,62,118
506,265,64,118
531,268,65,118
556,265,66,119
588,252,51,120
620,251,59,123
670,260,18,23
713,261,18,108
728,266,46,108
752,271,67,130
795,272,49,133
833,271,38,134
853,262,47,136
879,257,46,138
884,240,54,143
894,228,50,144
890,210,49,151
864,197,56,154
863,191,27,19
859,191,26,21
835,194,44,139
812,190,66,170
793,198,84,171
775,205,97,174
767,216,103,180
768,220,102,184
770,221,107,189
776,212,124,195
804,208,105,193
810,220,106,185
808,230,104,169
810,237,98,163
807,238,99,159
806,245,94,152
797,252,97,149
787,254,95,144
773,257,87,143
755,261,88,141
737,266,87,144
713,277,90,143
693,289,87,143
674,304,90,136
660,318,96,131
636,332,96,112
587,354,109,84
542,378,118,123
457,405,136,122
385,423,136,122
337,432,139,124
423,431,147,117
656,425,159,116
915,429,166,110
1045,435,166,109
1049,446,166,111
1024,464,172,115
993,483,182,113
904,478,183,109
754,488,176,98
617,490,172,89
526,487,143,79
522,492,124,72
543,488,99,62
538,479,81,53
513,480,64,45
474,479,53,40
440,481,45,37
409,478,39,35
383,477,36,33
366,472,31,30
353,465,29,28
349,457,27,25
344,444,25,27
343,438,25,25
341,428,25,25
343,424,27,25
354,419,25,24
371,415,21,17
389,411,27,24
411,405,28,26
436,404,28,24
465,400,28,25
498,397,29,24
