525,370,78,137
528,362,72,135
532,357,75,137
541,359,76,138
562,363,75,140
587,370,78,136
613,370,78,135
634,370,74,134
659,367,81,132
685,365,67,130
704,365,61,131
722,368,54,129
724,369,52,105
723,368,69,127
734,368,65,129
736,371,60,128
753,371,41,127
747,367,51,129
747,368,53,127
749,368,51,127
749,364,48,129
741,362,48,133
736,368,50,131
731,371,59,138
733,376,62,137
731,377,68,137
734,378,73,136
747,382,71,131
756,385,70,127
760,388,71,123
768,393,67,120
773,401,66,117
783,408,57,112
795,412,47,90
806,417,43,72
815,424,36,57
818,428,34,46
815,429,51,39
813,429,45,33
808,432,41,32
804,436,39,29
795,438,37,26
788,440,39,30
784,443,38,31
777,446,36,76
780,451,33,72
779,456,31,66
780,458,33,65
784,462,28,59
794,468,26,57
804,473,46,49
810,477,42,50
818,482,41,45
825,489,45,41
835,493,46,38
843,493,48,39
850,494,49,37
853,497,46,36
853,497,42,36
852,499,37,34
