543,333,49,96
572,257,73,84
529,281,65,43
517,255,61,76
528,199,31,56
536,243,39,62
560,299,101,98
595,347,77,38
617,363,43,34
628,358,39,37
636,358,27,40
642,357,29,37
641,359,32,29
623,337,52,40
603,320,68,53
583,309,91,63
554,308,97,47
0,0,0,0
614,298,85,31
615,282,77,52
582,292,33,56
598,270,42,84
598,336,104,82
564,390,134,39
566,348,98,78
578,347,83,46
627,358,38,22
626,353,50,21
580,353,94,37
582,351,102,36
581,353,102,36
583,352,99,39
590,357,97,35
582,355,104,39
599,356,81,35
605,356,81,37
604,358,83,36
604,358,84,37
606,360,77,33
602,357,77,37
612,359,58,28
605,360,54,29
617,364,49,26
642,365,34,22
592,365,78,40
587,366,78,39
581,362,71,33
548,340,85,41
