764,352,22,154
752,343,26,159
732,316,34,174
734,304,39,175
741,298,39,175
740,292,40,178
736,293,36,176
735,295,44,174
708,282,48,170
692,304,43,73
688,236,42,113
664,233,57,130
623,232,70,167
613,274,131,40
633,282,131,29
630,281,127,32
616,280,122,40
617,282,117,37
607,285,146,32
597,288,145,23
575,284,155,22
576,283,157,19
582,287,143,23
591,297,159,25
611,296,157,36
645,278,138,54
664,243,127,57
696,218,84,30
0,0,0,0
744,346,40,110
0,0,0,0
541,76,165,47
657,112,86,52
0,0,0,0
697,298,65,108
650,382,117,97
648,370,127,110
664,371,128,107
666,375,121,108
659,375,127,111
660,378,127,112
678,343,111,119
773,238,77,93
774,93,32,79
682,197,46,76
779,384,97,71
652,312,113,50
641,315,97,42
645,316,94,46
662,318,89,49
654,334,86,44
667,365,68,40
0,0,0,0
660,373,111,107
674,365,98,91
657,291,33,34
0,0,0,0
0,0,0,0
609,177,45,113
0,0,0,0
0,0,0,0
0,0,0,0
544,477,88,22
536,469,90,21
532,461,73,21
