522,341,104,106
526,335,106,112
595,328,44,109
0,0,0,0
0,0,0,0
0,0,0,0
671,330,107,47
0,0,0,0
603,408,69,86
0,0,0,0
589,368,51,79
530,428,67,99
533,415,67,126
542,411,59,133
543,402,64,130
545,342,65,124
565,386,69,28
630,296,119,119
0,0,0,0
582,378,60,61
616,218,26,97
691,398,63,50
706,390,85,50
0,0,0,0
665,410,71,76
0,0,0,0
658,248,52,123
678,255,33,58
673,258,34,57
564,246,157,39
600,264,130,44
0,0,0,0
562,377,155,84
0,0,0,0
0,0,0,0
0,0,0,0
694,271,37,119
0,0,0,0
0,0,0,0
680,443,128,48
649,466,52,38
625,457,80,40
617,444,44,95
613,448,45,84
617,421,44,74
642,372,59,83
603,315,81,44
614,314,72,79
591,338,152,90
606,332,94,117
581,335,94,111
576,349,118,90
554,347,141,80
549,349,129,78
543,354,129,79
536,354,150,86
524,357,181,95
535,351,173,118
526,349,170,123
506,351,166,122
495,352,172,122
494,355,171,119
494,363,170,104
515,390,128,49
559,348,102,97
568,345,191,74
602,396,196,56
761,437,53,52
749,503,31,39
617,395,48,39
566,387,144,123
668,303,104,145
