372,233,266,41
3,175,288,52
1,204,317,60
375,222,40,76
523,271,232,124
863,243,239,67
876,246,206,79
883,252,223,70
892,244,235,76
897,234,226,77
877,174,234,104
546,346,148,92
575,377,150,70
540,370,193,61
578,355,190,49
668,323,159,38
1004,207,190,70
929,228,89,45
916,211,111,53
913,214,104,43
910,206,108,59
903,221,112,46
905,219,107,41
0,0,0,0
866,79,100,323
659,255,88,79
610,65,145,209
630,65,147,204
625,73,152,188
635,78,151,179
633,78,151,178
626,53,157,198
623,33,157,211
645,45,95,157
584,11,173,234
545,370,183,150
640,365,159,127
685,114,93,225
547,207,70,79
0,0,0,0
813,190,167,39
701,206,63,83
506,219,196,152
353,271,188,56
270,255,198,56
234,256,234,57
235,262,231,57
236,258,237,62
241,256,240,51
394,218,98,82
0,0,0,0
596,348,154,31
599,336,128,34
594,334,137,32
0,0,0,0
0,0,0,0
0,0,0,0
0,0,0,0
0,0,0,0
0,0,0,0
0,0,0,0
0,0,0,0
0,0,0,0
375,84,33,244
0,0,0,0
451,179,91,94
312,36,235,229
288,48,236,221
