582,376,16,67
588,388,17,54
587,392,17,53
587,389,19,54
588,396,29,41
594,395,38,32
602,379,35,22
588,366,38,32
595,352,32,36
586,354,32,38
591,358,28,34
590,358,29,33
588,359,29,34
589,358,30,32
588,361,31,34
583,343,29,44
0,0,0,0
532,315,66,37
0,0,0,0
569,399,34,18
0,0,0,0
0,0,0,0
630,286,17,40
548,334,55,64
586,367,26,71
590,375,31,74
591,374,28,71
597,384,18,61
0,0,0,0
543,332,58,33
545,279,29,116
517,303,78,81
525,339,64,58
0,0,0,0
0,0,0,0
572,391,77,35
584,388,24,22
599,382,38,15
605,374,37,15
548,367,91,39
613,340,26,45
613,362,22,28
