671,260,40,63
0,0,0,0
574,335,57,92
566,345,55,90
562,345,54,89
565,347,56,88
564,346,60,86
572,345,48,87
548,336,60,98
581,338,37,82
716,355,110,32
682,288,63,95
575,359,84,38
590,355,71,55
634,396,36,40
655,410,30,31
0,0,0,0
604,370,30,37
608,373,27,40
609,373,25,34
601,358,25,33
595,337,30,28
0,0,0,0
0,0,0,0
591,330,26,37
566,332,64,39
553,290,43,94
558,259,50,120
569,268,44,102
590,328,73,71
597,372,25,59
581,326,78,27
571,279,75,81
578,274,54,81
578,282,45,69
568,288,55,84
575,292,56,82
577,294,49,71
581,294,52,76
580,303,45,71
568,308,68,65
562,313,83,63
584,331,59,52
613,382,28,40
0,0,0,0
0,0,0,0
623,365,38,29
0,0,0,0
0,0,0,0
0,0,0,0
0,0,0,0
613,382,43,55
607,375,53,47
580,361,118,45
