533,207,54,126
549,221,106,106
545,235,104,106
565,269,112,83
586,294,122,70
604,312,129,56
588,332,153,42
588,339,155,33
591,334,157,37
620,324,128,53
603,305,138,80
609,277,135,96
584,258,125,43
0,0,0,0
480,386,87,97
607,240,78,82
0,0,0,0
0,0,0,0
623,182,176,56
606,195,64,142
0,0,0,0
639,182,107,118
642,180,89,127
615,389,69,110
535,426,149,84
557,409,131,101
549,402,131,104
554,411,127,94
549,396,138,112
541,403,142,105
543,404,137,104
546,397,138,109
546,401,138,102
0,0,0,0
661,204,49,177
662,227,41,71
0,0,0,0
0,0,0,0
487,352,132,25
487,304,155,48
491,311,105,43
503,320,99,38
517,324,128,67
