551,106,65,174
640,240,46,37
746,166,56,72
599,253,68,54
734,379,45,59
792,457,65,34
763,465,93,35
763,468,83,29
761,462,82,36
754,461,84,37
733,424,78,26
743,348,49,29
723,357,67,112
668,347,42,49
609,311,58,61
607,226,59,144
664,288,70,62
583,329,82,82
599,301,56,108
649,336,81,36
806,238,52,45
808,222,66,38
824,218,31,30
788,242,37,128
785,328,70,154
648,409,128,113
620,178,118,88
728,110,174,79
812,137,75,46
719,198,145,83
710,338,55,45
644,412,107,55
642,447,53,28
643,454,59,27
645,451,56,28
644,448,59,27
721,417,46,25
755,395,36,72
751,387,46,56
1040,309,80,34
948,290,40,25
740,302,80,29
854,319,47,39
861,316,40,40
858,327,40,43
846,333,41,35
846,314,34,45
0,0,0,0
808,302,62,37
816,274,48,66
782,362,151,37
768,368,144,33
