37,77,1039,607
1,1,994,672
1,1,960,559
1,1,1150,335
1,1,1284,555
1,1,1218,614
46,6,1216,652
85,96,1199,622
100,87,1181,629
51,87,1190,622
11,69,1243,612
1,36,1194,611
1,15,1202,630
13,1,1198,633
31,1,1195,641
33,12,1182,640
34,8,1182,650
42,5,1176,659
42,5,1179,657
44,11,1177,651
28,34,1191,640
17,23,1199,635
4,10,1221,637
31,27,1196,623
37,30,1184,624
36,38,1182,623
1,64,1204,598
1,67,1222,586
1,71,1208,606
11,128,1193,596
5,152,1186,571
3,131,1186,592
1,59,1176,602
1,1,1179,625
1,1,1190,615
1,15,1198,616
1,1,1228,638
1,1,1282,657
1,1,1285,703
1,1,1285,721
1,1,1282,719
1,1,1284,720
1,1,1281,719
1,1,1287,720
1,1,1280,720
1,1,1284,720
1,1,1283,721
1,1,1280,718
1,1,1281,721
1,1,1280,719
1,1,1280,722
1,1,1282,720
1,1,1289,724
1,1,1280,722
1,1,1282,721
1,1,1279,721
1,1,1282,722
1,1,1284,719
1,1,1286,711
1,1,1250,676
1,21,1205,635
1,42,1189,612
19,58,1157,595
21,63,1148,597
19,71,1154,591
20,78,1178,617
1,60,1235,649
1,19,1285,700
1,12,1284,706
1,27,1241,676
48,84,1115,589
60,94,1091,573
60,93,1087,575
54,98,1091,574
54,100,1087,572
54,99,1084,564
55,104,1086,569
41,88,1086,566
56,101,1085,567
56,108,1080,565
60,117,1073,563
55,117,1073,561
58,121,1070,564
58,120,1069,564
57,123,1068,563
59,128,1068,560
56,124,1067,564
52,118,1073,565
56,121,1069,565
61,122,1062,568
56,118,1045,565
60,116,1043,566
58,116,1043,567
58,116,1039,557
53,109,1056,550
58,120,1050,553
64,126,1040,555
58,119,1024,570
15,100,1125,614
1,65,1177,655
1,57,1169,669
1,57,1192,666
1,19,1158,699
1,43,1193,679
1,48,1178,660
1,34,1173,649
2,40,1167,624
2,53,1178,617
1,65,1179,605
2,74,1180,608
1,76,1179,606
1,66,1178,612
1,36,1175,619
1,2,1192,638
1,41,1186,629
1,67,1183,615
1,75,1186,614
1,77,1182,611
1,76,1182,614
1,83,1185,615
1,91,1190,613
1,86,1192,618
1,89,1190,620
1,87,1184,616
1,89,1189,617
2,102,1184,618
1,105,1186,613
1,101,1186,620
1,102,1191,617
1,97,1193,623
1,82,1201,626
1,96,1202,624
1,98,1204,621
4,94,1199,621
4,99,1200,620
1,84,1249,637
1,68,1284,654
1,36,1284,706
1,10,1283,708
1,4,1279,714
1,1,1283,715
1,1,1286,715
1,1,1286,713
1,1,1280,687
1,1,1281,712
1,1,1284,715
1,1,1281,715
1,1,1284,719
1,1,1281,718
1,1,1287,717
1,2,1286,717
1,1,1285,719
1,1,1283,721
1,1,1278,718
1,1,1281,719
1,1,1283,721
1,1,1284,719
1,27,1280,693
1,15,1278,704
1,5,1287,713
1,7,1286,716
1,11,1280,710
1,9,1281,709
1,2,1282,718
1,1,1280,721
1,3,1279,715
1,49,1263,673
1,73,1211,648
1,74,1168,619
12,92,1129,588
7,101,1128,586
5,98,1132,587
29,107,1086,566
199,172,789,415
215,185,759,401
208,185,773,402
150,166,884,458
86,132,1001,520
33,109,1101,571
3,100,1171,610
1,91,1197,627
1,85,1197,633
1,87,1192,633
1,79,1189,639
1,81,1193,639
1,93,1187,626
1,89,1179,631
1,60,1279,657
1,67,1281,653
1,58,1281,663
1,60,1283,658
1,66,1280,653
1,38,1280,682
1,61,1285,658
1,68,1280,654
1,66,1279,655
1,67,1279,652
1,65,1282,656
1,65,1278,652
1,63,1281,658
1,58,1281,663
1,59,1279,662
1,60,1282,659
1,59,1278,660
1,61,1280,659
1,56,1279,663
1,68,1281,650
1,66,1277,653
1,67,1277,651
1,62,1274,659
1,59,1277,662
1,57,1271,664
1,35,1281,685
1,1,1281,710
1,1,1269,683
1,1,1239,668
1,14,1217,650
1,27,1228,638
1,14,1281,689
1,1,1280,721
1,1,1277,717
1,1,1280,716
1,1,1280,714
1,1,1280,718
1,1,1280,719
1,1,1279,717
1,1,1282,718
1,1,1282,717
1,1,1278,717
1,1,1282,721
1,6,1280,713
1,4,1280,714
1,3,1280,716
1,1,1280,719
1,1,1281,718
1,1,1278,720
1,29,1186,659
1,53,1158,620
1,75,1135,588
3,72,1133,588
1,87,1112,564
17,99,1081,543
16,99,1084,552
13,109,1087,547
19,106,1084,547
15,105,1087,548
14,108,1085,548
14,112,1086,545
16,115,1084,545
21,114,1078,548
22,117,1077,550
35,120,1053,545
34,121,1052,534
35,119,1051,538
35,119,1050,540
36,124,1052,546
36,121,1050,544
36,122,1050,543
34,124,1050,549
8,115,1102,580
1,96,1153,625
1,59,1214,666
1,41,1244,681
1,43,1236,680
1,49,1234,672
1,47,1233,673
1,46,1234,675
1,41,1236,681
1,45,1232,675
1,49,1232,671
1,55,1229,666
1,51,1224,669
1,50,1227,672
1,48,1229,673
1,58,1198,662
1,72,1172,648
1,82,1144,618
1,99,1110,574
11,101,1090,565
12,98,1088,568
5,93,1116,587
1,83,1139,606
1,80,1138,610
1,78,1143,613
1,81,1140,614
1,84,1144,609
2,84,1123,594
22,95,1080,569
50,102,1039,550
67,93,1030,570
61,105,1029,574
56,104,1033,577
35,96,1071,604
1,74,1152,648
1,47,1197,675
1,26,1244,692
1,11,1266,706
1,11,1255,709
1,13,1240,707
1,26,1205,695
1,60,1135,636
33,86,1061,582
43,96,1041,568
47,95,1039,578
45,94,1043,582
43,104,1044,584
43,110,1044,585
42,113,1046,583
40,125,1049,595
39,128,1045,591
35,125,1045,581
36,122,1046,562
38,114,1046,547
38,113,1047,553
43,115,1041,562
39,113,1043,558
2,93,1120,604
1,57,1194,664
1,27,1247,692
1,11,1279,708
1,4,1281,715
1,1,1281,719
1,1,1280,720
1,2,1281,719
1,1,1278,722
1,1,1254,720
1,3,1245,719
1,17,1249,704
1,17,1247,704
1,27,1249,693
1,27,1253,695
1,37,1246,685
1,52,1251,674
1,27,1236,698
1,21,1232,700
1,16,1240,704
1,25,1244,696
1,29,1226,691
1,73,1136,621
59,115,1002,527
86,126,960,507
88,123,957,515
88,121,960,521
85,120,962,520
90,121,955,520
89,122,959,524
90,121,956,519
84,124,961,524
84,127,960,519
85,131,960,524
82,131,962,523
85,126,959,522
77,119,986,525
86,129,988,529
79,121,995,513
69,119,999,506
71,109,1000,526
83,118,980,555
63,133,975,568
60,133,986,551
29,120,1045,573
1,106,1102,591
1,102,1105,610
5,65,1053,644
92,52,1078,670
141,207,1103,517
266,176,1013,541
350,226,931,493
355,261,923,456
343,257,938,462
322,251,957,468
309,249,970,471
290,248,992,474
283,246,997,473
231,203,1047,517
43,116,1237,606
1,187,1246,532
1,201,997,518
1,247,900,472
1,252,924,466
1,221,901,501
1,204,916,517
1,194,906,524
1,54,939,666
1,1,1001,652
1,1,1045,614
1,1,1039,605
280,177,757,438
285,182,753,432
280,180,746,417
277,180,731,409
273,179,737,403
281,164,742,420
286,164,772,414
289,163,755,413
284,188,735,391
280,202,731,374
278,195,736,369
286,205,730,344
296,198,726,342
294,153,727,390
291,135,731,420
291,143,729,424
288,181,732,425
278,213,735,443
290,255,725,405
291,258,730,404
290,242,738,397
293,239,751,401
297,240,747,400
298,233,750,395
295,213,753,390
293,191,763,393
297,179,760,393
292,185,762,388
292,156,762,395
293,140,764,406
296,156,755,398
296,156,759,400
284,152,767,401
276,153,765,401
271,135,770,406
270,141,768,403
273,138,770,401
279,140,762,398
281,137,769,399
312,116,763,402
309,114,761,404
301,122,760,398
312,128,753,395
308,108,748,390
309,113,743,384
315,117,738,380
310,112,744,386
316,111,736,391
312,114,737,387
304,141,744,390
311,181,747,399
319,208,752,392
320,226,749,388
315,235,748,390
314,255,738,389
311,249,724,394
313,235,724,406
314,239,738,432
323,257,725,393
324,252,724,400
312,250,734,396
299,239,760,402
295,230,762,410
295,230,767,407
294,218,778,411
286,203,795,421
238,166,841,488
201,151,892,504
199,161,893,495
185,149,871,481
161,130,865,473
157,111,866,457
155,104,871,463
162,88,883,463
165,54,919,484
153,59,928,470
