86,43,1192,562
66,48,1187,554
66,58,1188,541
62,55,1189,546
82,55,1167,546
89,48,1149,555
91,54,1141,548
93,55,1140,546
92,52,1148,552
91,54,1158,561
94,56,1162,553
92,53,1180,559
84,53,1187,558
84,53,1193,551
90,52,1185,566
146,55,1132,549
159,59,1125,543
178,56,1101,548
184,59,1095,541
217,51,1062,529
236,10,1047,536
229,1,1050,510
300,1,977,352
282,1,996,344
212,1,1235,593
118,1,1163,617
83,30,1151,586
79,79,1135,538
58,78,1126,541
62,75,1129,544
61,80,1130,532
63,73,1012,547
62,61,1007,556
67,63,1002,548
68,57,999,564
75,58,979,564
83,49,1056,564
91,47,894,561
90,37,855,573
57,45,837,564
51,36,936,563
85,40,1074,577
84,41,1078,578
87,39,984,580
87,45,1079,574
30,25,1163,572
41,20,1169,579
34,17,1206,581
