516,259,77,65
506,259,79,63
498,267,79,60
489,270,81,64
486,282,77,59
486,290,73,67
488,303,71,64
488,312,74,62
491,316,74,65
506,327,73,52
533,334,80,53
570,340,75,51
618,344,76,52
652,340,83,39
686,343,82,42
735,338,81,62
770,322,85,59
794,314,92,67
802,314,86,66
802,311,86,68
804,306,83,70
801,307,84,65
794,307,84,65
788,306,82,66
787,301,84,69
788,298,83,67
794,292,81,66
804,290,82,71
819,288,84,70
836,288,83,64
850,289,84,67
861,289,84,67
873,290,83,69
888,289,81,65
889,291,84,66
889,292,87,68
886,293,82,63
877,293,82,64
863,294,78,66
856,299,70,62
854,306,82,47
877,312,79,48
901,313,77,46
917,302,86,59
919,305,87,53
901,305,87,58
884,306,82,58
856,309,82,58
823,307,84,64
783,314,91,57
758,319,85,62
734,318,82,64
709,322,85,63
682,327,83,62
658,331,83,63
644,338,84,59
627,340,83,61
613,335,86,62
581,318,88,58
432,268,73,61
