626,321,93,155
616,320,86,158
604,324,87,155
586,340,114,146
558,357,149,111
557,359,151,110
513,341,161,100
471,232,118,75
423,173,87,151
410,186,76,162
426,174,84,156
465,213,89,75
524,297,48,149
584,328,81,170
601,331,106,155
602,334,105,153
597,339,101,155
585,364,115,145
605,445,136,108
657,521,112,40
713,539,38,22
721,531,31,26
684,519,83,37
673,527,95,24
674,526,97,23
681,518,95,33
685,522,87,30
683,527,82,27
682,527,91,28
679,527,95,28
680,525,94,31
684,526,97,29
685,527,104,31
684,529,107,29
667,535,109,25
