518,232,68,107
482,246,105,19
470,272,90,34
501,235,66,89
531,241,48,122
561,285,67,118
589,291,52,128
583,294,56,125
580,296,56,125
578,295,60,126
580,295,57,124
580,295,58,124
579,296,59,125
579,296,60,125
576,298,63,126
576,299,62,125
575,301,63,125
573,303,61,123
579,294,38,130
542,256,76,126
511,245,108,77
496,263,114,72
514,254,76,107
556,261,36,139
575,270,31,136
584,273,24,133
584,274,24,135
584,275,23,136
587,276,15,138
589,273,28,146
595,270,49,145
598,264,60,146
614,259,42,139
563,253,108,131
515,254,209,119
505,236,235,119
498,208,253,122
503,215,261,103
509,216,271,83
530,211,226,119
550,219,121,162
549,229,117,139
536,241,128,146
522,246,173,147
527,241,174,152
535,243,137,157
563,261,107,144
624,275,44,133
595,265,87,146
562,258,110,156
547,255,119,153
542,255,123,153
532,249,136,156
513,228,171,155
499,206,179,173
484,202,163,187
474,215,144,189
