341,250,286,182
548,454,280,41
501,416,99,83
473,61,74,253
504,289,73,33
617,491,145,28
595,384,180,240
354,298,135,216
506,1,112,191
736,554,109,12
475,469,170,120
383,355,142,171
427,217,32,68
653,479,86,192
451,477,292,114
337,433,101,179
374,175,118,85
579,411,338,138
451,493,327,141
387,473,104,122
427,187,91,148
471,284,129,67
377,262,296,222
643,555,186,56
555,509,92,85
515,93,90,277
576,261,71,258
568,239,51,268
548,414,91,128
785,200,85,95
791,158,48,263
739,434,104,70
567,1,37,297
614,76,45,202
373,300,324,121
826,584,36,24
620,511,93,114
509,440,110,157
535,310,107,30
673,350,95,162
558,525,365,67
508,468,114,98
523,91,106,214
394,222,300,255
599,511,261,47
473,484,118,97
442,195,109,37
490,1,52,212
140,237,390,141
558,529,183,30
418,481,103,86
372,81,63,212
373,324,116,81
545,545,146,18
