969,301,164,84
805,293,200,107
806,338,65,109
747,273,53,221
771,224,187,244
929,307,220,42
692,331,65,151
755,422,81,53
782,429,31,59
782,417,19,40
481,268,279,77
493,191,114,36
385,285,152,44
597,271,32,67
474,331,201,82
455,289,179,112
460,340,56,95
447,339,66,92
444,342,69,91
440,344,67,91
441,341,68,95
440,343,69,93
440,343,70,91
446,353,83,82
484,357,73,92
543,347,27,96
514,280,38,105
499,228,60,98
515,271,73,59
549,300,56,96
581,289,29,108
616,336,18,113
671,377,30,111
717,401,26,108
720,405,31,107
718,405,33,108
716,405,35,109
