686,386,56,36
614,386,62,14
626,397,36,21
641,422,12,12
640,429,14,9
641,429,16,10
641,428,20,11
640,426,21,11
641,425,20,9
641,423,20,12
641,424,20,10
641,425,20,10
641,427,19,10
640,428,19,11
640,430,18,11
640,431,18,11
636,426,16,13
649,423,15,13
669,402,21,19
774,327,30,49
778,291,46,24
747,272,18,28
655,296,25,42
610,332,19,52
595,365,16,50
586,378,21,49
585,387,22,45
584,389,24,45
586,394,19,43
586,393,21,42
587,394,20,42
587,385,19,45
589,377,17,48
591,352,21,56
584,336,43,46
587,333,45,43
617,352,17,31
634,363,39,29
657,376,52,17
674,379,60,14
686,381,66,14
704,383,66,11
720,382,66,11
734,382,63,12
740,386,71,13
752,387,73,14
772,383,66,15
776,381,73,14
783,379,71,14
792,375,67,14
804,369,58,17
818,369,56,17
830,372,47,14
847,365,18,38
838,363,24,57
827,374,12,55
803,399,20,43
765,413,47,41
775,399,41,64
769,314,43,83
560,235,73,88
514,303,69,52
703,341,10,29
555,319,73,79
569,257,43,66
600,263,55,114
624,390,124,30
597,305,39,10
745,391,44,29
606,421,65,83
562,332,62,79
630,297,14,32
654,386,73,26
592,326,79,56
567,166,102,70
733,249,42,114
694,380,130,38
698,282,47,41
766,431,46,18
867,308,156,74
821,261,17,11
661,384,46,61
637,416,65,31
836,344,99,49
839,410,47,34
783,374,73,51
942,92,57,188
877,198,104,178
886,203,155,150
894,318,174,85
959,346,67,92
950,397,18,102
909,432,37,103
906,442,35,105
913,448,30,104
919,448,30,106
928,448,28,105
939,446,23,105
961,437,20,101
974,433,17,100
989,429,11,100
993,421,14,99
995,415,12,100
992,407,12,101
993,409,15,104
992,410,16,102
989,410,19,100
990,404,22,101
993,402,26,102
995,402,51,96
939,356,107,94
931,328,154,84
981,345,82,54
644,210,105,70
927,356,105,34
897,224,223,86
603,110,164,123
601,316,92,44
617,247,188,39
578,232,85,142
655,397,58,27
530,374,81,69
522,404,71,73
615,229,219,123
717,253,36,25
731,268,21,31
679,238,181,161
633,377,107,96
725,227,40,80
866,100,147,152
972,496,31,29
1040,421,27,13
1041,388,94,72
945,152,180,81
591,237,143,91
923,313,98,151
828,1,135,139
427,251,167,98
0,0,0,0
0,0,0,0
558,209,93,154
634,271,41,62
790,283,137,97
678,369,160,25
800,374,44,32
549,307,197,59
603,322,189,83
777,339,103,106
820,281,300,57
709,200,173,52
761,204,123,54
764,203,125,58
765,201,126,18
