305,198,124,98
492,404,78,125
500,88,46,129
492,147,64,126
453,238,122,18
414,269,40,89
311,221,123,54
506,333,68,114
674,283,101,30
617,283,77,88
566,231,109,34
788,316,24,84
593,333,141,68
523,156,159,96
549,211,176,26
938,318,169,63
551,589,138,111
346,482,152,50
392,487,131,66
815,483,74,157
840,1,40,73
0,0,0,0
0,0,0,0
490,1,23,126
239,153,136,69
396,461,33,141
650,501,143,27
668,173,131,131
567,197,174,63
927,252,128,124
761,1,23,25
535,182,98,110
768,208,24,24
640,49,96,123
506,441,69,123
820,491,126,45
965,483,69,32
655,528,52,106
562,123,43,132
575,156,44,120
540,184,83,110
466,109,49,127
354,287,149,27
527,354,31,91
404,362,161,78
483,175,156,108
