698,381,256,185
694,373,254,203
690,376,245,188
673,376,260,199
672,373,258,196
670,376,270,191
675,377,257,197
670,367,261,197
665,363,253,203
656,357,263,199
651,379,275,180
659,379,263,182
649,371,270,188
640,371,277,188
646,377,268,179
639,380,273,163
632,376,289,187
643,369,275,198
651,375,274,197
656,372,276,207
664,377,278,202
664,364,284,215
667,365,282,211
663,361,288,213
658,365,288,211
657,364,280,210
663,356,271,214
671,357,257,204
671,354,249,186
670,353,244,166
670,345,245,170
665,329,251,182
670,319,240,189
655,312,253,185
662,305,250,188
658,299,250,186
652,301,248,190
652,299,210,202
655,296,191,186
662,301,176,196
667,314,175,212
680,319,175,220
673,322,193,216
684,323,189,215
680,325,199,209
685,320,200,213
692,315,190,219
690,311,191,217
690,306,192,219
686,305,194,222
686,302,187,219
676,293,191,234
669,289,207,236
670,285,200,230
680,275,195,233
668,280,210,235
680,293,208,232
682,299,214,239
679,304,222,240
678,310,235,239
681,308,244,248
688,306,245,255
688,305,247,256
687,311,258,263
683,319,265,258
685,330,258,251
675,334,265,247
668,337,258,241
662,342,264,236
657,349,273,231
641,360,283,225
618,367,291,219
601,372,299,215
615,373,274,197
619,373,274,204
617,370,270,206
609,372,271,206
597,381,274,208
591,388,268,204
588,390,262,205
589,399,255,206
592,394,257,212
601,392,252,209
607,392,245,209
609,391,240,203
609,375,285,209
616,371,292,208
622,370,315,207
633,369,308,212
627,371,314,215
620,376,304,214
612,371,364,218
606,373,350,215
602,372,295,227
596,381,347,226
591,370,310,243
581,368,334,240
581,374,268,233
584,362,267,245
580,366,285,246
568,370,304,250
579,439,311,181
560,434,317,182
545,434,342,181
520,434,405,185
503,419,440,198
501,404,363,208
481,403,369,199
492,363,366,262
567,358,289,272
595,363,262,267
582,356,267,280
609,363,229,266
612,363,216,261
623,367,208,250
618,365,217,248
626,367,234,250
631,370,244,261
640,367,244,269
644,362,250,270
641,357,238,284
639,348,279,300
645,342,253,306
639,336,285,318
645,333,277,329
657,335,259,330
664,342,240,313
660,336,232,312
669,347,221,310
673,352,214,289
673,371,213,282
665,382,222,277
650,398,235,274
666,405,222,281
637,407,254,281
647,399,249,292
640,396,258,294
631,395,272,302
623,389,282,306
627,381,286,309
631,378,294,307
634,370,308,304
635,358,317,313
647,352,315,315
648,339,316,329
643,333,323,333
641,333,316,335
635,338,316,329
651,327,301,336
655,333,304,325
651,325,307,325
657,330,305,339
652,337,313,336
622,337,342,333
654,336,308,326
657,337,309,315
648,332,315,321
639,331,321,322
578,335,381,321
588,330,375,325
596,329,375,330
619,314,354,347
604,317,368,341
606,311,362,349
609,297,362,375
602,300,370,326
609,294,358,339
608,287,368,345
585,295,407,355
574,305,436,349
591,308,441,384
608,326,429,372
629,328,378,355
642,325,329,339
643,314,302,366
639,313,291,391
639,313,275,406
644,299,289,314
636,312,281,288
624,314,292,291
