626,62,284,393
652,105,273,388
636,108,313,378
604,100,353,423
618,91,346,412
558,69,375,462
520,85,378,462
608,105,310,461
582,104,335,444
585,100,318,336
595,109,299,301
637,129,271,277
626,166,262,257
621,209,269,222
631,205,271,233
606,217,221,222
546,208,270,225
531,164,269,226
568,168,278,182
611,162,285,158
695,186,232,166
694,180,201,192
689,205,189,187
684,166,226,213
671,167,237,232
694,179,244,228
742,190,222,226
761,215,218,184
796,211,132,188
831,210,177,179
847,238,169,178
776,290,201,156
754,273,213,167
726,231,216,165
734,149,224,140
764,124,219,120
752,158,217,111
747,199,233,126
774,200,204,136
796,221,193,159
797,201,201,140
754,236,209,145
771,245,221,148
764,200,223,190
759,162,222,222
748,144,235,223
754,146,221,231
713,119,214,250
712,122,210,264
692,136,227,259
722,149,227,189
727,154,221,176
718,189,213,164
700,188,180,145
670,167,198,150
685,169,162,132
718,183,212,149
781,199,217,180
810,196,184,200
797,256,190,158
