446,134,397,426
359,195,410,432
350,225,436,453
319,228,461,437
324,224,449,388
364,168,422,312
378,206,437,306
408,268,463,296
479,237,430,305
539,189,394,335
512,203,404,368
496,245,396,386
360,265,507,392
344,267,531,397
362,275,506,378
373,217,491,372
401,193,479,346
441,238,500,353
512,257,488,402
536,267,465,365
494,253,498,367
470,221,524,358
429,183,566,354
386,186,587,375
347,214,624,396
314,197,652,425
317,246,674,364
308,203,715,417
311,172,673,433
239,165,694,458
199,169,608,481
234,58,550,592
304,138,548,516
466,126,574,464
467,91,606,513
343,53,616,556
227,32,606,571
197,1,645,562
297,1,562,541
496,241,783,326
740,198,539,521
703,227,524,492
566,193,507,526
508,142,464,577
444,132,425,546
384,140,415,567
356,179,406,540
347,204,417,515
371,253,428,466
434,219,477,500
447,99,503,546
446,48,566,564
441,1,542,625
458,115,498,502
350,97,634,471
339,123,560,468
377,142,542,405
406,172,542,366
378,92,600,394
330,1,589,343
255,1,594,307
265,1,620,410
353,156,561,407
388,189,589,442
439,237,567,433
435,247,539,439
441,203,498,438
365,208,503,430
394,252,502,415
443,289,523,399
539,242,522,449
537,227,514,436
448,161,487,416
490,116,480,421
426,152,474,422
300,106,599,473
305,56,485,478
271,1,500,469
217,1,502,474
130,29,494,482
142,62,509,482
189,35,498,472
195,13,478,468
313,83,462,394
415,120,506,452
469,219,470,500
457,273,454,446
399,237,460,482
329,200,494,487
313,144,497,486
315,120,466,461
363,133,451,442
456,138,420,444
425,116,437,472
498,78,343,479
477,39,355,490
476,27,359,508
440,69,387,499
374,103,400,491
407,110,395,495
438,105,399,489
478,58,371,496
459,1,359,499
383,1,352,437
383,1,335,442
398,73,335,438
370,152,376,420
341,191,384,403
322,185,385,400
280,166,392,407
274,110,378,431
309,33,382,463
375,60,344,431
351,95,351,419
306,176,367,389
260,234,371,377
230,209,388,405
204,159,419,427
186,182,434,370
178,79,465,466
192,80,488,456
190,119,509,457
232,171,478,448
251,219,457,411
229,162,450,407
188,108,445,421
131,76,474,409
114,77,523,370
135,119,573,336
187,184,565,299
184,199,585,276
167,169,572,297
193,148,571,326
319,175,563,351
419,236,548,396
474,260,538,402
499,254,448,368
507,230,442,437
524,188,402,432
551,135,370,444
548,107,351,420
467,161,346,394
454,195,343,405
496,214,346,383
505,251,370,372
516,280,381,376
533,259,393,390
569,163,389,396
599,115,398,401
597,126,424,397
529,117,473,406
450,146,519,397
371,205,573,392
302,272,629,334
249,273,673,265
193,224,642,223
142,210,624,218
168,212,604,214
213,218,610,212
227,201,604,219
217,172,621,210
217,126,606,221
230,119,583,239
240,129,560,265
334,204,584,285
387,270,594,307
399,270,593,316
399,241,599,292
384,108,625,289
431,37,582,259
454,58,601,258
482,171,610,263
484,329,634,262
421,343,659,302
309,286,647,307
157,250,633,323
139,209,612,344
177,190,619,365
219,177,637,349
267,185,656,361
