174,550,353,120
174,549,353,120
174,548,352,122
174,548,353,121
174,549,352,121
555,233,340,95
555,234,341,94
555,234,341,95
554,233,342,96
554,233,342,97
554,233,342,96
554,233,342,96
555,232,340,98
555,232,341,98
555,233,342,97
554,233,343,96
554,233,342,97
554,233,343,95
555,233,342,98
554,232,343,97
555,233,342,97
554,232,343,100
552,232,345,100
552,232,345,98
553,234,343,94
554,236,341,91
554,235,341,91
554,234,342,95
553,234,343,95
555,235,340,94
553,234,343,95
554,234,341,94
553,234,342,94
554,234,342,95
554,235,342,93
554,234,342,93
