600,196,6,7
603,197,9,7
676,223,12,8
769,270,14,11
876,354,9,8
1117,465,9,16
1023,428,11,15
981,300,11,14
946,220,10,10
919,179,8,7
895,163,8,10
868,191,9,7
831,256,11,11
782,354,11,10
723,481,10,17
678,487,11,9
629,506,12,9
575,361,11,14
535,271,10,9
503,229,10,8
478,222,10,8
573,277,15,10
707,366,16,15
0,0,0,0
993,510,17,11
1121,575,11,11
1003,555,15,17
900,329,10,17
809,171,14,17
0,0,0,0
0,0,0,0
0,0,0,0
0,0,0,0
0,0,0,0
445,82,9,8
408,220,7,6
350,390,11,9
301,353,11,8
269,296,12,15
292,175,11,10
310,101,12,14
328,69,11,11
346,70,8,9
362,95,8,11
373,160,11,8
381,190,9,11
385,258,7,12
387,327,9,8
0,0,0,0
376,252,9,9
0,0,0,0
357,325,7,12
433,316,10,9
315,307,7,10
296,302,11,8
278,329,7,8
260,388,11,10
257,392,9,17
281,231,9,14
303,119,6,13
0,0,0,0
0,0,0,0
0,0,0,0
377,14,10,8
395,48,8,7
412,100,8,8
510,165,18,11
651,262,18,12
775,318,7,12
789,226,8,11
802,173,9,9
816,150,9,5
828,149,7,8
839,171,7,8
0,0,0,0
860,175,7,9
872,151,7,8
880,148,5,6
888,161,5,8
868,80,7,11
867,17,8,10
0,0,0,0
0,0,0,0
0,0,0,0
0,0,0,0
0,0,0,0
814,37,5,11
790,138,9,16
766,276,8,18
722,232,11,13
682,164,10,11
651,139,9,8
623,147,8,9
656,192,8,8
708,267,11,13
764,382,12,16
812,424,9,9
848,415,12,11
889,439,10,10
902,428,11,19
835,256,12,18
781,145,10,9
0,0,0,0
692,34,9,9
655,29,8,8
623,48,9,8
595,85,9,9
563,187,11,9
468,219,12,13
371,336,11,9
276,427,8,6
323,323,9,12
379,255,11,8
427,219,9,7
467,212,9,6
437,266,10,11
385,361,11,14
333,459,11,8
375,293,11,17
419,163,12,15
0,0,0,0
0,0,0,0
0,0,0,0
553,1,6,8
581,24,7,8
603,65,8,9
620,120,10,12
606,192,7,9
598,290,9,9
601,431,8,15
614,474,9,8
661,380,10,14
712,285,11,13
756,237,9,7
792,220,8,9
822,231,8,6
837,232,8,9
850,246,8,7
865,283,8,9
0,0,0,0
896,407,7,10
912,393,10,9
926,400,8,11
760,309,17,11
630,262,17,7
521,246,11,8
479,257,10,6
584,286,14,9
650,328,9,7
676,333,8,8
