655,223,6,8
649,216,9,10
646,201,8,7
643,204,6,7
593,231,7,6
519,282,11,7
431,362,15,12
327,478,12,10
229,506,11,7
316,371,14,14
400,290,8,11
459,252,11,7
510,244,6,9
506,264,8,8
470,307,9,11
431,380,11,14
392,492,10,14
365,537,10,7
376,382,12,22
403,191,9,18
424,58,4,14
0,0,0,0
0,0,0,0
0,0,0,0
0,0,0,0
0,0,0,0
505,1,5,8
514,67,8,9
526,145,9,9
605,192,10,9
702,263,13,12
816,365,16,16
0,0,0,0
1068,500,15,8
1071,527,11,10
987,532,17,12
885,528,15,10
818,327,9,19
767,152,9,17
0,0,0,0
0,0,0,0
0,0,0,0
0,0,0,0
0,0,0,0
0,0,0,0
519,3,8,9
499,75,9,10
495,142,8,10
547,241,7,7
561,274,9,13
610,389,10,14
656,426,8,8
700,427,9,8
745,461,12,11
717,282,12,9
687,133,9,12
0,0,0,0
0,0,0,0
0,0,0,0
0,0,0,0
0,0,0,0
568,10,5,8
556,70,7,8
548,144,10,8
607,200,11,8
684,283,11,15
776,405,15,17
872,471,12,9
798,375,15,15
711,307,12,9
640,273,10,9
582,270,10,9
568,283,8,9
617,241,11,8
665,244,7,6
713,270,12,11
0,0,0,0
738,276,9,8
721,264,8,7
713,234,6,10
707,199,8,7
705,187,8,7
702,198,7,8
708,134,8,8
715,104,6,6
721,88,8,6
729,89,8,9
737,112,9,8
746,161,8,10
728,235,15,9
583,280,11,9
518,178,6,9
467,116,9,9
432,90,7,8
394,82,9,8
354,97,9,6
355,117,9,9
375,154,9,10
395,216,10,10
370,253,8,6
399,324,9,11
397,426,9,13
415,368,9,16
445,235,7,12
473,146,7,9
499,92,7,7
521,66,8,8
544,68,7,7
564,92,10,8
585,131,11,11
595,190,7,12
619,284,8,14
661,302,9,8
708,250,8,9
747,230,10,8
783,236,9,8
812,239,9,8
836,207,7,8
856,197,8,7
844,116,7,14
836,63,8,7
828,24,7,8
816,2,7,7
0,0,0,0
0,0,0,0
760,68,8,12
734,145,7,12
703,252,11,16
625,292,11,11
549,282,10,6
505,268,9,11
480,208,6,8
485,155,10,10
541,195,9,8
591,230,9,10
648,302,11,9
640,271,8,8
633,256,7,8
629,240,7,9
631,197,7,7
631,188,7,7
625,218,11,8
591,209,8,6
551,216,10,9
510,248,10,7
645,278,18,8
793,303,8,10
865,247,10,6
932,217,6,8
874,186,10,9
