591,193,6,8
595,229,7,7
597,202,8,7
601,194,9,6
642,209,11,8
731,248,12,9
828,312,14,11
934,410,15,15
0,0,0,0
998,353,11,8
959,247,11,13
928,190,10,9
904,167,8,8
880,174,10,7
846,228,9,9
804,308,9,12
748,424,11,16
696,488,11,10
648,493,13,11
597,417,10,16
551,301,9,11
516,241,8,10
487,221,10,8
531,253,10,6
651,327,14,12
795,435,19,17
938,495,15,9
1083,546,20,12
1049,569,15,8
938,410,15,23
843,226,14,17
760,104,11,13
0,0,0,0
0,0,0,0
0,0,0,0
0,0,0,0
461,56,7,9
417,117,7,13
367,414,11,10
322,362,10,9
264,353,14,8
284,216,9,14
304,124,11,15
321,78,11,11
339,66,10,9
355,82,9,10
369,120,7,8
380,170,9,9
385,230,7,10
387,309,8,9
0,0,0,0
378,259,8,8
374,250,8,7
369,270,7,9
339,361,11,9
323,318,7,8
303,301,9,8
285,313,10,9
266,358,10,11
252,438,9,13
270,286,10,19
294,158,8,13
314,72,8,9
333,20,9,7
351,1,10,5
371,4,9,9
388,31,9,9
405,76,9,9
0,0,0,0
592,219,17,13
744,333,16,13
784,258,6,12
797,191,10,8
811,155,8,8
823,147,8,6
834,159,7,6
844,191,7,10
0,0,0,0
867,158,7,9
875,146,8,8
883,153,10,7
0,0,0,0
866,41,9,11
0,0,0,0
0,0,0,0
0,0,0,0
0,0,0,0
0,0,0,0
820,7,8,11
800,95,7,13
775,216,10,16
740,276,11,16
699,185,9,12
662,146,8,9
634,141,8,11
633,167,12,9
684,231,11,13
741,333,10,14
0,0,0,0
834,415,11,10
872,424,11,11
913,471,11,11
860,319,11,16
800,182,13,15
750,94,11,14
706,46,10,7
669,28,7,9
634,38,10,9
605,68,11,10
582,117,8,10
505,183,13,11
411,284,13,12
305,428,9,14
298,361,10,14
357,276,12,11
409,229,10,8
451,210,9,10
455,235,10,11
406,317,12,13
351,436,13,18
355,359,11,17
401,209,11,17
445,106,8,14
0,0,0,0
514,4,8,9
541,1,9,5
569,13,8,8
593,46,8,10
615,97,8,10
611,159,7,10
600,248,8,11
598,368,10,16
607,468,9,10
636,436,13,16
692,318,11,11
739,251,8,12
777,223,10,9
809,224,9,8
832,233,8,9
844,238,8,8
859,263,7,10
872,316,8,12
888,397,9,13
905,395,10,8
923,395,10,11
820,338,16,9
679,275,16,11
547,249,11,10
463,250,13,7
538,270,15,9
