463,460,10,8
416,486,9,10
462,424,21,20
591,314,14,11
652,273,13,7
760,231,10,8
789,249,7,12
786,306,9,14
784,395,7,15
0,0,0,0
769,354,9,21
761,206,10,15
754,101,7,16
749,39,8,12
743,9,8,12
738,7,9,8
735,26,6,10
730,65,7,11
714,129,11,21
618,377,12,30
522,429,14,11
534,305,12,19
574,191,10,15
603,128,9,10
625,96,8,11
641,93,9,9
654,109,9,10
631,185,14,21
535,420,16,8
449,442,9,15
494,325,10,13
534,255,9,11
565,224,13,10
593,222,10,8
582,288,8,10
399,441,23,11
323,380,10,8
270,300,11,13
320,212,16,14
419,146,14,11
498,117,13,7
564,114,13,8
615,131,10,9
569,185,15,12
0,0,0,0
463,252,6,7
457,253,5,9
453,242,6,10
450,207,6,8
448,194,8,8
448,202,6,8
445,190,8,6
440,173,8,8
433,177,7,7
425,199,6,7
419,217,5,8
412,209,7,8
407,221,6,10
402,224,5,8
395,232,8,8
