106,264,85,164
108,268,88,138
111,263,98,145
115,263,110,156
121,272,111,154
125,274,102,158
124,277,97,162
133,272,85,168
140,271,83,171
155,273,80,183
165,279,66,175
161,286,74,129
176,297,70,141
184,304,63,140
181,311,71,138
179,314,78,136
182,320,61,132
177,319,66,137
158,319,86,133
155,323,93,130
151,324,97,128
141,327,109,136
144,324,109,144
139,319,114,101
133,317,123,113
138,310,128,116
140,307,142,115
159,306,138,136
163,305,161,134
192,303,146,122
197,301,158,113
190,298,181,112
208,290,178,107
213,283,180,121
247,287,155,123
245,285,165,124
256,290,154,116
262,296,154,110
262,300,139,79
289,303,114,82
293,295,111,81
289,296,103,79
290,290,110,101
291,292,115,102
149,303,262,99
143,310,276,83
134,310,295,74
131,309,307,79
124,310,325,81
113,305,339,91
111,305,343,79
103,305,345,72
91,307,358,73
93,294,124,47
77,289,153,48
73,284,165,49
66,277,186,57
57,273,209,49
45,273,241,42
42,267,252,56
32,267,265,61
25,264,272,65
22,268,283,64
14,258,376,90
10,253,377,87
5,260,379,84
4,260,374,81
1,264,377,75
1,269,346,74
1,270,339,73
6,268,348,82
1,271,336,76
1,275,331,72
1,275,323,75
1,278,310,73
3,276,304,76
1,274,301,79
1,273,295,85
1,282,290,76
1,278,282,82
1,279,275,72
1,278,273,71
1,273,263,81
1,269,260,89
1,273,245,84
1,270,238,91
1,277,229,79
1,275,204,91
2,280,185,85
1,279,190,93
8,278,177,89
1,282,182,83
1,285,174,77
2,288,167,79
1,289,165,79
1,283,157,77
1,285,141,79
1,282,125,65
1,286,118,72
1,286,104,64
5,286,97,61
1,285,96,53
1,296,85,56
1,293,79,70
1,299,80,53
6,298,63,69
6,300,52,70
1,298,51,84
1,309,47,75
1,297,54,81
1,299,43,81
1,293,39,68
1,289,29,49
1,280,24,44
2,283,16,39
