507,274,10,9
418,354,8,7
321,451,12,14
238,474,11,10
0,0,0,0
265,319,10,13
308,229,9,11
344,180,9,9
374,164,10,9
375,195,8,9
345,288,7,8
314,420,8,14
287,461,10,11
262,472,10,9
236,524,11,12
236,514,12,11
247,502,10,11
293,336,12,9
345,137,11,20
0,0,0,0
0,0,0,0
0,0,0,0
0,0,0,0
0,0,0,0
0,0,0,0
0,0,0,0
0,0,0,0
652,61,9,12
690,149,11,11
795,237,13,10
905,369,17,20
1022,518,12,9
1117,550,10,12
1077,469,13,10
1022,436,11,9
977,400,8,21
957,209,11,18
942,69,7,14
0,0,0,0
0,0,0,0
0,0,0,0
0,0,0,0
0,0,0,0
0,0,0,0
846,9,5,10
832,90,9,12
784,178,11,9
716,292,11,15
643,459,14,21
585,540,11,10
532,506,11,13
487,448,12,11
451,431,9,9
443,355,7,7
453,229,8,11
460,155,8,9
467,112,9,8
474,100,8,8
479,112,9,7
548,160,17,11
713,267,19,14
0,0,0,0
1019,405,17,9
979,370,14,10
874,355,16,6
772,367,17,9
722,329,9,12
711,270,8,9
700,249,9,7
648,253,11,6
575,276,12,10
491,330,12,12
427,370,11,14
469,276,9,10
497,223,9,8
522,201,9,8
522,286,8,15
519,409,7,18
515,442,9,12
512,481,9,13
507,565,9,16
635,197,10,10
539,373,9,17
557,241,9,13
571,156,8,12
585,113,8,7
597,98,9,10
610,112,8,8
633,166,14,22
772,406,16,9
896,393,17,10
1015,374,11,17
1043,251,11,14
1068,184,11,10
1091,154,8,10
1107,157,9,7
1126,182,8,9
1138,227,7,9
1140,259,6,7
1007,288,7,8
930,322,11,8
899,342,8,7
874,341,9,7
854,341,8,7
847,335,9,8
