671,355,10,8
742,291,10,10
796,266,9,7
844,262,8,8
880,222,6,7
882,156,8,8
877,91,8,9
870,45,8,8
0,0,0,0
0,0,0,0
841,49,7,10
827,108,7,14
810,206,9,14
792,337,9,10
774,515,10,22
767,532,9,13
767,474,10,13
764,429,10,13
760,413,11,11
756,435,9,10
756,379,10,19
764,176,9,19
0,0,0,0
0,0,0,0
0,0,0,0
0,0,0,0
0,0,0,0
0,0,0,0
0,0,0,0
777,38,7,12
775,128,7,12
693,207,11,11
571,307,15,13
432,449,15,17
0,0,0,0
427,359,14,11
517,281,13,12
585,245,7,9
635,236,10,8
624,234,10,8
567,237,11,8
506,264,11,10
435,316,15,13
359,401,13,17
347,383,13,20
429,217,14,16
498,103,10,13
0,0,0,0
0,0,0,0
0,0,0,0
0,0,0,0
721,29,8,8
746,80,9,10
726,124,10,8
664,172,10,10
601,253,10,11
539,373,11,16
491,414,11,10
447,407,12,11
404,436,12,11
462,375,13,11
539,318,11,8
599,293,10,10
646,293,8,12
683,299,7,9
701,256,9,6
699,237,11,8
623,243,11,8
541,270,13,9
452,320,14,12
358,400,15,13
282,419,12,8
286,340,9,8
330,235,10,12
371,167,8,9
408,130,7,7
441,120,8,6
473,134,6,6
595,205,17,13
790,336,12,10
965,405,17,8
1026,383,12,8
983,374,13,7
935,398,13,11
895,331,8,15
866,140,8,17
0,0,0,0
0,0,0,0
0,0,0,0
0,0,0,0
0,0,0,0
0,0,0,0
0,0,0,0
673,40,8,12
655,126,6,13
586,207,10,12
495,314,9,11
397,432,13,8
0,0,0,0
470,336,11,11
572,275,12,9
650,250,12,7
688,250,9,8
640,266,9,10
591,307,11,10
539,379,11,12
487,486,11,15
453,528,11,8
460,470,14,20
521,330,9,13
563,256,6,9
592,219,9,10
659,236,16,11
771,294,6,8
900,383,17,14
1049,510,19,15
1052,533,12,8
1011,492,13,25
964,282,12,19
922,137,13,18
884,46,10,11
0,0,0,0
0,0,0,0
0,0,0,0
746,20,11,10
718,73,9,9
694,140,9,9
770,190,11,11
860,270,13,13
963,385,15,16
1036,436,10,9
1034,427,9,9
1031,452,9,11
995,356,11,21
931,153,13,19
0,0,0,0
0,0,0,0
0,0,0,0
0,0,0,0
0,0,0,0
0,0,0,0
0,0,0,0
0,0,0,0
565,77,8,11
544,172,6,9
529,187,8,7
515,122,8,10
505,84,7,9
494,69,9,8
485,75,7,8
