650,204,6,5
650,216,9,9
581,235,8,8
494,279,12,11
391,356,15,13
268,472,17,14
201,504,12,11
302,372,13,14
388,297,10,10
459,259,10,10
521,253,7,6
556,266,9,10
563,303,9,10
570,366,10,12
583,460,8,13
595,508,10,10
609,546,11,11
617,372,10,19
624,219,10,14
633,118,8,9
642,55,9,9
651,29,7,9
658,33,8,7
667,59,8,12
674,107,10,10
668,173,10,10
567,292,11,15
463,429,14,8
442,382,10,14
474,312,12,11
502,273,10,11
528,267,9,9
547,284,11,9
566,323,9,10
0,0,0,0
0,0,0,0
602,354,8,7
613,355,7,7
621,357,8,8
628,358,10,9
636,361,5,8
643,363,9,8
648,363,9,8
654,363,9,9
658,365,8,8
662,364,8,10
664,365,8,8
664,364,11,10
666,364,9,10
666,365,10,9
668,364,8,9
667,366,8,8
666,365,9,9
669,366,7,9
666,364,9,10
0,0,0,0
666,365,9,10
667,365,9,9
666,365,7,9
666,364,8,9
