538,296,10,16
674,250,13,11
755,224,14,7
0,0,0,0
711,223,10,9
671,259,10,10
627,330,10,10
577,439,11,14
519,594,14,19
505,536,9,10
495,475,11,11
487,451,11,11
480,463,8,10
479,473,10,13
507,348,8,13
528,276,10,10
546,245,8,8
559,245,7,7
571,264,7,9
574,224,7,8
580,152,8,12
587,76,8,12
596,19,8,11
0,0,0,0
0,0,0,0
623,1,11,8
637,52,8,11
645,141,10,13
655,265,9,16
665,302,8,11
660,277,9,7
644,281,10,7
631,225,9,10
617,185,8,8
589,175,7,12
551,187,7,9
507,222,9,10
459,284,11,9
425,302,9,10
415,232,9,8
411,196,7,9
407,187,8,9
407,198,7,8
405,189,7,6
398,164,6,7
385,163,7,8
382,180,7,8
385,175,7,11
392,98,8,10
399,36,9,11
409,1,11,7
0,0,0,0
443,1,5,3
461,39,9,10
483,114,9,16
507,230,9,17
485,247,10,12
452,223,8,9
428,201,8,10
409,145,7,7
384,126,7,8
357,126,7,8
343,147,7,10
336,193,8,10
328,262,8,10
314,352,8,15
296,493,10,22
277,566,9,10
301,511,8,10
331,465,11,9
464,348,15,14
581,278,13,8
671,247,11,10
739,246,13,8
793,247,9,11
820,207,7,7
841,189,8,9
850,148,7,12
840,65,8,13
828,3,6,12
0,0,0,0
0,0,0,0
0,0,0,0
0,0,0,0
708,47,9,14
676,146,11,14
654,241,9,8
656,246,7,8
662,145,7,10
672,93,7,9
684,63,6,8
696,51,9,8
710,57,8,9
725,86,8,10
731,134,7,8
718,189,8,11
705,273,8,12
696,383,8,14
692,351,9,8
688,319,9,9
684,319,9,8
644,312,11,9
549,267,11,9
482,248,7,9
435,227,9,8
404,195,9,9
404,192,8,7
391,202,9,6
481,218,10,7
555,228,8,6
