631,352,16,12
545,288,11,10
477,256,10,11
423,252,10,8
385,212,9,8
397,195,10,8
418,185,7,6
421,184,8,8
426,207,7,8
435,257,7,11
0,0,0,0
503,276,6,7
544,246,10,7
584,236,6,5
611,213,7,8
632,187,13,12
620,97,8,10
605,19,8,8
0,0,0,0
0,0,0,0
0,0,0,0
0,0,0,0
0,0,0,0
515,3,8,10
502,108,8,13
488,255,8,19
523,278,6,8
563,251,9,6
592,248,7,8
590,275,8,6
519,280,10,9
472,335,10,10
455,302,9,18
472,182,7,13
528,60,10,9
529,63,7,8
523,58,7,7
521,49,8,8
529,78,8,10
576,134,12,11
714,245,16,13
824,353,11,13
720,267,15,11
615,211,7,7
563,193,11,8
503,194,9,7
448,214,9,8
419,202,7,8
401,177,8,6
399,175,6,6
399,197,9,9
403,250,7,11
0,0,0,0
403,315,6,14
394,265,7,9
389,242,7,9
382,246,8,6
374,267,8,9
363,258,8,13
352,246,8,9
340,251,8,8
326,272,8,8
310,324,6,13
446,282,18,8
594,246,16,8
647,271,8,9
822,255,11,7
898,246,8,9
896,212,9,7
864,195,9,6
832,199,9,9
723,61,7,10
818,45,7,9
835,3,8,10
0,0,0,0
0,0,0,0
0,0,0,0
918,31,7,9
940,105,9,15
963,211,9,19
0,0,0,0
637,260,8,7
560,184,10,14
508,124,10,8
464,83,12,11
419,61,9,10
371,59,8,8
316,78,13,10
264,122,10,11
206,192,13,14
326,293,10,5
619,381,24,8
858,375,27,6
1005,368,12,9
924,326,12,10
843,310,12,14
0,0,0,0
714,256,11,15
678,191,10,11
645,160,10,9
617,160,8,6
567,179,11,9
507,225,10,11
435,306,11,12
350,427,14,19
272,512,13,6
208,521,11,7
163,529,10,11
173,484,10,10
184,475,11,11
256,230,15,27
329,26,12,21
0,0,0,0
0,0,0,0
0,0,0,0
0,0,0,0
0,0,0,0
0,0,0,0
0,0,0,0
0,0,0,0
0,0,0,0
780,65,10,16
0,0,0,0
0,0,0,0
866,309,13,16
904,393,11,10
940,376,9,10
975,393,11,10
868,306,15,12
780,256,11,9
715,236,8,12
718,263,9,11
721,316,10,12
727,401,7,12
728,419,10,9
730,442,9,10
726,444,9,22
701,293,6,13
0,0,0,0
651,113,7,8
634,78,7,9
615,72,9,9
600,85,10,10
566,131,10,12
448,245,16,18
316,405,15,18
231,386,14,10
226,353,9,10
240,349,8,9
258,378,9,13
