43,229,31,17
38,223,31,19
38,226,33,18
28,227,37,17
21,228,37,19
8,227,40,15
5,229,48,19
9,227,48,17
7,216,49,20
12,208,46,24
24,206,41,27
32,200,40,21
35,191,47,25
30,175,46,28
26,177,41,29
22,187,40,25
17,193,38,31
1,200,40,31
1,211,41,23
1,201,35,31
1,216,31,33
1,224,43,28
1,232,48,38
13,226,44,30
4,218,51,32
1,215,42,33
1,213,44,27
10,216,39,29
18,219,41,29
20,220,49,31
8,222,62,29
3,225,86,33
2,226,87,33
1,220,92,25
1,218,98,26
2,216,105,32
1,221,101,30
1,220,110,26
8,216,117,32
11,217,118,24
21,218,110,24
28,218,108,26
33,215,103,27
36,213,96,25
53,207,85,26
59,211,78,27
70,214,74,22
79,214,67,23
89,212,60,24
96,213,57,25
106,215,47,26
118,218,39,26
136,215,33,22
155,224,30,25
169,228,24,24
189,227,18,20
196,224,15,17
205,226,13,15
232,216,12,16
246,213,12,19
247,218,13,19
249,233,15,15
245,228,18,20
225,224,21,20
218,227,21,23
211,230,22,24
206,228,18,26
214,228,15,27
230,235,14,18
247,240,12,17
264,244,10,13
0,0,0,0
0,0,0,0
0,0,0,0
0,0,0,0
0,0,0,0
0,0,0,0
0,0,0,0
0,0,0,0
0,0,0,0
0,0,0,0
0,0,0,0
0,0,0,0
0,0,0,0
0,0,0,0
0,0,0,0
0,0,0,0
165,249,28,12
127,245,41,17
118,243,41,21
116,242,42,21
108,238,34,21
105,237,35,17
108,235,34,20
107,236,30,18
112,236,25,19
110,235,28,17
118,235,32,16
128,232,30,18
143,231,29,18
149,232,29,16
160,234,33,22
168,243,26,17
171,249,38,20
173,248,35,21
177,249,40,24
186,254,44,24
192,260,40,19
204,254,38,21
218,254,49,16
245,250,36,20
265,257,33,20
290,255,36,17
300,256,38,21
302,257,44,19
314,262,31,19
317,266,37,15
328,267,34,16
332,263,42,20
339,262,42,19
348,265,60,26
353,264,57,27
341,274,61,23
343,276,51,24
336,280,49,27
325,284,49,25
317,284,53,30
310,289,43,30
0,0,0,0
0,0,0,0
0,0,0,0
251,309,27,24
230,306,32,26
221,305,39,28
206,308,43,29
185,310,46,31
176,306,54,30
154,305,59,36
138,300,59,37
116,298,63,36
112,294,70,37
109,288,68,38
120,279,60,35
124,278,56,33
119,270,64,33
118,268,71,27
110,266,75,29
112,256,74,32
111,258,73,26
112,258,65,32
117,255,57,30
128,248,47,32
129,250,42,28
126,245,42,31
134,246,37,29
144,240,33,30
163,236,28,33
185,238,27,28
208,243,23,26
247,238,20,17
244,240,20,22
236,243,15,22
230,240,16,25
