1043,428,220,169
1055,424,221,169
1063,421,215,158
1072,419,207,146
1082,407,198,149
1083,389,196,161
1072,360,209,188
1066,341,216,186
1068,329,211,164
1079,317,204,176
1100,313,181,165
1117,314,164,144
1114,305,166,132
1109,297,172,136
1108,298,172,122
1106,293,174,119
1110,292,157,118
1128,293,150,113
1141,283,139,128
1171,280,109,93
1151,275,129,90
1176,285,104,74
1174,282,106,74
1166,270,114,85
1173,263,107,81
1171,252,109,85
1143,243,137,90
1151,234,129,92
1167,225,113,91
1176,210,104,94
1175,196,105,99
1158,188,122,95
1147,174,133,100
1129,165,151,102
1117,159,163,101
1120,153,160,111
1136,147,144,111
1153,138,127,126
1171,136,109,137
1187,132,93,149
1183,127,97,161
1181,122,99,181
1186,111,94,203
1198,109,82,217
1228,114,52,223
1234,100,46,249
1231,166,46,185
1202,188,78,160
1163,217,117,127
1128,213,152,125
1104,192,176,138
1087,177,193,155
1074,160,206,173
1053,152,227,183
1025,139,255,196
984,123,296,213
948,133,331,199
916,143,364,189
891,151,389,181
869,150,411,181
846,157,434,174
821,162,460,169
793,167,487,171
768,155,512,181
739,159,525,173
721,167,510,167
699,169,504,165
676,180,500,156
655,186,512,147
641,184,514,149
612,177,529,158
609,163,511,171
604,156,488,184
600,162,469,181
591,173,452,169
576,190,444,149
565,197,439,143
