670,183,6,6
666,175,8,8
624,197,10,10
563,243,10,11
488,316,11,13
398,425,16,16
298,512,17,11
312,432,16,18
413,305,13,13
484,239,16,13
538,216,8,7
571,202,9,9
597,196,9,9
625,212,9,10
655,251,8,11
686,315,9,12
714,349,7,7
737,317,8,11
758,317,9,8
776,329,9,9
778,270,11,9
759,128,7,12
753,76,7,10
746,51,7,10
738,52,7,7
732,71,7,8
727,110,8,8
668,162,9,10
597,242,10,12
525,358,9,14
0,0,0,0
480,353,12,17
534,262,7,12
570,217,8,8
598,211,7,8
627,261,11,13
664,349,8,9
703,467,12,19
746,521,12,11
792,562,10,14
801,524,10,10
754,434,17,21
657,307,14,14
551,215,10,6
533,209,9,10
543,234,10,6
579,247,12,12
668,309,13,12
768,403,15,15
878,492,12,9
977,529,13,11
0,0,0,0
902,142,12,20
862,24,9,13
0,0,0,0
0,0,0,0
0,0,0,0
0,0,0,0
0,0,0,0
706,26,6,11
690,94,7,11
698,229,11,15
727,463,10,23
750,512,13,11
736,350,10,12
722,228,10,9
706,169,10,11
695,142,10,9
685,143,10,8
712,217,14,18
781,117,8,8
775,110,9,10
722,109,11,8
664,127,9,8
597,170,11,12
505,247,10,11
446,351,14,16
361,497,13,18
310,535,9,11
282,503,12,9
257,502,12,12
251,507,12,11
256,530,10,11
294,293,9,22
334,73,10,21
0,0,0,0
0,0,0,0
0,0,0,0
0,0,0,0
0,0,0,0
0,0,0,0
0,0,0,0
0,0,0,0
563,29,5,10
583,101,9,9
643,138,6,8
714,202,13,13
803,303,16,17
0,0,0,0
983,432,13,8
960,375,20,18
804,266,19,10
697,215,13,9
618,200,10,7
547,242,10,12
457,316,14,13
463,271,9,8
475,243,11,7
507,240,13,6
579,252,11,10
664,290,13,13
761,358,14,13
876,463,15,15
985,545,11,9
1069,556,14,8
1093,532,8,10
1084,518,11,10
1023,253,11,19
972,73,12,18
0,0,0,0
0,0,0,0
0,0,0,0
0,0,0,0
0,0,0,0
0,0,0,0
0,0,0,0
714,41,7,11
694,136,9,16
682,329,9,25
671,501,8,12
646,412,12,18
623,281,10,13
602,205,11,10
586,168,9,9
570,161,8,9
