695,199,6,6
649,194,7,7
568,243,11,11
472,307,14,14
370,405,13,14
267,484,17,9
258,441,19,17
411,316,17,13
527,251,15,11
616,225,12,8
705,278,16,14
820,390,17,18
936,454,16,8
1058,494,20,12
1061,554,12,11
1023,356,12,20
996,144,10,20
965,1,9,13
0,0,0,0
0,0,0,0
0,0,0,0
0,0,0,0
0,0,0,0
0,0,0,0
772,8,5,11
752,95,7,10
783,150,10,9
825,227,10,14
868,342,8,6
914,470,9,8
945,455,8,8
791,327,15,13
678,260,14,10
581,231,11,8
613,244,10,8
683,287,10,11
759,363,13,13
0,0,0,0
910,505,15,10
793,382,16,14
682,302,15,8
599,261,13,8
570,255,13,9
654,283,14,10
749,339,8,9
851,428,14,16
0,0,0,0
991,420,12,24
950,228,9,17
914,92,9,15
0,0,0,0
0,0,0,0
0,0,0,0
0,0,0,0
0,0,0,0
752,12,7,12
730,77,9,11
672,154,11,11
563,255,14,16
452,400,18,20
0,0,0,0
284,470,13,12
202,525,12,14
168,473,11,10
240,460,13,9
304,418,7,10
335,225,11,16
366,82,10,15
0,0,0,0
0,0,0,0
0,0,0,0
0,0,0,0
0,0,0,0
0,0,0,0
507,52,9,10
491,121,8,11
441,215,10,14
384,356,9,16
333,405,11,10
289,404,12,9
237,442,13,13
184,525,12,12
217,466,11,12
248,447,9,11
278,423,9,15
307,280,11,13
332,195,10,12
354,155,8,8
373,147,8,7
417,217,11,13
480,336,8,11
553,488,12,10
599,477,13,10
652,503,14,10
674,476,10,12
676,443,9,11
666,394,11,17
641,300,10,8
625,252,9,10
631,260,7,9
636,293,7,9
641,363,10,10
646,468,9,14
646,490,9,7
645,500,10,9
0,0,0,0
0,0,0,0
0,0,0,0
0,0,0,0
0,0,0,0
0,0,0,0
0,0,0,0
0,0,0,0
577,66,9,8
618,200,12,19
724,376,12,12
0,0,0,0
934,359,11,13
950,217,12,15
967,133,10,10
979,89,13,11
993,81,10,10
1005,102,7,7
1014,143,8,11
1021,203,8,10
0,0,0,0
942,322,9,10
946,305,9,8
942,307,9,8
936,324,9,8
928,300,7,7
926,307,10,7
926,339,7,8
926,322,9,8
924,320,9,10
