572,472,10,10
581,442,9,9
613,407,13,15
706,319,11,13
776,279,10,10
832,266,11,7
876,234,9,6
827,211,11,7
727,214,13,8
611,247,14,7
615,263,14,7
724,259,15,8
805,255,10,10
852,202,9,10
838,167,7,9
800,91,8,9
757,54,9,9
712,36,10,9
665,43,8,9
611,75,10,10
559,136,9,11
501,229,13,15
597,226,13,12
716,198,11,8
782,206,8,9
825,173,6,6
880,130,8,7
908,107,9,8
882,112,9,8
857,138,6,9
828,187,8,12
848,268,9,11
0,0,0,0
835,263,8,11
804,226,10,11
779,219,7,8
767,253,7,9
762,327,8,14
752,438,9,13
738,524,7,10
720,554,10,9
717,551,11,11
731,457,9,22
753,263,12,9
775,120,8,15
0,0,0,0
0,0,0,0
0,0,0,0
0,0,0,0
822,2,8,8
825,53,7,9
804,117,15,10
691,203,14,14
577,336,11,11
475,397,13,10
521,320,15,14
617,260,13,9
696,233,11,7
758,230,12,7
813,247,8,8
811,199,8,9
779,156,8,8
0,0,0,0
703,126,10,8
662,148,9,10
615,200,10,10
579,272,17,10
706,224,11,10
767,211,8,7
804,202,8,7
852,212,9,6
0,0,0,0
776,154,8,8
717,147,11,8
659,167,8,7
597,215,12,9
547,253,8,10
526,228,6,14
506,181,8,7
481,192,9,7
450,220,8,10
464,232,10,8
479,266,8,10
527,261,8,8
567,274,10,7
588,237,8,8
626,161,9,8
563,125,7,10
533,84,9,9
503,60,10,11
472,66,7,9
439,96,9,10
408,158,8,13
377,255,9,14
527,268,12,7
607,205,7,10
646,139,8,6
678,122,10,7
712,123,9,9
751,146,8,10
