679,207,8,6
673,197,10,7
656,207,11,9
589,239,10,10
507,300,11,10
407,390,14,14
306,465,13,9
336,399,18,14
487,290,15,9
600,232,12,8
691,211,13,10
644,268,9,11
552,382,14,14
467,456,11,9
384,490,12,11
410,336,8,12
462,166,12,16
511,48,8,12
0,0,0,0
0,0,0,0
0,0,0,0
0,0,0,0
0,0,0,0
681,23,9,9
696,89,9,12
667,148,10,10
581,200,12,9
485,284,13,12
383,403,13,17
287,488,12,8
205,506,14,12
140,535,9,11
196,506,11,9
246,512,13,11
349,333,13,13
437,184,13,15
513,88,9,10
0,0,0,0
0,0,0,0
672,13,8,9
708,40,7,9
738,85,9,9
736,126,8,9
707,170,8,9
679,248,8,12
654,360,11,14
633,412,9,10
613,403,11,11
591,428,11,12
619,378,11,11
665,305,11,10
703,269,7,8
730,258,8,10
750,269,9,10
672,261,13,10
583,275,13,10
487,319,11,10
383,390,14,12
268,502,15,16
204,502,13,10
179,499,9,11
198,517,11,11
242,357,11,22
294,150,11,20
339,4,9,14
0,0,0,0
0,0,0,0
0,0,0,0
0,0,0,0
0,0,0,0
0,0,0,0
0,0,0,0
589,73,7,10
615,153,9,10
673,191,10,10
735,258,12,13
801,361,13,15
875,507,10,15
928,525,11,12
974,539,10,10
991,486,9,12
1003,473,11,13
981,353,8,9
945,200,8,15
913,104,9,12
0,0,0,0
0,0,0,0
844,31,9,11
824,60,9,10
806,109,9,9
696,175,15,12
521,277,17,12
162,429,18,18
240,416,10,9
290,426,13,10
341,396,9,15
375,278,11,14
404,208,9,11
428,175,9,9
447,170,9,9
467,188,9,10
333,412,16,21
174,472,18,9
203,403,14,16
296,317,10,11
373,274,11,7
440,262,13,7
498,276,14,11
581,272,13,7
671,272,10,6
0,0,0,0
750,202,8,7
782,197,9,9
800,214,9,6
814,222,9,10
828,234,8,10
0,0,0,0
853,254,7,8
864,263,8,8
875,273,10,7
887,281,8,8
900,290,7,8
910,297,9,8
920,306,9,7
932,314,7,8
