579,215,10,6
515,240,8,9
438,298,10,9
356,383,9,13
268,473,11,10
200,475,11,7
212,493,8,9
240,462,8,19
276,233,10,20
308,63,9,18
0,0,0,0
0,0,0,0
0,0,0,0
0,0,0,0
0,0,0,0
0,0,0,0
0,0,0,0
497,22,7,13
513,112,8,12
557,181,9,6
655,258,13,10
763,367,15,13
816,337,8,10
820,249,9,11
828,197,7,9
834,175,7,8
839,178,8,8
844,200,9,8
849,234,7,11
862,192,7,8
873,171,8,8
884,170,8,8
887,188,8,7
876,202,8,7
0,0,0,0
0,0,0,0
878,208,9,9
890,214,7,7
885,215,8,8
884,217,9,9
882,219,10,9
882,221,9,9
882,221,9,9
882,224,9,8
882,224,9,8
