138,244,212,189
135,248,220,183
133,250,224,174
131,264,234,174
113,251,210,185
109,253,200,185
111,251,191,184
113,253,191,183
113,249,192,182
118,245,190,184
126,244,187,185
132,249,184,169
137,234,191,176
157,203,183,182
168,184,178,177
187,155,160,197
220,126,50,173
223,113,48,158
245,112,49,131
274,80,90,149
322,78,148,118
399,79,116,110
445,79,110,111
510,82,38,113
518,103,43,126
533,109,30,125
517,109,70,121
526,101,64,128
522,118,96,109
557,152,114,80
581,122,120,112
667,157,27,72
660,160,31,79
663,142,29,100
647,137,50,110
645,157,45,93
646,157,41,86
651,144,39,98
653,146,48,88
661,146,47,87
666,138,43,101
672,157,39,87
679,168,69,88
720,178,80,108
729,190,97,112
758,209,132,105
808,207,129,106
837,209,126,102
847,210,141,106
862,213,128,113
896,241,110,124
937,296,70,100
978,338,31,97
973,345,37,96
980,352,29,89
969,362,38,84
963,379,32,73
944,359,30,88
944,347,37,95
942,363,27,86
934,348,25,91
929,343,20,105
898,346,54,96
883,338,37,95
871,335,31,64
861,335,29,87
860,334,23,73
838,329,34,103
836,328,35,103
802,340,55,98
789,350,53,93
787,345,55,99
