345,226,37,43
343,230,38,54
331,319,30,71
301,392,28,44
283,392,31,43
277,387,34,47
287,386,30,44
300,380,29,45
325,336,39,41
351,285,41,30
358,246,45,19
360,220,49,25
481,210,30,21
703,214,26,18
884,117,37,27
1014,1,28,20
0,0,0,0
0,0,0,0
0,0,0,0
592,21,92,59
316,120,57,61
255,222,49,43
230,399,40,70
238,548,31,77
0,0,0,0
0,0,0,0
0,0,0,0
0,0,0,0
0,0,0,0
0,0,0,0
0,0,0,0
0,0,0,0
183,569,59,46
213,478,57,32
238,430,57,28
253,405,54,25
264,396,49,25
280,387,48,27
287,389,47,23
288,379,45,34
288,380,41,37
300,386,27,41
304,399,24,42
306,401,24,42
300,398,28,46
304,397,26,45
304,399,25,46
298,404,26,46
291,407,25,48
284,409,25,48
274,410,26,48
271,411,26,49
277,406,27,48
284,400,29,45
295,398,31,46
308,397,32,45
323,387,35,45
349,353,42,42
372,324,44,38
385,307,41,33
395,283,43,30
406,255,42,25
405,235,49,21
418,233,39,22
479,238,20,22
591,272,37,21
798,300,39,23
991,335,43,26
1140,375,37,32
1205,428,27,24
1154,471,39,32
975,518,62,34
684,545,87,36
390,592,85,36
272,560,47,77
231,548,41,76
268,488,36,49
302,428,37,37
349,402,18,21
351,388,53,31
384,394,65,35
420,426,60,29
442,419,54,32
491,408,36,23
503,398,51,24
517,368,44,36
496,361,33,41
474,366,31,39
469,360,29,36
473,358,23,37
