1116,118,73,69
1071,156,62,58
1015,187,56,47
959,212,52,41
915,232,45,39
845,262,46,37
801,280,44,36
779,298,36,46
764,326,35,30
720,361,49,35
688,385,54,32
651,400,39,26
642,402,28,27
634,404,31,25
640,400,33,28
644,404,30,22
656,403,24,21
665,399,24,24
671,395,22,35
675,388,23,38
677,383,23,39
680,381,20,36
666,373,22,37
606,330,31,41
454,280,59,62
270,242,51,67
148,218,55,71
24,172,48,95
7,138,54,117
70,128,83,128
243,149,122,148
489,215,134,146
719,290,135,129
887,367,106,86
948,386,91,81
959,396,81,76
939,408,71,65
896,412,69,61
848,424,62,52
791,436,50,48
735,448,50,48
704,479,59,37
671,500,57,25
641,512,63,17
614,514,56,18
592,500,47,33
587,488,36,40
586,475,28,44
587,469,25,40
583,466,33,34
605,455,20,39
614,454,20,33
623,450,16,32
634,439,26,39
638,431,25,40
645,427,23,43
649,426,23,45
651,427,21,43
650,428,21,40
593,392,46,44
479,351,65,59
306,312,70,69
129,283,68,78
0,0,0,0
0,0,0,0
0,0,0,0
31,208,178,185
259,273,191,166
646,353,168,139
792,379,171,121
981,394,154,110
1056,396,127,99
1068,394,116,91
1059,404,94,79
1019,425,86,67
996,436,82,66
941,470,67,55
889,492,62,53
817,518,56,52
767,533,54,48
749,564,54,32
728,592,61,21
721,583,59,28
717,574,62,34
732,543,56,36
748,511,50,36
766,465,48,34
776,432,44,37
786,403,31,40
790,389,36,38
791,390,45,32
789,395,50,21
779,392,50,15
767,379,44,24
732,374,38,29
703,378,25,27
681,377,26,22
655,379,36,24
639,381,42,28
634,378,37,32
623,381,38,33
607,385,42,35
600,382,41,35
594,372,40,33
590,360,40,33
591,347,41,31
594,335,38,31
