526,215,45,56
521,212,36,51
530,203,35,44
537,199,34,41
543,198,33,38
544,202,31,38
549,212,28,36
546,231,30,37
575,265,8,21
711,182,37,37
831,188,33,44
866,200,35,29
663,214,46,15
416,179,22,19
370,194,14,16
430,259,16,16
489,215,14,12
555,140,12,13
587,113,13,10
595,90,11,9
600,75,9,9
592,64,8,9
580,40,8,10
570,33,7,9
558,47,7,9
551,58,7,7
548,84,6,7
547,104,9,6
549,120,11,8
548,131,11,8
544,143,10,10
536,145,12,10
532,157,10,9
0,0,0,0
546,195,11,13
542,231,17,18
549,295,19,16
562,246,19,19
544,143,22,16
514,195,22,17
489,245,27,15
484,246,25,15
488,240,28,16
489,239,32,17
492,260,37,20
543,243,43,21
587,227,48,24
577,234,52,20
