370,371,64,34
370,370,61,33
370,370,61,33
370,370,61,33
370,370,61,33
370,370,61,33
370,370,61,33
370,370,61,33
370,370,61,33
370,370,61,33
370,370,61,33
370,369,62,33
416,381,29,29
413,336,36,37
401,234,33,53
332,141,50,78
310,126,43,53
321,123,38,55
328,132,48,52
322,134,59,54
318,145,68,48
323,145,50,38
328,144,46,36
325,142,49,40
321,135,48,47
316,122,52,41
306,130,39,46
312,144,60,40
306,152,56,39
297,158,48,31
287,145,41,47
289,145,39,47
288,146,40,46
295,143,41,44
295,132,43,45
266,135,55,37
277,129,85,47
336,275,31,66
328,282,37,65
328,282,37,65
328,282,37,66
328,282,37,66
328,282,37,66
328,282,37,66
328,282,37,66
328,282,37,66
328,282,37,66
328,282,37,66
328,282,37,66
328,282,37,66
328,282,37,66
328,282,37,66
328,282,37,66
328,282,37,66
328,282,37,66
328,282,37,66
328,282,37,66
328,282,38,66
328,282,38,66
328,282,38,66
328,282,38,66
328,282,38,66
328,282,38,66
328,282,38,66
328,282,38,66
328,282,38,66
328,282,38,66
328,282,38,66
328,282,38,66
328,282,38,66
328,282,38,66
328,282,38,66
328,282,38,66
328,282,38,66
328,282,38,66
328,282,38,66
328,282,38,66
328,282,38,66
328,282,38,66
328,282,38,66
328,282,38,66
328,282,38,66
339,300,27,48
336,292,30,56
332,284,34,65
328,282,38,66
328,282,38,66
328,282,38,66
328,282,38,66
328,282,38,66
328,282,38,66
328,282,39,66
328,282,39,66
328,282,39,66
328,282,39,66
328,282,39,66
328,282,39,66
328,282,39,66
328,282,39,66
328,282,39,66
328,282,39,66
328,282,39,66
328,282,39,66
328,282,39,66
328,282,39,66
328,282,39,66
328,282,39,66
333,309,28,38
327,283,39,65
327,283,39,65
327,283,39,65
327,283,39,65
327,283,39,65
327,283,39,65
327,283,39,65
327,283,39,65
327,283,39,65
327,283,39,65
327,283,39,65
327,283,39,65
327,283,39,65
327,283,39,65
327,283,39,65
327,283,39,65
327,283,39,65
327,283,39,65
327,283,39,65
327,283,40,65
327,283,40,65
327,283,40,65
327,283,40,65
327,283,40,65
327,283,40,65
327,283,40,65
327,283,40,65
327,283,40,65
327,283,40,65
327,283,40,65
327,283,40,65
327,283,40,65
327,283,40,65
327,283,40,65
327,283,40,65
327,283,40,65
327,283,40,65
327,283,40,65
327,283,40,65
327,283,40,65
327,283,40,65
0,0,0,0
327,283,40,65
327,283,40,65
327,283,40,65
327,283,40,65
327,283,40,65
327,283,40,65
327,283,40,65
327,283,40,65
327,283,41,65
327,283,41,65
327,283,41,65
327,283,41,65
327,283,41,65
327,283,41,65
327,283,41,65
327,283,41,65
327,283,41,65
327,283,41,65
327,283,41,65
327,283,41,65
327,283,41,65
327,283,41,65
327,283,41,65
327,283,41,65
327,283,41,65
326,288,42,62
326,281,43,69
327,282,41,66
327,284,41,65
327,284,41,65
327,284,41,65
328,284,40,64
327,283,41,66
326,284,42,65
325,296,44,61
325,309,20,34
324,303,47,55
324,298,48,60
324,297,48,60
324,298,49,60
324,299,50,60
328,300,48,63
336,320,40,49
341,325,41,54
348,326,28,37
335,323,56,36
337,320,64,35
332,318,67,37
331,317,66,38
334,315,65,39
333,310,68,41
339,310,64,40
336,304,55,50
339,314,59,45
350,316,53,35
350,318,51,36
353,317,54,40
353,315,56,41
353,314,56,40
353,315,57,39
353,315,58,39
351,315,60,39
353,315,57,39
353,314,58,40
353,314,57,40
353,314,57,40
353,314,57,40
353,314,57,40
353,314,57,40
353,314,56,40
353,314,57,39
353,313,58,40
353,314,58,39
353,314,58,39
353,313,19,26
