729,386,56,37
777,433,42,39
829,452,32,57
831,455,31,55
828,451,30,53
827,455,28,47
825,455,30,45
826,450,30,45
826,445,30,45
825,444,30,45
827,445,30,45
827,443,30,45
834,443,30,45
838,449,32,45
832,449,30,45
829,444,30,45
830,449,30,45
827,450,30,45
825,447,30,45
829,450,30,45
833,451,30,45
834,453,30,45
831,451,30,45
828,451,30,45
828,453,30,45
828,454,30,45
828,454,30,45
828,454,30,45
829,454,31,45
829,454,31,44
829,454,31,44
830,456,31,44
829,455,31,44
827,455,31,44
827,454,31,44
826,454,31,44
823,459,31,44
821,457,31,44
818,454,31,44
818,454,31,44
818,456,31,44
820,458,31,44
821,455,31,44
823,456,31,44
825,461,31,44
825,463,31,44
823,462,31,44
816,464,31,44
822,460,31,44
828,457,31,44
832,453,31,44
