193,357,73,100
219,367,67,87
246,367,59,82
272,369,54,74
300,364,52,68
333,350,47,64
357,339,44,60
372,324,42,56
382,309,40,49
390,287,36,46
388,263,36,44
388,250,35,43
384,232,32,41
387,214,32,43
393,205,31,39
393,203,29,39
388,204,30,38
380,203,28,36
378,198,30,38
395,188,26,36
427,182,27,32
456,174,24,33
471,166,25,30
477,158,23,31
483,154,25,28
483,144,23,29
479,134,23,29
476,131,22,27
477,134,19,28
477,156,22,24
475,183,21,27
471,216,21,23
467,234,21,26
464,253,20,21
462,262,20,26
465,271,19,21
473,275,17,23
481,283,19,25
488,293,19,21
494,301,15,21
495,310,16,18
494,322,19,19
496,339,16,20
494,352,18,19
495,365,18,22
498,384,18,18
502,398,17,21
507,414,17,16
513,421,17,18
520,424,13,19
524,409,17,20
533,380,14,17
540,360,14,18
547,355,17,17
572,347,14,18
582,334,15,18
