478,538,20,40
484,540,20,39
310,386,22,37
266,387,23,36
232,379,20,37
188,379,22,42
123,364,20,39
109,326,22,41
163,304,23,42
230,317,23,45
249,331,26,44
250,326,23,44
253,323,26,44
250,322,24,42
247,321,27,44
225,298,26,41
226,276,23,46
233,280,30,43
244,287,28,40
236,282,28,45
239,286,29,48
248,294,29,40
260,305,28,44
270,311,27,38
277,321,25,46
266,343,23,41
225,362,28,44
195,381,31,40
150,369,30,48
124,350,31,44
122,348,30,44
118,354,33,45
124,361,26,44
134,359,27,46
153,355,25,43
164,343,24,38
197,325,23,41
225,323,22,37
241,315,22,41
249,307,22,39
260,297,21,37
268,292,22,35
267,290,26,40
271,294,25,36
274,282,25,38
276,273,24,39
280,274,25,42
284,278,36,39
308,307,38,33
342,323,27,41
337,334,46,36
335,347,43,34
339,348,42,39
338,351,44,37
