488,399,42,275
508,388,37,285
507,370,37,290
493,358,33,305
479,350,42,307
494,321,39,235
506,279,57,320
546,224,79,193
544,174,88,213
511,91,73,233
485,15,61,237
479,1,42,238
488,1,47,235
503,45,84,240
444,89,105,215
378,85,99,351
398,107,153,341
421,129,181,343
459,162,199,328
509,174,180,333
506,166,148,352
482,158,144,350
470,144,126,358
465,123,109,355
481,118,95,342
507,118,62,279
502,115,51,242
517,119,51,233
527,120,40,235
536,114,52,237
547,113,64,230
545,115,67,226
565,135,40,234
542,149,48,230
492,162,58,229
484,177,40,227
448,178,43,224
475,177,26,225
512,149,31,231
525,144,64,212
529,149,110,304
511,180,144,272
492,235,181,198
484,259,164,153
467,250,155,156
457,266,138,135
453,270,112,125
453,269,101,117
445,268,97,117
436,269,92,115
432,269,88,114
438,271,91,111
428,264,86,114
422,263,90,113
429,272,91,108
428,274,95,103
431,283,95,99
434,294,97,93
437,293,108,100
430,264,108,136
428,272,122,136
430,270,124,147
435,264,117,152
433,265,120,157
426,265,128,166
408,267,133,175
404,269,138,178
403,267,137,176
409,264,133,178
409,266,136,180
411,268,136,185
412,287,152,193
409,337,186,176
400,377,209,173
397,413,215,167
402,464,218,159
405,490,211,172
401,516,206,168
404,532,200,169
405,542,194,177
422,577,187,142
468,623,137,96
543,686,90,33
0,0,0,0
0,0,0,0
635,698,31,21
0,0,0,0
0,0,0,0
0,0,0,0
0,0,0,0
0,0,0,0
467,697,39,22
481,678,51,40
487,662,68,57
467,631,70,88
435,608,76,111
