313,130,90,138
327,203,113,131
381,276,108,133
417,322,82,147
419,411,102,141
426,440,84,137
426,429,94,162
381,467,140,112
356,445,143,94
310,368,158,99
278,326,188,125
265,314,160,152
254,345,132,168
240,356,135,198
224,458,99,155
205,489,102,150
174,502,137,134
176,509,162,122
192,491,148,127
173,460,150,133
152,449,176,142
112,443,174,119
78,426,235,123
43,409,229,119
46,389,235,140
47,371,221,142
54,347,219,164
50,331,222,133
57,308,219,152
54,303,221,153
58,291,216,142
54,307,221,146
54,327,218,167
54,383,203,154
50,424,199,157
49,454,211,161
77,477,202,133
100,469,138,139
107,453,120,150
139,462,52,116
146,449,50,132
148,423,87,161
123,431,138,120
159,370,135,108
153,343,154,126
183,294,136,120
196,267,131,143
167,254,136,131
208,234,91,136
231,217,54,132
198,183,144,116
173,140,150,118
273,74,52,91
277,40,49,88
276,16,64,83
266,12,126,75
285,23,138,86
339,46,129,121
344,86,141,129
367,147,162,112
389,169,172,116
408,192,151,84
453,234,47,78
479,279,157,112
509,302,159,113
511,311,155,104
506,299,156,108
518,272,146,121
514,273,140,108
515,256,124,113
517,239,124,110
559,207,47,104
530,170,71,114
511,145,103,88
471,120,141,101
443,114,139,92
395,62,151,130
382,66,165,115
356,82,128,84
327,63,133,75
304,60,144,76
283,55,120,109
275,73,107,129
269,128,86,134
269,189,74,137
264,231,90,144
246,299,96,141
259,340,83,128
244,370,128,127
263,387,135,123
273,405,153,133
292,428,161,131
289,448,183,111
313,459,200,107
365,425,155,95
402,387,125,119
423,343,106,109
416,321,117,117
426,295,116,102
451,267,94,117
462,257,106,104
470,231,99,114
512,214,71,114
521,168,46,102
527,148,45,79
532,116,47,84
524,111,57,75
508,87,108,71
