743,163,208,112
732,168,206,98
729,162,208,108
726,166,206,109
721,166,201,105
721,169,194,110
721,174,195,112
725,181,194,111
720,201,192,103
716,203,193,107
713,213,189,106
709,219,187,107
710,227,188,109
710,238,188,110
710,243,189,111
702,250,189,112
696,253,188,114
706,264,160,113
724,278,124,120
727,293,110,118
728,302,104,127
735,323,84,130
742,334,86,139
732,355,102,133
710,365,127,126
692,374,140,120
691,382,137,120
692,398,125,114
685,410,128,111
672,422,137,102
676,428,121,106
680,434,118,107
669,441,121,99
648,448,130,94
629,453,140,82
620,444,144,84
598,436,159,82
573,416,178,91
576,417,173,78
570,409,180,83
589,406,167,79
598,394,159,79
619,389,138,83
648,382,114,89
655,378,115,85
654,377,122,89
649,376,121,84
637,349,97,109
662,347,61,116
630,357,98,109
607,346,116,150
622,371,68,151
642,389,48,157
612,414,126,118
584,430,171,99
559,429,185,93
551,428,197,93
551,423,204,94
573,420,202,95
581,416,206,94
598,413,196,93
615,409,193,92
636,408,201,87
679,404,149,91
694,407,139,94
707,397,104,107
725,407,77,93
713,410,62,98
710,418,60,94
705,422,49,96
666,423,90,92
655,419,98,88
644,412,90,91
635,401,92,94
638,387,70,109
632,378,86,102
635,369,92,108
608,356,166,113
609,344,207,121
635,325,210,107
652,312,213,112
657,295,148,118
693,269,95,92
695,263,87,108
