467,113,84,317
468,114,82,314
434,121,113,299
416,116,138,297
417,116,143,293
425,114,137,298
441,115,126,304
472,114,97,309
505,113,64,304
506,114,87,289
507,113,111,272
505,112,129,260
503,110,138,258
500,111,141,273
498,109,130,287
497,108,119,303
498,106,84,308
500,107,63,315
454,104,112,308
421,103,146,297
405,102,163,283
400,102,172,284
414,100,160,292
441,100,133,303
472,99,102,310
509,99,64,304
507,100,102,289
505,101,129,268
502,103,152,255
500,105,158,252
497,106,156,261
497,109,134,281
499,111,108,304
501,114,74,313
487,114,83,321
439,111,136,309
