81,29,141,300
70,35,152,295
74,37,148,302
94,41,128,293
129,38,93,320
164,40,60,314
205,40,68,313
206,41,90,310
205,39,111,307
203,39,134,298
200,40,144,290
198,40,135,294
197,37,91,314
197,42,56,315
156,41,55,321
121,50,88,307
108,45,101,298
67,50,144,297
62,53,148,304
72,60,140,297
108,60,105,312
138,63,78,317
175,56,67,322
198,59,78,315
198,60,93,311
202,70,113,299
205,80,122,279
196,67,131,286
193,64,108,295
191,59,76,312
175,70,42,304
138,63,75,308
106,51,105,311
83,49,127,303
68,51,142,294
67,50,142,299
