820,255,51,135
823,254,49,133
825,255,48,133
824,254,49,135
823,254,50,133
823,254,49,133
824,255,49,132
822,253,51,134
821,253,51,135
824,253,48,135
829,253,43,118
824,253,48,136
822,253,50,135
821,253,51,136
823,254,50,135
828,253,44,136
821,254,52,136
824,253,49,137
824,253,48,137
823,254,50,136
816,255,58,136
820,253,51,137
823,253,48,138
820,253,51,138
824,253,49,138
821,253,52,138
824,253,49,139
823,253,49,139
816,253,49,139
818,253,48,139
816,254,50,140
817,254,50,140
817,254,49,140
816,254,50,140
816,254,50,140
817,254,49,141
798,254,68,147
818,254,48,148
817,255,50,147
817,254,49,147
818,254,48,148
818,255,48,147
809,255,57,145
818,255,49,146
818,256,48,145
817,255,50,147
817,255,50,146
806,254,61,145
820,254,48,148
817,255,50,142
817,255,50,147
819,255,48,123
817,255,50,146
815,254,52,147
815,255,52,145
816,254,50,146
816,254,50,146
816,254,50,146
816,254,51,146
816,254,51,146
