376,243,101,215
381,242,97,188
399,242,81,174
415,244,66,158
424,247,60,193
425,246,61,166
429,251,58,168
429,253,58,149
427,255,62,107
428,257,61,134
430,262,60,173
422,263,68,166
395,268,95,211
387,271,97,217
387,273,99,214
402,277,84,213
423,280,62,176
422,282,64,158
423,283,66,130
423,286,64,111
420,290,67,144
426,288,61,148
426,288,61,175
425,288,67,131
427,286,65,113
412,284,80,125
410,282,81,124
420,283,71,122
423,280,68,188
424,277,65,124
422,276,63,144
422,277,64,152
418,273,66,150
417,274,64,153
431,279,47,155
411,276,69,202
403,278,76,211
408,279,70,215
410,279,57,208
408,280,63,172
407,278,65,155
406,280,66,172
406,278,63,175
404,275,63,180
403,267,66,200
400,262,65,126
389,258,73,208
395,252,63,112
390,244,65,220
381,236,68,215
367,229,83,224
360,222,85,212
357,216,81,212
360,212,80,135
365,208,72,126
