209,215,262,320
251,213,265,313
298,213,245,340
324,204,198,387
347,201,150,413
388,200,109,414
417,198,122,386
442,194,141,348
474,195,146,312
497,194,157,290
525,188,152,302
559,189,141,327
588,192,133,359
609,189,129,387
633,192,123,410
671,198,120,424
732,198,126,428
802,197,138,426
861,204,142,420
892,202,140,412
908,191,132,418
899,191,118,425
879,187,118,428
868,191,111,423
861,192,108,405
853,200,115,384
860,202,115,371
878,205,117,358
900,199,117,352
916,201,118,349
929,193,119,351
930,191,125,354
927,196,124,349
924,191,124,354
919,200,129,345
905,203,136,345
897,211,131,336
884,201,132,338
874,193,133,342
862,181,135,347
852,171,137,355
841,152,144,356
841,136,148,370
841,122,151,382
850,109,153,398
850,101,155,401
845,89,159,406
841,80,163,402
834,66,169,413
834,64,171,416
833,66,171,417
836,67,171,417
836,81,169,411
847,102,165,405
850,127,158,394
850,147,155,384
855,170,146,372
833,188,139,358
804,204,137,349
804,213,128,349
818,215,124,341
839,211,122,342
869,202,123,345
891,191,127,349
910,183,127,350
924,178,127,353
