353,385,201,165
356,386,194,161
356,385,194,162
356,386,194,161
356,386,194,161
355,385,195,164
355,387,195,160
355,385,196,166
355,388,194,157
354,386,197,163
384,396,166,151
456,444,94,77
0,0,0,0
398,387,152,161
356,386,194,161
376,387,175,132
430,387,120,149
357,386,193,161
355,386,195,161
368,409,182,138
384,386,166,161
355,386,195,145
355,386,195,151
355,386,195,118
354,385,191,103
362,396,189,113
379,427,189,115
385,454,192,116
389,461,194,111
487,428,58,61
393,409,136,170
394,408,134,171
390,409,138,172
376,409,152,173
336,409,192,172
336,409,192,173
336,409,192,173
338,409,190,173
337,409,191,173
336,409,192,173
463,424,65,72
336,418,180,101
336,420,180,100
333,419,179,103
326,395,194,101
369,292,142,140
376,273,150,96
409,280,143,40
389,270,167,72
398,324,155,44
376,266,168,77
376,217,173,85
360,172,171,88
368,264,148,46
343,305,157,61
346,325,165,75
363,324,164,81
338,275,183,100
310,129,190,101
336,155,177,54
388,196,190,94
456,382,176,109
472,464,167,104
493,477,167,96
512,482,162,56
471,350,158,139
305,257,185,125
237,286,163,112
243,281,178,155
264,282,78,154
227,294,167,147
123,222,154,149
109,114,151,142
246,151,147,172
280,315,184,167
291,323,53,58
326,347,147,152
364,321,107,225
456,411,95,124
488,452,93,104
477,434,72,69
466,432,93,107
240,548,116,130
122,322,90,167
150,451,15,11
199,288,51,60
108,229,159,147
97,229,170,147
97,229,170,147
97,229,170,147
97,229,170,147
97,229,170,147
97,229,170,147
97,229,170,147
97,229,170,147
97,229,170,147
97,229,170,147
97,229,170,147
97,229,170,147
97,229,170,147
97,229,170,147
97,229,170,147
99,229,168,147
121,238,150,141
48,31,196,199
13,27,202,163
66,87,159,137
120,217,147,142
127,230,135,129
163,220,93,26
163,220,81,24
112,330,104,29
111,226,144,134
120,219,147,141
111,219,156,141
111,219,156,141
111,219,156,141
111,219,156,141
111,219,156,141
111,219,156,141
111,219,156,141
111,219,156,141
111,219,156,141
111,219,156,141
111,219,156,141
111,219,156,141
111,219,156,141
111,219,151,136
111,219,156,141
111,219,156,141
118,219,149,141
115,215,152,145
