788,1,144,480
789,1,146,480
789,1,146,480
790,1,145,479
788,1,145,478
787,1,143,476
784,1,144,476
784,1,143,474
783,1,145,476
781,1,145,475
781,1,144,476
785,1,141,476
786,1,142,478
784,1,145,479
789,1,145,480
790,1,148,480
791,1,149,480
790,1,150,479
790,1,148,479
789,1,147,477
788,1,145,476
788,1,145,477
787,1,144,477
786,1,143,477
787,1,142,477
787,1,140,477
787,1,140,478
787,1,140,479
787,1,141,478
786,1,144,478
787,1,144,479
787,1,142,479
787,1,144,479
787,1,144,479
787,1,144,479
788,1,143,476
788,1,143,476
788,1,143,475
788,1,141,475
788,1,141,477
787,1,141,477
787,1,140,477
784,1,143,476
785,1,142,477
785,1,142,478
785,1,141,479
785,1,143,479
788,1,144,479
789,1,146,479
788,1,149,477
788,1,151,476
790,1,150,474
790,1,148,477
788,1,150,477
788,1,149,478
789,1,146,479
789,1,146,477
786,1,147,478
786,1,145,478
787,1,143,478
