491,517,221,116
468,452,222,174
341,383,344,106
474,82,316,146
589,147,306,81
622,159,298,77
630,177,297,63
625,179,298,72
625,181,299,71
617,181,299,63
616,183,300,68
616,182,300,70
616,182,300,69
616,181,300,71
616,181,300,71
616,182,300,69
616,182,300,69
616,182,300,69
616,183,300,68
616,183,300,68
616,183,300,68
623,184,293,67
623,184,294,67
620,141,298,147
545,433,269,220
490,570,298,96
490,570,298,97
490,570,298,97
494,570,294,97
493,561,294,112
484,547,294,126
400,443,296,214
351,396,332,94
453,184,347,129
595,80,310,109
681,132,302,72
686,164,313,85
688,174,310,81
694,178,309,75
694,183,311,73
693,198,312,74
693,203,312,73
694,207,311,74
694,208,311,74
694,208,311,74
694,208,311,74
693,208,311,73
693,208,311,73
693,208,311,73
693,208,312,72
697,208,309,73
697,210,309,71
697,210,309,71
697,208,309,73
695,102,282,180
449,220,317,179
275,544,320,118
274,547,322,118
275,546,322,117
275,546,322,117
