266,452,660,168
268,449,661,171
269,449,661,171
268,449,661,171
267,449,663,171
267,449,660,171
268,448,661,171
267,448,662,171
266,449,664,171
267,448,661,170
265,448,663,171
266,448,662,171
264,449,663,171
267,448,662,171
268,449,661,171
268,448,660,171
266,448,663,171
265,450,664,171
268,449,660,171
268,449,662,171
267,449,662,171
265,449,663,171
266,449,664,171
268,449,659,172
269,449,656,171
268,449,662,171
268,449,662,172
269,449,656,171
266,450,659,171
267,450,658,171
267,450,659,171
265,451,661,170
281,455,646,165
404,457,544,165
582,542,244,78
560,548,221,74
535,555,109,16
521,553,135,25
515,554,142,22
492,481,378,141
474,483,403,140
481,482,403,140
490,478,394,145
481,461,448,160
498,559,412,64
534,551,341,71
544,558,340,65
873,573,60,48
784,590,145,32
0,0,0,0
0,0,0,0
0,0,0,0
0,0,0,0
0,0,0,0
0,0,0,0
0,0,0,0
0,0,0,0
0,0,0,0
0,0,0,0
0,0,0,0
0,0,0,0
0,0,0,0
0,0,0,0
0,0,0,0
0,0,0,0
0,0,0,0
0,0,0,0
0,0,0,0
0,0,0,0
0,0,0,0
0,0,0,0
0,0,0,0
0,0,0,0
0,0,0,0
745,493,109,129
735,515,32,57
741,529,24,46
767,457,163,167
735,453,127,83
0,0,0,0
557,476,371,148
263,450,667,175
267,447,664,178
268,451,662,174
267,452,662,171
266,451,665,173
265,451,665,173
265,451,665,174
264,450,664,174
264,450,664,175
263,450,664,175
268,449,626,172
267,450,600,171
265,452,593,168
259,457,611,179
253,465,649,215
247,482,703,235
265,491,724,227
257,493,763,222
254,484,766,217
249,501,760,210
245,496,776,224
232,482,795,236
238,497,796,224
221,504,820,217
211,519,859,202
187,515,911,203
169,503,950,216
172,504,940,217
172,506,939,208
167,500,949,221
152,498,933,223
101,457,961,260
92,445,899,275
85,447,884,276
97,447,887,268
113,451,883,270
