46,175,119,119
51,172,111,122
56,173,101,124
58,172,93,125
59,172,88,126
59,172,82,125
61,171,81,125
66,170,93,128
60,175,95,129
52,172,71,130
68,239,14,20
168,169,26,25
345,263,50,18
0,0,0,0
40,307,52,8
188,333,47,13
0,0,0,0
237,178,104,90
118,114,93,162
56,177,136,83
67,162,101,133
67,158,94,140
73,162,90,139
72,159,83,130
68,152,83,118
82,144,43,126
107,138,22,99
175,176,159,58
235,268,147,33
94,284,151,32
102,313,152,14
245,332,15,14
266,317,55,13
234,171,82,87
179,126,61,161
134,149,108,114
122,142,113,118
117,143,111,119
106,145,119,119
102,147,123,120
101,147,123,121
107,148,121,119
116,150,117,111
124,148,112,108
133,148,105,106
141,144,103,114
147,138,96,121
149,132,93,119
144,131,101,116
134,133,111,112
123,134,119,109
109,136,125,107
96,136,127,109
88,136,125,111
80,137,123,111
77,138,120,112
79,140,119,110
85,140,120,109
94,140,123,108
106,139,122,105
117,137,127,105
128,137,131,105
144,137,130,107
150,137,135,106
149,138,134,107
149,137,125,112
143,149,121,99
129,155,135,98
126,151,136,108
131,150,129,116
156,152,102,107
132,130,22,150
155,150,17,163
158,128,23,160
140,132,35,155
109,132,65,140
97,137,78,134
97,166,74,93
249,150,115,102
234,233,111,76
235,306,18,20
247,299,19,20
301,263,33,13
274,255,28,24
249,245,80,13
306,193,92,64
318,260,26,14
239,285,138,16
242,289,140,15
249,288,103,35
242,288,94,41
241,286,83,42
243,270,77,56
222,257,107,69
189,256,150,70
162,248,156,68
149,241,152,58
139,238,153,46
138,237,151,15
122,212,153,41
114,241,142,21
104,245,139,33
140,249,97,29
140,249,97,28
139,249,97,30
139,251,99,31
140,252,99,32
142,252,98,34
143,253,99,34
145,254,98,33
147,255,99,38
149,256,101,42
149,255,102,49
148,256,101,55
147,257,96,62
145,258,94,62
147,258,93,61
147,258,96,61
147,259,94,60
146,260,89,59
147,259,93,60
147,261,88,58
149,260,91,58
151,259,95,58
149,260,93,58
154,262,89,57
156,262,92,56
155,264,84,55
159,265,86,55
163,263,96,55
164,260,98,57
161,257,97,62
173,187,12,13
109,146,99,58
111,128,109,93
112,132,122,102
108,140,135,102
96,141,136,96
86,140,131,107
86,145,139,110
97,149,145,87
108,151,143,82
134,157,136,83
167,155,118,88
194,149,99,104
133,123,117,119
151,148,80,100
162,154,74,108
163,153,76,110
163,152,74,111
161,151,71,112
160,151,70,113
159,152,69,114
157,155,68,113
155,157,67,110
154,157,63,109
156,154,47,111
155,146,21,111
149,159,120,29
301,242,85,20
0,0,0,0
0,0,0,0
109,281,14,10
223,311,13,13
222,311,14,11
222,310,15,12
227,302,15,12
233,287,19,11
243,275,14,10
244,266,13,12
245,257,14,16
249,258,12,15
256,255,20,15
282,256,13,13
0,0,0,0
416,273,14,13
414,279,14,11
409,263,18,31
406,264,17,32
407,264,17,29
407,264,17,30
408,264,15,29
406,263,16,31
407,263,16,30
398,276,14,15
370,250,16,66
322,238,44,81
269,221,106,107
316,167,90,137
406,96,55,164
468,56,34,166
463,61,58,157
445,67,59,150
424,57,33,160
398,61,19,157
370,59,15,160
349,61,14,158
342,60,13,159
326,78,36,152
289,125,76,137
276,190,81,54
0,0,0,0
179,95,25,155
153,87,27,160
149,98,24,148
146,120,22,137
148,131,19,133
143,120,18,142
139,130,20,132
135,139,18,127
130,143,20,124
134,147,19,121
123,133,35,127
126,134,32,127
118,134,43,126
125,142,33,120
131,138,27,127
139,131,19,134
142,131,13,135
141,134,13,130
126,98,17,157
85,58,67,167
94,76,68,167
144,127,13,139
143,124,15,144
139,118,33,149
137,110,49,139
137,98,46,149
125,118,107,126
121,153,154,89
129,157,141,80
129,157,137,79
139,153,128,97
141,188,137,70
140,229,124,37
153,234,88,39
182,215,50,52
197,142,70,109
196,130,95,115
179,154,133,90
159,166,149,79
151,178,153,68
146,186,147,57
151,191,140,49
159,195,141,47
162,190,148,52
164,183,144,63
164,178,149,69
206,184,106,43
208,188,105,42
207,187,107,43
209,190,105,42
207,198,108,34
203,197,109,36
211,140,99,68
140,70,66,103
97,148,151,77
111,146,134,107
119,145,131,105
118,144,138,95
114,141,143,83
102,148,146,76
94,156,142,90
95,159,138,102
106,163,139,100
121,156,128,110
98,149,89,119
110,156,56,138
108,159,64,139
105,160,57,138
102,162,51,135
102,162,52,133
103,161,49,133
104,161,49,131
103,162,75,131
142,171,86,112
148,166,113,105
144,152,77,115
124,170,55,117
126,169,52,120
122,165,60,117
120,165,72,112
171,160,13,116
190,230,16,11
210,195,83,35
198,166,45,76
173,133,100,108
171,134,101,106
157,129,86,112
145,114,51,121
142,115,47,126
138,117,56,122
135,118,58,119
133,119,64,115
130,116,68,114
130,116,69,111
128,113,71,108
128,112,72,105
129,113,73,104
129,114,77,103
131,115,75,103
138,122,73,98
0,0,0,0
174,146,136,69
242,134,77,61
210,120,69,114
227,124,60,110
243,126,49,110
250,129,43,113
258,158,40,81
261,158,47,79
256,157,54,86
203,120,98,128
0,0,0,0
57,123,56,26
116,120,27,12
