819,246,23,386
804,164,82,468
790,233,153,372
785,232,177,384
792,224,171,387
815,202,112,364
749,179,93,277
731,164,80,302
728,166,85,296
723,166,92,297
724,166,92,298
725,167,91,299
726,169,91,298
732,168,82,294
731,167,85,273
741,164,62,280
755,141,42,323
753,157,47,287
767,147,21,322
769,160,21,294
766,158,20,298
746,173,66,273
741,164,74,299
754,140,33,334
759,132,24,345
755,130,30,354
748,136,43,352
750,146,37,336
754,143,27,345
762,145,21,338
741,141,60,331
685,179,171,232
720,248,167,94
532,202,356,96
700,230,195,36
706,191,186,42
734,151,114,53
727,118,115,49
591,66,289,128
454,20,390,236
323,28,413,300
231,80,404,297
203,130,413,259
197,156,432,233
203,150,433,237
190,135,410,262
158,133,358,295
132,157,284,308
111,206,211,297
94,286,119,251
84,386,25,189
1,543,103,63
1,614,125,24
1,611,173,37
1,609,180,39
1,582,189,68
1,494,206,171
39,300,186,359
88,498,129,91
76,449,148,161
83,450,140,160
88,454,138,157
103,458,123,153
109,461,117,149
114,465,112,148
120,467,103,145
125,460,96,153
135,457,85,154
152,463,66,142
167,473,49,129
159,488,56,114
125,491,90,115
57,501,166,115
1,528,259,101
1,562,340,79
4,585,487,62
213,607,369,30
508,593,308,43
688,583,181,67
712,594,131,56
728,588,114,27
822,336,29,320
786,277,203,379
822,524,132,91
835,466,133,163
809,467,214,159
710,495,355,139
540,531,471,120
342,579,453,63
220,599,240,19
187,568,27,36
84,549,144,36
82,552,155,27
102,556,143,27
115,565,148,26
124,567,160,26
149,557,175,26
194,544,195,38
221,529,203,55
181,534,185,59
95,560,148,55
