419,202,106,65
218,230,175,48
215,247,172,58
223,245,169,67
232,254,160,52
259,227,156,79
263,229,157,52
277,235,153,49
286,236,154,39
283,238,165,42
286,245,164,57
297,233,160,69
315,234,154,65
334,225,145,69
337,221,136,79
320,228,137,80
308,222,144,79
313,224,146,74
322,223,146,67
322,211,145,73
328,218,128,87
349,311,104,45
432,202,29,102
350,79,131,29
324,74,128,51
394,79,100,63
379,207,97,100
286,247,160,82
269,269,167,66
337,327,175,34
462,225,136,81
383,252,115,32
393,276,101,28
390,268,103,34
397,266,100,25
403,267,100,24
405,271,104,26
414,312,80,63
462,240,44,80
542,121,94,49
591,95,75,24
583,103,36,73
494,218,89,42
461,264,93,34
399,270,148,40
450,290,81,80
509,251,49,68
619,210,66,41
601,185,21,99
483,264,98,37
373,287,174,33
360,286,179,35
456,298,39,76
475,288,59,48
489,351,94,40
524,305,94,71
556,241,46,47
329,271,165,51
305,271,177,54
503,240,51,51
505,223,55,49
316,260,52,37
519,204,56,47
560,236,17,121
437,284,46,130
323,227,161,79
309,256,178,37
298,254,179,39
290,279,176,45
295,250,168,73
347,303,85,86
461,301,158,80
470,165,53,28
314,249,32,100
321,281,55,27
518,216,46,77
327,191,161,78
309,233,166,70
529,216,66,68
430,240,45,15
350,245,19,17
558,237,43,85
455,309,93,107
321,229,146,100
317,215,171,53
321,256,174,41
306,284,173,48
310,249,182,58
317,322,177,51
505,285,68,138
502,214,97,63
461,279,87,50
487,247,83,51
564,199,75,51
503,248,76,41
426,251,124,48
453,276,74,51
453,274,85,29
457,287,95,44
489,222,95,44
525,210,120,55
473,250,102,41
529,206,30,77
447,226,113,101
405,239,136,67
371,229,160,76
350,266,160,33
463,261,129,90
467,226,150,64
463,246,99,53
475,228,82,66
498,59,109,95
613,74,60,137
515,175,121,78
424,188,144,50
369,229,155,46
345,235,162,47
368,225,154,59
390,211,153,52
549,175,88,70
452,211,114,42
403,199,148,54
380,250,155,43
382,219,156,48
404,238,152,40
487,226,89,94
547,103,59,91
480,179,94,51
445,180,115,84
406,207,143,71
386,235,152,50
389,206,143,75
389,244,151,46
463,84,74,146
574,61,43,138
475,164,112,86
371,203,146,42
346,262,159,49
326,246,167,50
331,243,164,62
318,275,171,45
319,267,173,48
312,260,173,51
352,302,116,50
479,246,79,93
569,171,107,72
549,247,119,38
419,252,150,45
388,283,145,48
387,269,146,33
391,270,147,37
387,275,137,41
399,278,141,44
416,287,121,49
533,207,112,57
537,235,117,45
441,246,121,60
463,302,81,29
449,308,74,31
448,285,86,23
393,278,155,55
455,308,56,43
461,82,16,119
468,71,18,122
485,89,48,130
511,147,76,124
367,211,153,71
329,256,164,48
323,235,167,54
469,220,65,53
512,216,64,47
285,230,84,58
497,178,47,32
537,246,26,127
405,304,129,79
311,239,176,24
309,226,177,42
313,240,151,107
301,250,175,63
326,259,171,52
331,249,170,52
316,243,177,43
315,292,172,41
332,318,164,56
566,201,135,46
289,260,88,53
289,276,95,32
523,251,88,14
362,264,68,32
297,249,170,59
331,229,152,58
510,212,79,57
427,244,49,22
345,239,28,26
594,185,14,86
409,253,153,86
290,283,144,65
320,226,172,45
324,235,176,38
325,252,151,97
305,255,171,65
347,321,108,57
433,313,158,78
501,186,110,37
274,250,117,40
379,311,17,21
534,208,38,46
421,200,111,127
333,216,166,80
463,200,101,101
544,164,99,80
272,250,101,21
344,257,42,10
526,240,59,115
368,309,52,121
309,215,118,123
298,211,172,69
296,258,174,47
305,255,164,53
347,260,150,66
302,302,176,43
402,138,46,181
403,129,76,183
421,144,67,179
434,181,88,137
293,248,184,63
249,294,191,44
238,276,178,42
259,270,178,62
361,317,165,77
437,226,163,47
421,254,111,47
407,313,104,54
449,121,119,48
613,51,36,34
569,140,79,95
470,197,117,78
410,208,146,78
