633,425,10,8
652,427,9,9
635,433,9,8
594,436,9,7
577,445,9,10
613,454,10,9
700,464,9,8
783,474,9,8
811,486,9,8
823,497,10,8
829,506,10,9
826,514,10,8
793,516,10,9
693,518,10,9
574,521,11,9
489,524,10,8
347,524,10,9
312,517,4,4
205,521,10,9
245,518,11,8
376,511,11,8
506,509,11,8
541,505,10,8
524,501,11,8
501,500,10,8
478,499,10,8
453,496,11,9
0,0,0,0
384,500,7,8
389,502,8,8
427,507,11,7
503,508,9,8
560,513,10,9
604,509,10,9
619,507,11,10
618,507,10,9
601,503,11,8
573,505,10,8
540,507,12,9
520,515,11,8
499,524,11,9
486,527,10,9
471,524,10,9
454,527,12,8
451,497,12,9
447,521,12,10
438,527,10,9
431,536,10,10
430,541,12,9
439,529,12,10
413,525,13,11
423,540,12,10
446,526,12,9
452,536,12,12
423,541,12,10
402,528,12,10
438,524,13,10
481,524,14,10
531,540,13,10
602,538,12,9
604,542,8,8
585,537,13,9
586,538,4,6
591,529,13,11
471,514,5,7
344,498,14,12
248,492,14,14
206,485,7,11
218,478,12,10
239,490,12,12
274,489,13,11
318,503,11,10
344,511,12,9
375,500,12,12
400,487,11,12
417,490,11,12
420,484,11,10
378,480,9,8
281,465,11,9
328,441,8,11
380,436,10,10
0,0,0,0
417,452,9,10
411,459,11,10
409,443,12,10
413,445,11,7
416,454,12,9
408,463,12,9
434,470,13,10
457,474,9,15
462,491,11,9
470,486,9,11
496,502,8,7
0,0,0,0
720,510,11,10
867,511,14,11
892,523,14,11
786,532,15,13
724,528,14,13
765,511,14,13
842,504,14,15
905,519,15,13
943,509,16,15
925,533,16,14
818,549,15,14
657,550,16,16
943,377,15,14
