380,505,13,14
343,491,11,10
354,484,10,10
391,474,10,10
416,468,10,9
404,470,10,8
434,467,10,10
492,482,10,7
543,444,10,9
581,447,12,10
604,467,11,9
593,416,9,8
527,419,10,10
457,466,10,9
398,502,9,8
371,489,10,9
443,433,9,7
495,349,10,9
582,317,9,9
660,319,10,10
693,367,9,9
704,429,8,8
764,366,8,9
776,352,9,9
779,379,9,9
795,396,9,9
810,371,8,8
797,386,8,7
772,424,9,8
740,416,8,8
717,433,9,6
689,435,9,8
658,436,8,8
631,451,7,6
611,439,7,6
645,442,7,11
669,490,7,7
664,487,8,7
657,507,7,7
650,509,7,7
651,512,8,8
0,0,0,0
722,529,8,8
760,536,8,8
784,543,9,8
809,549,8,8
808,563,9,9
744,580,10,10
715,586,9,8
725,590,9,8
751,583,9,8
778,582,8,8
800,582,9,8
0,0,0,0
809,589,10,8
791,596,10,11
0,0,0,0
763,618,10,10
0,0,0,0
650,628,7,5
599,640,10,10
624,641,11,8
706,628,11,11
789,598,10,9
851,580,9,10
861,556,9,10
853,557,10,10
847,554,10,8
845,546,9,9
838,542,9,7
829,536,9,9
797,533,9,8
728,532,9,8
662,532,9,8
619,534,9,8
605,538,7,8
609,547,9,10
634,554,9,7
654,558,9,9
676,560,9,9
673,561,9,8
669,561,8,10
680,556,9,9
699,557,8,9
732,556,9,9
774,555,9,9
863,556,13,8
0,0,0,0
953,544,8,9
949,535,10,9
930,524,9,8
914,525,5,7
890,515,8,9
881,513,8,8
882,510,7,8
879,505,8,7
0,0,0,0
0,0,0,0
0,0,0,0
780,439,7,9
0,0,0,0
646,407,8,6
599,463,8,7
514,476,8,8
408,475,8,7
315,488,9,8
256,485,9,7
227,487,7,7
211,485,8,8
215,480,4,5
220,471,9,8
227,464,8,9
236,458,8,6
242,449,8,7
205,442,9,7
151,436,8,8
134,424,9,7
159,417,8,8
184,407,7,7
0,0,0,0
304,392,9,5
380,377,8,8
367,364,8,8
337,364,8,6
311,360,4,5
266,351,8,6
222,346,7,6
73,341,9,8
0,0,0,0
0,0,0,0
0,0,0,0
1,350,3,6
2,355,8,7
30,355,7,6
56,361,8,7
103,394,8,6
168,425,7,6
245,432,8,7
328,435,7,7
400,443,7,7
0,0,0,0
484,450,7,7
491,471,8,7
517,453,8,7
544,435,9,8
531,438,8,7
470,431,7,6
495,425,9,7
504,411,8,7
503,430,9,7
