598,537,13,13
600,541,11,9
585,543,11,8
665,509,10,9
737,501,11,8
790,524,10,8
797,513,11,8
785,526,10,7
0,0,0,0
689,526,10,7
683,493,10,9
762,422,10,10
839,380,10,9
898,374,9,8
933,401,9,9
955,463,11,10
952,477,10,8
938,485,9,8
917,507,10,10
889,477,10,8
847,451,10,9
796,468,11,10
755,516,9,9
743,514,9,9
752,523,9,9
765,531,5,8
773,530,6,7
772,533,6,8
758,541,6,8
743,546,10,8
722,551,10,8
699,555,9,7
672,559,10,8
646,561,10,8
629,561,9,8
635,559,8,7
816,491,11,8
811,499,8,8
772,546,9,8
0,0,0,0
663,520,7,8
0,0,0,0
0,0,0,0
496,509,10,9
458,500,9,8
440,494,9,7
453,488,9,7
487,482,8,7
519,479,8,7
547,476,8,7
576,474,7,7
614,475,3,5
500,460,8,5
386,467,9,6
326,460,7,6
306,470,9,7
341,464,9,6
376,466,8,7
413,466,8,7
462,468,8,7
506,460,8,8
548,458,8,7
584,464,8,8
559,436,9,7
546,420,10,10
550,433,8,8
553,476,9,8
560,464,9,8
540,474,10,7
520,482,9,8
520,479,10,7
533,476,10,8
526,448,10,8
511,451,10,10
512,488,10,8
526,558,10,9
550,554,11,9
557,558,10,9
542,597,10,11
531,610,11,10
507,627,12,9
473,638,11,11
431,639,13,9
389,639,12,9
355,644,10,9
349,636,10,8
348,634,10,8
352,629,10,8
378,617,10,8
414,603,10,8
456,588,10,8
485,574,9,8
500,561,9,7
496,548,9,7
502,540,9,8
556,544,8,8
595,546,8,7
621,547,8,7
635,548,8,7
641,546,7,7
641,552,8,6
638,553,8,6
635,548,8,7
630,540,8,6
623,532,8,7
609,528,8,6
589,524,9,6
571,521,9,6
561,520,8,7
551,520,8,7
543,518,8,7
538,518,8,7
585,508,8,7
660,512,9,8
730,520,9,8
787,523,8,8
814,533,8,6
820,542,9,7
810,545,10,7
798,547,9,8
757,549,9,7
876,533,9,8
970,540,9,7
1010,517,9,7
1048,524,9,6
1067,512,9,7
1080,510,9,8
1076,512,9,6
1065,511,9,7
1050,512,8,9
1031,515,10,8
1006,520,9,8
982,526,9,9
961,534,9,7
937,540,10,8
896,548,8,8
865,560,9,8
972,535,9,6
1112,502,10,7
1228,478,8,7
0,0,0,0
0,0,0,0
1216,463,9,6
1113,461,8,6
1008,448,7,7
929,438,7,7
0,0,0,0
851,431,5,5
821,435,7,3
793,431,6,5
769,431,6,5
85,292,52,107
746,430,5,5
743,429,5,4
740,433,5,5
735,433,5,5
735,437,6,4
737,438,7,5
735,441,5,4
726,444,5,5
713,448,6,5
0,0,0,0
0,0,0,0
0,0,0,0
0,0,0,0
672,476,4,3
680,479,6,5
691,481,7,5
703,483,7,5
716,483,7,6
0,0,0,0
769,485,6,4
811,484,7,6
854,486,6,5
876,488,6,7
881,490,7,6
862,492,7,7
836,495,8,7
812,499,7,6
791,502,8,6
