592,504,10,10
576,510,6,6
557,513,6,6
530,516,6,5
514,520,7,6
510,524,6,6
509,528,7,6
500,532,6,6
492,534,7,6
486,534,7,6
495,528,6,5
461,501,7,5
411,477,8,7
376,476,8,8
356,498,8,7
342,543,8,8
329,605,8,7
334,582,8,7
344,580,8,8
357,606,8,7
374,600,10,8
389,606,9,9
397,614,9,8
407,615,9,9
424,616,10,8
436,618,10,8
448,615,9,8
468,609,10,9
492,595,10,8
521,571,9,8
556,547,10,8
594,529,9,7
633,515,10,7
675,506,9,7
715,501,8,7
604,488,9,8
487,501,10,8
408,497,9,7
353,503,8,7
337,500,8,7
349,491,8,8
367,500,9,7
389,505,8,7
0,0,0,0
442,526,8,6
472,533,7,6
492,536,8,7
507,541,4,4
513,542,6,3
522,537,5,6
529,538,8,7
0,0,0,0
0,0,0,0
527,542,8,6
524,543,8,6
532,544,8,7
541,545,8,8
541,547,8,7
537,550,7,7
535,552,8,7
598,553,9,7
655,555,8,7
699,556,10,7
727,558,9,7
729,560,8,8
709,561,8,7
679,561,8,8
636,562,9,8
662,562,8,7
716,563,6,7
747,564,9,7
0,0,0,0
787,564,9,8
792,563,9,8
782,562,9,7
751,560,7,8
808,510,8,9
854,490,9,7
0,0,0,0
917,504,6,6
907,489,8,7
898,503,7,8
865,490,4,6
830,511,10,8
791,515,10,9
762,541,8,8
755,548,9,9
765,546,9,8
778,553,9,7
784,556,9,8
781,557,8,7
766,558,9,7
755,563,8,7
757,562,7,7
767,559,8,6
767,556,8,8
751,554,9,8
646,549,11,8
535,546,5,6
447,548,9,7
383,540,9,7
340,540,9,8
0,0,0,0
330,542,7,6
353,537,9,7
392,533,9,7
435,530,9,8
486,529,9,7
541,527,9,7
589,527,9,6
636,527,8,6
666,520,8,7
654,506,8,6
648,490,8,7
640,482,4,5
632,480,7,5
639,484,4,4
653,484,9,7
650,467,9,6
641,480,8,6
621,528,8,6
619,531,9,7
635,554,8,7
652,558,8,6
672,566,9,7
0,0,0,0
0,0,0,0
770,572,9,9
774,566,8,8
768,570,9,7
757,570,8,7
747,568,9,6
743,566,9,9
740,565,9,7
735,564,9,8
729,563,9,8
722,563,9,7
713,561,9,8
706,559,8,8
698,556,8,9
693,556,9,8
688,555,8,9
682,554,9,7
675,553,9,8
667,553,9,8
654,553,9,8
630,555,10,9
606,566,10,8
584,579,10,7
567,577,10,9
569,583,10,10
586,593,10,10
608,597,10,9
636,599,10,9
664,601,10,8
656,599,12,10
501,610,12,9
390,632,11,11
334,646,11,10
320,653,10,11
334,651,12,11
361,643,12,9
402,637,11,11
459,627,11,10
537,615,11,10
640,604,12,9
755,597,9,10
768,562,11,10
785,565,11,10
789,601,11,10
775,639,10,10
745,620,10,9
704,620,10,9
648,607,9,8
598,583,9,7
545,586,10,7
518,555,9,7
511,547,9,9
512,528,9,7
524,515,8,6
