670,444,11,9
666,448,7,8
656,447,7,8
645,452,7,9
635,455,7,8
623,443,9,9
614,433,9,10
610,437,7,10
611,439,8,9
616,442,8,9
617,445,8,8
521,447,8,9
456,451,8,9
419,455,5,9
402,455,8,10
0,0,0,0
0,0,0,0
0,0,0,0
0,0,0,0
0,0,0,0
0,0,0,0
0,0,0,0
689,497,9,11
687,499,8,9
643,492,8,9
617,488,8,9
0,0,0,0
0,0,0,0
0,0,0,0
0,0,0,0
0,0,0,0
0,0,0,0
0,0,0,0
0,0,0,0
0,0,0,0
0,0,0,0
0,0,0,0
0,0,0,0
0,0,0,0
0,0,0,0
0,0,0,0
0,0,0,0
799,419,9,9
808,417,9,9
809,437,7,10
806,431,7,9
810,431,7,9
712,388,8,10
0,0,0,0
0,0,0,0
528,416,7,8
541,431,7,8
551,436,7,7
573,436,7,8
608,439,7,8
612,441,6,8
615,443,7,6
644,439,5,5
666,447,6,7
694,448,5,6
760,450,8,7
785,449,6,6
755,455,5,5
695,462,8,5
0,0,0,0
673,460,6,7
738,463,7,7
798,471,6,7
870,474,6,6
939,484,8,7
954,490,8,5
939,493,6,7
925,494,6,6
904,489,7,7
936,487,8,7
939,483,8,7
868,477,7,7
790,471,7,8
727,469,7,7
687,466,6,5
664,458,7,5
648,457,8,6
643,456,6,6
647,454,7,6
663,449,7,7
690,442,7,7
735,439,7,7
789,435,7,6
660,428,7,5
551,424,6,7
527,421,7,7
505,421,7,6
432,415,7,6
423,408,9,8
380,419,7,6
327,502,8,8
319,516,9,9
386,520,7,8
447,508,7,7
450,504,8,8
475,492,8,8
485,494,9,8
488,491,8,8
531,485,8,8
594,486,8,7
628,480,9,8
660,479,8,9
689,474,7,7
735,468,8,7
604,443,9,6
165,395,7,7
0,0,0,0
0,0,0,0
0,0,0,0
0,0,0,0
0,0,0,0
0,0,0,0
0,0,0,0
0,0,0,0
0,0,0,0
11,266,7,6
123,326,5,6
172,352,7,5
308,332,7,5
311,332,8,5
347,336,7,8
399,344,7,5
432,344,6,7
468,358,6,6
519,370,5,6
559,379,5,6
571,377,6,7
571,373,6,7
530,374,7,5
505,376,7,6
523,375,6,6
538,386,5,5
541,395,6,5
540,406,7,5
528,411,5,5
502,412,6,4
0,0,0,0
0,0,0,0
0,0,0,0
0,0,0,0
0,0,0,0
0,0,0,0
482,414,5,5
509,422,4,5
