263,402,12,12
280,410,8,7
283,411,8,6
251,415,6,6
208,415,6,7
210,417,7,7
229,418,7,7
251,421,8,7
249,424,8,8
232,429,9,7
240,432,9,7
259,435,8,7
293,435,8,8
340,441,8,8
348,459,9,7
311,478,8,8
287,482,9,9
289,482,11,10
287,487,10,10
263,495,11,10
271,496,11,12
0,0,0,0
435,474,12,12
537,461,12,12
610,434,12,11
624,429,12,12
567,460,11,12
0,0,0,0
620,518,7,5
644,480,12,12
626,487,11,10
576,489,11,11
0,0,0,0
899,371,13,11
1010,394,11,10
1025,473,12,11
993,480,13,11
850,465,11,10
791,495,11,9
797,536,11,8
767,536,11,10
651,543,12,10
516,545,10,10
432,561,10,11
411,575,11,10
504,555,10,10
586,555,10,11
624,553,11,10
592,548,11,9
832,516,9,7
1091,542,12,11
1203,571,11,11
1206,593,10,10
1068,597,12,11
1045,589,11,12
1097,567,10,8
1176,554,10,9
1200,549,11,11
1178,551,12,11
1148,569,11,8
1149,577,11,11
1152,585,11,10
1114,600,12,12
997,611,12,9
756,620,12,10
480,624,12,10
332,625,11,11
347,630,12,11
459,621,11,13
564,625,12,13
627,624,12,12
0,0,0,0
616,632,11,11
584,643,10,10
558,642,11,11
569,636,11,10
602,636,12,11
471,625,12,11
284,626,12,10
139,618,12,10
65,600,13,12
316,594,14,15
275,574,12,11
330,548,12,11
364,530,10,10
420,519,11,9
480,508,11,10
513,509,7,8
0,0,0,0
0,0,0,0
471,521,10,8
0,0,0,0
405,536,10,9
390,514,10,11
0,0,0,0
381,532,6,8
388,540,5,5
396,545,7,8
405,535,9,9
431,530,8,8
