596,396,280,270
598,393,278,271
596,393,281,272
596,393,279,271
598,393,280,271
597,391,282,268
602,395,276,267
601,395,279,272
598,394,277,270
599,392,275,274
598,393,278,272
597,394,276,269
597,396,277,270
598,392,279,275
599,395,278,268
597,396,278,267
600,395,273,266
599,396,274,266
597,395,279,271
597,396,277,271
600,395,276,268
600,395,275,268
599,394,276,269
597,396,281,269
606,397,271,267
609,398,263,265
614,396,263,264
617,398,258,263
617,394,259,271
807,394,66,254
0,0,0,0
597,409,78,145
597,401,226,263
599,398,278,268
594,391,285,274
641,378,317,301
