585,158,135,397
619,170,142,378
630,173,166,345
604,189,218,232
601,148,316,319
645,189,363,307
623,245,440,325
595,100,439,457
539,32,440,424
509,136,326,415
317,300,507,301
389,330,502,272
470,317,494,291
580,327,510,285
636,335,550,285
622,337,659,274
714,334,566,270
864,315,416,283
972,300,308,290
1066,297,214,292
999,320,281,257
1045,332,235,242
1093,313,187,257
0,0,0,0
0,0,0,0
0,0,0,0
0,0,0,0
0,0,0,0
0,0,0,0
1139,249,141,283
1099,249,180,282
1041,254,239,278
985,255,295,278
920,245,360,288
817,242,463,288
669,282,539,288
552,304,559,290
488,313,548,294
444,321,545,301
432,332,549,299
430,340,557,295
453,339,556,304
