425,4,520,163
340,70,508,127
282,198,287,86
345,272,383,47
337,268,395,89
303,189,393,133
313,22,421,304
507,98,210,43
409,15,462,316
685,149,348,203
569,248,481,154
579,222,475,181
720,192,332,171
717,183,305,204
719,300,67,95
577,357,286,41
525,360,367,41
350,368,508,35
346,368,468,40
327,363,462,32
298,357,481,30
278,347,504,36
280,339,527,48
313,324,523,78
403,321,452,83
316,287,552,105
313,178,564,97
336,112,549,55
346,67,540,81
350,40,542,78
346,33,544,52
341,37,547,53
338,38,549,55
344,78,544,57
346,195,546,64
333,329,546,56
341,321,540,74
355,313,551,78
374,320,546,79
397,323,528,113
412,305,507,148
445,265,465,194
468,235,433,249
491,221,395,289
492,210,391,308
505,201,374,330
510,187,370,361
512,182,365,376
522,176,345,396
531,170,328,413
529,169,322,409
525,170,320,404
519,170,325,401
513,152,328,409
499,138,349,396
485,143,370,392
466,141,385,385
430,127,448,317
385,99,531,110
376,43,528,52
377,47,517,49
366,45,523,50
366,45,524,49
365,49,519,46
362,52,520,48
356,53,523,49
360,59,520,46
371,53,510,59
368,51,514,63
364,52,517,61
366,58,514,53
367,58,514,53
368,54,511,60
371,54,506,70
371,52,505,79
370,50,505,90
369,46,503,99
373,49,498,98
410,59,457,59
431,58,403,70
454,55,343,97
485,65,267,77
518,75,196,52
554,89,116,43
367,85,305,51
260,67,491,95
288,50,479,137
329,36,429,163
312,36,449,176
267,48,484,155
327,67,353,119
544,80,79,53
433,63,423,95
375,21,503,169
405,1,419,217
480,1,292,234
499,1,265,233
439,1,358,226
387,1,474,206
408,73,500,73
521,36,303,134
537,11,148,175
329,82,481,70
327,60,497,155
412,63,275,198
462,93,60,139
297,135,266,139
227,212,492,101
270,234,456,85
277,242,453,83
333,247,399,73
327,245,401,78
324,238,402,86
279,225,444,99
292,221,430,101
307,220,406,104
297,216,408,108
293,212,404,109
253,200,433,122
236,194,442,131
242,209,435,109
180,213,489,99
175,216,495,99
179,215,490,96
182,215,491,98
174,195,347,81
184,149,336,124
193,149,335,129
299,202,399,126
287,235,437,80
277,246,447,64
272,225,450,95
308,209,397,114
287,187,402,135
238,129,287,131
270,46,252,200
385,1,164,300
488,1,54,308
450,1,191,278
405,2,324,242
347,46,463,144
310,72,527,85
372,1,437,213
515,1,232,242
593,1,39,110
601,1,106,143
467,43,374,126
415,63,458,142
419,1,438,313
521,1,271,394
680,1,66,408
670,101,337,260
671,136,362,228
670,132,366,232
670,129,361,228
675,131,362,230
673,130,364,229
676,129,364,231
675,135,369,226
678,138,367,220
681,138,366,220
681,140,370,217
681,136,370,225
682,138,369,222
682,140,371,217
682,139,369,217
685,132,367,226
685,93,352,266
696,14,271,337
700,1,82,361
515,1,223,417
332,39,410,377
262,99,472,317
244,129,478,287
244,154,478,256
270,181,454,216
304,201,434,147
322,198,426,128
340,192,393,157
342,153,394,256
336,138,398,293
333,134,402,303
333,135,407,302
324,135,414,293
319,133,415,301
314,123,414,314
320,125,404,303
325,122,399,311
321,117,404,320
324,122,399,315
314,114,414,327
311,108,414,330
309,102,418,333
306,103,424,330
336,127,413,273
330,91,519,188
347,74,535,100
368,31,522,125
371,23,519,135
372,35,518,108
377,42,509,129
387,62,506,108
514,1,305,187
288,91,526,60
406,135,141,146
292,263,433,50
304,268,419,60
281,258,441,63
318,191,377,119
487,3,81,201
282,34,511,141
581,1,104,148
375,56,497,159
693,1,175,382
685,201,345,163
697,213,348,148
691,178,362,184
818,87,126,96
611,52,175,97
451,1,421,206
320,34,505,128
451,104,106,219
293,272,449,51
324,263,418,70
255,252,475,44
343,63,212,203
302,19,461,237
566,1,58,131
382,91,524,58
717,1,111,396
566,223,484,193
568,243,481,171
572,229,480,189
582,208,473,211
705,181,341,197
714,146,258,260
738,102,70,376
632,84,166,444
571,68,229,492
679,169,83,220
703,37,44,474
699,1,59,483
641,11,128,331
481,81,261,479
480,84,119,413
425,196,143,207
482,2,106,520
552,181,118,174
547,190,219,437
593,154,123,247
712,279,36,120
688,1,82,410
559,141,203,233
488,52,101,336
465,48,98,500
564,284,46,40
554,117,206,503
691,285,51,116
696,1,80,456
486,90,273,415
481,207,44,164
458,5,166,504
520,180,149,267
597,185,152,271
721,63,60,448
630,96,179,216
495,12,216,538
427,195,148,308
507,60,142,402
516,177,229,382
616,206,103,160
698,54,75,450
613,74,195,270
487,9,247,521
455,202,102,201
484,1,152,506
559,231,128,321
540,126,203,498
674,308,34,30
686,104,60,343
676,1,83,491
646,2,105,463
507,206,255,231
298,343,511,189
305,319,529,210
330,318,482,181
353,313,419,158
363,308,388,147
378,315,383,128
385,311,386,130
385,316,399,102
384,313,405,63
382,194,370,229
429,96,257,372
475,49,151,443
516,16,68,477
543,1,26,488
551,1,38,479
561,1,54,473
565,1,67,467
567,1,77,468
568,1,79,460
570,1,73,470
571,2,65,474
579,1,39,475
586,1,24,475
581,1,27,473
582,1,28,471
588,1,26,468
589,1,41,458
590,1,64,436
585,2,99,409
577,1,125,401
574,1,128,405
576,1,113,410
585,1,97,415
586,1,89,422
589,1,66,408
568,3,56,447
537,1,88,465
545,1,63,461
550,1,42,404
536,1,54,392
528,1,61,386
530,1,59,378
529,1,62,375
532,1,60,375
533,1,54,378
535,1,53,377
533,1,53,373
534,1,52,370
529,1,55,373
533,19,48,350
542,88,41,279
543,147,44,208
540,211,51,123
545,256,51,87
550,307,45,55
552,328,48,56
556,348,45,100
564,378,49,120
576,395,62,145
546,270,114,304
544,261,121,354
541,246,120,396
545,225,114,435
540,228,134,378
543,281,139,75
543,3,129,385
551,1,74,494
565,1,50,440
568,1,49,439
572,1,41,437
576,1,33,391
570,4,44,361
564,117,45,233
562,276,51,79
568,367,57,150
583,408,73,183
554,210,118,405
544,199,153,438
537,187,185,459
532,179,203,477
528,168,220,494
525,160,234,502
525,155,247,508
527,143,248,517
530,136,243,522
530,129,241,520
533,128,238,515
538,124,234,511
544,127,226,501
567,125,187,497
588,122,157,496
601,124,141,486
614,128,125,472
618,135,117,464
618,134,115,467
626,133,104,460
633,138,100,445
647,137,84,447
662,139,67,438
674,141,54,425
686,145,40,410
684,150,52,389
674,155,76,368
674,159,85,349
671,163,97,329
675,161,100,318
689,174,95,243
689,204,97,189
680,240,106,137
709,295,74,30
706,294,77,68
681,227,107,166
671,177,121,256
668,121,121,340
664,73,113,399
667,18,93,457
669,1,73,468
672,1,52,490
677,1,46,451
689,1,36,436
697,1,84,415
698,1,45,377
688,92,44,248
674,172,56,145
659,254,60,53
624,236,113,167
596,199,141,280
544,165,186,422
521,140,197,483
507,118,191,533
491,102,188,548
490,100,156,526
508,113,97,459
515,141,48,381
505,186,43,306
481,261,69,62
468,229,117,140
472,149,132,282
458,77,171,392
451,24,192,455
483,1,146,480
522,1,73,467
541,1,44,439
532,1,50,411
527,1,54,371
512,1,80,331
525,1,69,333
532,1,61,334
538,1,56,330
533,1,61,333
532,1,61,331
535,1,56,322
541,97,53,227
553,273,50,56
577,352,63,108
545,261,147,324
537,223,197,437
536,178,210,513
556,139,174,529
596,130,125,469
625,150,99,373
656,218,69,221
688,308,38,34
704,281,56,133
671,157,109,309
667,84,119,407
666,21,117,472
646,1,107,486
644,2,81,481
648,1,74,497
668,32,33,368
650,258,58,92
623,275,82,67
574,273,149,174
506,185,248,417
489,125,245,532
506,111,164,495
510,114,87,411
509,178,33,183
455,123,174,273
519,101,95,390
563,1,37,331
561,1,40,337
566,1,38,380
562,38,46,339
573,180,57,173
559,273,129,125
555,218,182,378
550,168,210,497
539,146,231,486
513,160,270,456
514,176,227,422
534,199,127,387
509,302,71,214
365,301,207,69
345,117,226,197
396,40,205,319
418,31,182,297
407,38,200,306
352,64,247,270
302,118,413,285
294,124,415,283
291,125,416,286
284,131,428,273
276,139,440,262
267,150,451,247
256,163,463,230
248,175,474,211
243,195,480,186
242,204,485,174
270,137,447,261
345,46,239,269
410,7,179,302
396,9,196,293
313,52,387,353
259,138,452,244
222,224,499,140
215,304,508,54
232,273,494,156
250,255,469,218
271,238,441,272
302,221,401,325
359,198,322,390
491,333,84,147
508,161,118,497
576,154,55,519
548,146,176,521
533,148,258,498
519,157,335,445
504,180,360,324
493,225,460,264
493,267,490,132
503,291,497,41
536,211,451,166
569,127,381,297
627,59,264,384
663,1,172,456
678,1,91,458
672,1,43,447
632,1,53,443
582,2,101,446
513,1,175,439
423,1,277,436
330,26,376,391
280,92,432,306
249,154,474,222
235,240,484,88
292,215,430,217
409,158,237,369
531,122,43,451
493,128,96,255
451,151,292,384
405,208,137,81
393,229,453,82
426,81,371,336
535,1,120,468
441,1,139,277
293,100,397,280
225,262,502,59
229,268,496,137
244,248,478,209
263,240,452,252
291,224,413,311
334,208,357,366
409,189,250,430
531,201,53,284
476,177,239,439
389,217,487,280
410,275,514,74
529,139,341,312
705,28,74,473
657,1,149,474
570,1,212,432
426,1,342,389
289,185,466,56
439,102,181,309
455,113,96,196
380,217,148,64
417,82,371,317
532,1,60,267
265,75,312,224
310,251,422,177
563,159,92,324
419,269,568,114
599,49,240,376
527,1,264,380
321,144,471,150
486,52,93,311
340,247,460,77
557,47,45,363
266,284,491,66
552,228,79,252
444,194,461,299
449,134,506,264
593,103,109,386
459,1,296,418
337,174,459,91
389,92,247,356
401,80,150,269
338,299,449,27
491,82,203,411
402,71,173,231
250,288,511,71
454,320,163,326
508,187,368,367
438,179,512,191
597,1,134,453
370,81,402,282
499,114,120,364
353,254,441,127
513,64,197,431
356,98,234,198
281,240,467,228
574,306,41,192
414,232,469,204
414,151,490,277
541,11,202,524
579,49,92,503
515,108,189,464
471,66,218,525
484,75,178,539
509,92,117,547
528,120,65,557
543,173,38,546
543,179,55,540
546,178,67,542
548,180,87,539
367,80,412,86
428,79,374,62
503,82,267,66
540,8,111,157
423,1,374,218
523,91,144,57
541,172,392,107
481,277,425,78
504,297,181,88
545,465,57,81
560,289,164,349
560,317,176,346
557,330,147,233
552,297,45,60
478,139,95,57
489,96,203,154
542,154,144,51
561,112,102,131
559,110,105,144
553,117,113,130
549,118,123,129
545,114,133,134
522,112,162,140
416,105,323,175
305,118,423,255
499,170,114,228
487,218,291,314
426,273,487,248
478,305,436,190
436,297,479,175
424,310,487,139
410,324,483,118
380,323,498,105
372,331,501,76
425,346,434,46
565,299,222,109
579,290,136,133
593,295,73,120
594,304,45,106
594,312,39,81
594,333,30,46
588,357,40,42
563,342,111,146
529,333,139,172
502,329,171,174
483,329,200,174
477,330,194,166
479,326,185,161
493,308,171,179
512,261,136,238
511,196,128,312
488,143,136,366
441,109,191,386
395,104,246,375
366,113,285,351
347,121,316,332
341,117,323,320
342,116,320,280
404,153,271,163
366,125,345,101
387,105,365,61
413,99,361,42
427,73,345,67
444,66,314,68
464,55,280,85
471,75,276,60
500,82,235,57
549,59,126,86
574,15,39,152
512,8,128,161
502,16,120,149
500,21,112,145
505,21,106,146
522,27,81,140
551,32,43,116
547,49,70,84
521,85,160,71
485,103,234,51
488,102,223,51
517,84,152,71
546,74,81,61
549,52,40,106
477,34,152,138
380,20,305,156
307,27,440,150
296,63,488,107
350,102,415,56
432,109,248,54
521,118,46,57
428,134,143,80
415,173,157,59
305,193,394,84
290,232,449,45
312,254,447,46
370,248,397,89
453,249,306,114
638,255,87,69
638,248,37,113
621,235,70,169
614,235,88,181
619,234,83,184
625,233,73,185
629,231,66,188
632,230,64,193
634,228,62,202
639,230,64,200
643,222,95,223
622,216,188,245
586,213,290,261
539,223,408,274
525,247,373,244
564,268,176,245
601,429,37,124
601,444,39,105
591,470,53,105
597,491,48,93
613,498,38,80
619,497,40,85
619,503,38,87
613,482,36,75
577,378,31,41
543,179,35,156
542,98,28,119
576,168,61,46
588,128,41,132
566,102,84,196
535,110,121,184
524,117,140,173
530,120,135,166
540,125,120,158
544,131,116,145
545,134,124,137
541,141,138,126
537,143,148,120
518,143,176,125
419,135,326,177
324,140,412,272
421,173,217,344
538,199,111,304
549,233,143,256
581,228,85,251
544,198,137,270
477,160,231,294
404,131,300,319
348,121,329,329
307,118,346,307
311,100,372,184
324,79,417,82
329,71,442,61
356,75,419,72
446,82,280,57
408,1,270,196
474,103,220,44
491,193,383,64
452,269,467,108
522,306,121,106
559,412,54,193
548,331,162,311
521,364,206,211
471,295,154,61
530,54,51,246
542,98,129,189
525,86,155,213
527,92,135,189
535,111,107,148
536,118,92,138
520,116,116,144
504,115,147,146
500,117,154,142
501,118,153,142
501,120,153,141
497,118,161,147
447,114,229,172
325,104,385,238
287,123,364,303
449,181,97,313
444,270,239,216
373,309,468,212
391,309,474,231
377,345,490,155
355,381,516,82
345,389,511,63
336,356,502,108
349,343,485,139
350,283,507,113
382,185,505,78
416,114,490,54
422,64,485,60
429,62,479,70
422,64,478,64
426,68,473,87
446,94,466,53
636,15,115,134
351,144,478,89
434,292,241,41
646,209,82,118
526,180,281,295
478,179,263,302
434,387,95,114
315,329,245,142
428,217,283,275
663,189,55,68
546,181,170,320
652,176,46,86
620,177,35,99
573,179,25,107
504,195,27,116
414,233,39,109
386,249,42,138
376,261,48,141
382,256,53,158
386,266,51,157
389,279,69,173
401,289,49,161
405,292,25,81
408,287,24,79
426,269,25,74
356,249,144,250
266,244,281,280
212,271,321,313
418,358,109,84
414,203,218,298
481,98,123,439
511,65,121,448
429,140,307,317
347,271,446,155
434,377,380,35
341,344,493,92
339,294,512,61
355,217,515,44
382,162,514,65
401,132,507,68
398,118,505,61
386,109,505,67
372,89,504,62
363,66,507,64
366,72,504,45
366,81,502,46
364,89,500,44
365,90,500,44
366,88,499,48
371,97,495,46
388,96,485,66
437,96,442,67
619,41,139,109
439,112,354,62
383,152,514,81
470,224,247,38
539,212,130,193
528,202,66,294
488,197,132,358
473,211,151,378
484,214,140,392
498,213,125,400
506,165,131,447
511,163,130,449
511,162,133,446
511,161,135,443
516,157,128,447
517,156,127,447
517,155,127,448
516,155,128,450
516,156,127,450
515,158,128,449
512,157,135,447
515,158,128,441
511,155,134,440
511,152,130,441
511,151,128,441
516,151,121,441
521,150,113,438
532,149,106,395
536,145,98,421
545,145,81,377
544,143,83,400
530,145,104,429
530,147,104,437
527,152,97,429
518,151,90,433
503,153,92,436
493,155,93,435
485,155,94,436
482,152,90,438
481,150,85,437
480,148,82,436
480,145,83,434
481,146,82,434
476,145,91,435
469,147,97,432
460,149,105,434
456,149,101,439
451,149,100,443
445,149,104,443
439,151,112,445
438,151,115,446
446,151,112,444
460,150,107,443
483,150,95,433
564,149,30,93
578,146,27,120
583,143,26,428
582,139,46,434
583,136,48,436
584,136,40,435
579,138,42,429
583,138,39,422
585,139,36,420
580,139,40,419
580,140,37,419
578,143,40,419
575,142,43,424
581,142,39,424
579,141,43,425
573,140,52,434
567,141,51,439
561,146,52,438
554,153,54,437
548,167,60,439
540,170,66,440
540,163,62,442
538,161,61,441
532,161,69,442
531,161,76,443
529,160,78,443
531,155,75,447
523,149,85,447
512,143,101,453
503,141,115,453
495,137,128,455
487,133,137,448
471,134,155,457
441,125,173,470
437,117,135,476
444,106,63,483
399,113,63,484
379,115,76,482
374,103,70,475
390,88,59,476
399,66,39,474
411,33,37,480
419,53,38,475
420,73,34,473
404,84,36,475
398,83,39,472
389,82,50,471
388,90,64,457
382,94,84,454
372,94,98,457
373,93,103,458
381,94,97,457
347,49,104,529
287,1,124,623
267,1,132,632
260,1,134,627
250,1,145,622
255,1,155,600
257,1,165,591
237,6,182,590
233,1,171,559
229,1,163,547
258,6,150,551
291,1,130,558
301,1,150,544
285,1,182,521
278,1,196,516
279,1,179,508
269,5,134,506
277,51,77,441
283,140,47,354
248,150,55,350
228,161,80,338
229,165,84,335
229,170,59,197
224,181,70,209
216,196,96,215
205,212,127,238
192,215,139,234
191,217,137,229
193,217,131,223
198,221,116,206
202,225,105,192
204,227,98,189
206,231,95,184
209,235,86,177
211,231,67,152
214,230,38,83
214,228,31,80
218,225,28,80
220,226,25,78
223,226,23,78
222,224,26,80
223,222,27,82
227,220,26,81
236,215,26,79
249,207,32,74
179,189,130,246
151,163,187,292
141,145,207,344
142,146,215,369
153,137,290,349
256,105,226,279
251,73,232,392
326,55,135,419
395,47,22,129
354,48,52,136
308,67,81,141
387,12,340,553
505,79,92,289
360,155,386,244
207,245,568,108
368,126,438,372
498,111,255,300
394,219,442,127
339,271,424,75
452,158,339,322
547,116,194,279
566,257,189,46
444,155,347,230
510,307,234,102
485,290,277,110
457,288,320,105
444,279,361,132
457,261,358,149
488,238,320,153
490,227,299,171
470,227,305,178
419,229,364,168
355,242,443,99
317,220,494,99
329,135,480,234
348,73,466,311
367,43,451,341
359,25,449,379
323,2,486,439
265,2,529,443
275,1,503,438
316,1,448,449
378,31,377,440
362,2,388,468
338,1,406,458
274,1,455,449
107,87,662,313
163,187,627,269
534,64,58,351
498,177,108,149
430,101,326,341
317,175,552,179
493,101,308,383
633,100,72,324
487,226,403,111
475,139,410,227
531,175,339,269
675,109,83,304
585,202,266,139
537,192,362,163
574,220,321,207
723,153,29,165
689,189,67,115
714,251,27,17
681,190,110,127
659,149,193,209
646,112,241,275
627,85,276,314
607,85,302,323
575,78,328,337
534,68,361,337
504,62,387,337
