517,49,39,407
516,49,38,406
515,50,38,406
516,52,33,405
513,52,35,406
512,53,36,406
511,53,33,407
511,53,32,408
512,53,30,407
510,54,31,407
509,53,32,405
510,53,30,404
509,52,29,405
509,52,28,402
509,49,28,405
508,51,29,403
506,50,31,403
506,48,30,404
505,48,32,405
503,49,33,404
503,50,34,406
503,52,34,405
502,52,37,406
502,54,36,404
500,55,38,406
502,57,36,405
500,59,38,401
499,58,38,404
500,60,37,402
503,61,34,402
505,60,31,404
504,60,27,403
506,60,30,404
504,60,31,404
505,60,30,403
505,59,31,403
505,59,30,401
504,60,33,403
504,60,32,400
504,57,33,403
505,59,32,401
507,58,31,402
507,57,31,401
509,58,30,402
508,57,31,402
510,57,31,402
507,55,34,405
509,55,33,402
510,56,31,402
508,55,34,401
504,54,39,401
505,53,37,403
507,51,36,405
510,50,33,404
511,49,32,408
512,49,31,406
510,50,30,407
510,50,29,408
508,53,29,407
504,56,32,403
503,58,31,402
504,61,28,401
500,62,31,400
497,64,33,400
497,64,34,402
500,68,29,400
497,68,32,400
498,70,30,399
497,69,30,399
498,67,30,400
507,65,43,404
500,57,118,382
473,224,353,71
528,55,110,349
470,56,219,333
414,162,333,260
415,200,339,99
419,241,92,179
333,131,327,146
435,22,207,284
553,173,107,216
351,202,378,43
357,63,243,282
404,213,205,119
330,140,206,261
351,152,256,191
397,197,218,127
412,198,216,124
397,197,232,128
376,199,249,133
374,196,251,162
363,196,260,171
358,196,263,166
356,196,264,164
354,193,263,162
355,191,261,164
355,187,260,169
354,185,262,169
351,184,265,170
380,148,262,194
430,103,124,293
363,147,296,112
438,10,83,344
427,33,35,255
485,185,136,63
463,147,111,147
371,106,140,149
242,135,314,129
308,89,145,174
319,39,61,238
300,13,71,180
332,43,74,283
336,45,79,283
331,56,93,272
335,58,98,270
342,60,95,269
352,61,89,271
355,59,91,271
378,54,36,265
358,49,60,281
301,159,185,133
324,157,272,173
403,220,96,120
449,213,181,94
454,203,238,44
444,197,248,53
424,194,268,73
475,157,207,104
321,202,194,154
283,149,213,204
292,189,251,118
363,212,284,69
362,197,306,61
362,213,313,25
361,215,315,81
471,205,196,77
441,106,154,133
405,53,97,279
338,177,204,69
341,90,239,228
382,1,233,315
325,40,320,287
427,48,117,224
402,71,272,171
534,16,189,264
519,85,333,169
653,67,196,293
590,159,261,113
614,199,239,74
593,158,260,140
644,67,200,318
561,114,291,161
669,1,24,197
620,101,110,226
514,9,182,336
432,41,332,222
438,151,284,127
384,222,248,100
373,253,264,83
372,252,261,96
326,252,264,96
314,252,259,96
295,250,270,100
321,249,253,102
328,251,264,105
341,253,274,108
323,272,305,96
368,272,288,94
325,233,325,112
284,150,347,134
266,118,370,145
262,147,384,97
261,192,390,55
291,235,369,62
323,256,356,85
342,246,373,52
360,245,381,64
371,238,388,99
378,228,391,104
379,226,393,104
378,226,392,99
382,236,389,93
385,217,381,103
374,137,392,115
404,99,365,88
372,90,405,55
382,84,331,81
472,83,85,64
358,63,280,169
389,120,283,167
381,153,186,116
375,208,298,22
453,211,243,31
405,174,264,62
479,47,265,171
460,129,283,102
527,181,217,146
466,239,384,53
551,187,190,159
504,122,290,177
553,92,242,253
558,123,295,214
534,204,319,143
558,189,294,146
535,195,318,83
573,31,233,316
581,64,271,158
685,30,167,198
647,115,206,160
510,156,341,66
513,152,339,57
499,166,353,65
492,162,361,75
480,168,374,73
474,173,378,73
465,175,388,71
461,171,387,68
441,132,393,123
481,125,371,141
585,209,269,64
669,208,183,143
681,213,172,140
586,212,267,147
550,211,303,144
432,227,397,132
417,184,320,156
399,197,347,114
408,188,350,112
430,208,343,103
424,162,360,168
513,11,115,357
423,192,404,61
569,103,28,293
426,49,314,213
540,1,148,319
665,199,188,93
526,75,147,314
453,117,369,215
475,199,375,75
375,133,428,163
373,25,337,264
374,6,286,263
420,1,224,275
411,2,223,277
402,1,225,275
371,1,265,281
343,9,301,308
360,180,412,71
481,75,252,293
552,75,211,280
503,162,350,98
518,136,335,65
480,139,373,71
447,42,388,211
521,1,113,67
366,100,430,85
550,1,110,301
441,17,389,246
652,2,134,354
420,57,434,218
522,1,169,222
536,50,318,208
573,1,255,251
544,189,309,70
749,157,48,146
549,208,297,83
535,199,318,113
534,182,319,132
554,160,299,136
598,129,255,115
634,102,220,100
653,92,199,89
664,87,189,92
671,85,182,95
673,82,180,105
673,79,180,105
672,80,181,104
671,82,182,101
669,81,184,106
664,82,190,108
655,84,198,110
441,105,298,284
436,110,302,282
429,110,304,281
424,117,332,277
421,129,316,275
412,138,325,258
376,153,351,203
348,140,296,149
397,186,148,28
305,148,97,38
320,104,324,58
398,115,325,178
446,235,191,49
512,226,284,103
552,227,243,84
405,234,390,53
471,115,108,230
418,105,307,179
437,152,122,241
