549,398,175,236
547,393,173,240
546,393,165,235
546,392,164,226
544,392,164,228
543,392,170,227
542,395,176,226
539,398,184,223
535,400,195,221
531,405,202,209
522,410,212,203
508,424,239,183
482,412,261,197
460,374,254,235
454,340,211,266
448,321,192,267
458,315,195,235
521,293,142,266
526,279,148,263
555,262,126,258
555,250,117,266
543,239,130,248
540,225,135,242
543,210,139,246
559,198,128,239
579,192,127,219
595,185,114,220
595,178,117,224
590,175,120,221
589,177,121,215
585,178,126,209
583,179,130,204
588,175,125,207
593,177,124,203
592,175,127,206
590,171,131,209
586,167,134,214
586,167,137,212
584,164,134,215
584,176,136,203
591,180,129,197
595,179,125,199
597,179,119,198
595,173,118,205
594,174,121,203
593,177,119,202
589,180,125,197
592,182,122,196
595,179,120,197
597,181,118,195
601,181,114,197
599,174,117,202
596,169,117,208
597,166,119,211
581,161,140,215
588,162,137,211
588,166,143,206
589,164,140,208
584,161,141,212
586,161,144,212
584,161,146,211
586,162,144,210
586,161,144,213
588,162,142,209
583,155,149,217
585,171,133,202
586,180,128,191
592,174,115,199
597,160,111,218
600,157,117,219
601,170,146,209
600,173,159,205
598,172,159,205
598,173,160,203
597,173,164,204
597,175,165,203
596,176,176,201
595,176,180,201
598,180,163,193
591,186,176,182
602,186,174,173
602,184,178,173
602,186,179,174
599,187,181,171
601,190,177,170
610,187,167,169
625,187,153,166
637,186,141,141
638,188,140,140
637,188,141,135
633,188,147,127
623,184,140,125
606,175,172,133
598,167,189,139
592,163,189,149
597,157,175,156
598,149,172,159
594,145,173,165
596,143,172,145
600,143,168,134
601,138,169,143
595,140,181,140
593,138,185,145
592,140,191,147
590,141,189,147
590,139,186,151
591,138,183,154
591,142,182,151
592,155,203,138
591,161,238,172
598,160,265,152
630,166,256,133
734,171,182,129
789,187,142,129
813,191,127,131
814,192,127,143
813,196,126,158
819,203,120,160
824,209,118,155
824,209,109,208
