378,431,364,174
383,413,380,169
377,409,392,158
383,393,497,160
411,371,488,170
434,365,495,185
451,355,495,181
461,339,488,193
489,333,463,202
522,326,422,196
526,327,437,210
515,342,414,183
458,323,457,190
412,310,504,177
414,299,435,218
400,291,448,220
410,286,438,198
431,257,421,199
447,238,396,226
457,220,394,240
470,216,376,199
501,201,336,208
488,170,333,252
457,159,331,274
433,146,384,241
398,143,367,207
382,151,397,206
381,175,407,187
398,123,389,142
428,145,346,158
462,161,332,142
481,203,339,129
504,182,334,130
508,193,321,145
521,151,296,249
536,183,253,241
559,212,256,225
0,0,0,0
0,0,0,0
591,377,223,177
0,0,0,0
628,193,197,334
609,182,257,314
594,159,270,304
577,188,351,237
570,216,392,204
583,229,421,159
588,216,416,140
591,189,431,140
569,197,433,89
516,166,441,120
528,157,371,127
549,156,381,134
517,215,452,90
576,195,347,149
602,153,299,234
612,95,239,341
617,111,200,329
612,62,134,384
598,79,110,358
545,68,147,382
498,107,177,347
485,185,184,277
341,209,358,284
407,241,280,238
350,289,273,202
444,300,187,261
509,309,146,237
548,320,121,222
573,312,136,231
557,309,140,206
584,330,133,185
606,340,108,169
589,330,121,178
