187,14,98,221
186,13,101,218
187,15,101,221
188,12,98,225
191,13,97,223
181,12,107,220
190,9,96,224
189,8,96,220
190,7,96,221
189,7,96,221
189,9,96,221
187,7,99,224
186,7,102,222
188,5,97,226
186,5,95,222
186,6,96,221
184,6,95,220
182,5,98,225
184,5,98,224
184,5,98,226
186,6,97,224
185,6,96,221
185,6,93,220
182,5,96,222
183,4,94,225
183,5,94,223
184,6,93,225
184,9,93,220
184,6,93,223
185,8,97,225
183,7,96,226
184,7,95,224
184,7,101,223
182,6,97,223
186,5,92,223
185,5,96,223
184,4,98,224
185,4,98,225
183,4,99,224
186,5,96,221
184,7,95,220
182,8,98,222
185,8,98,227
184,10,99,222
185,11,96,218
185,11,98,220
184,10,97,225
185,11,95,218
184,10,96,220
186,10,93,224
184,8,97,225
184,9,95,224
184,9,96,228
184,8,95,224
184,7,97,227
182,8,99,223
183,8,98,224
181,10,97,223
183,8,97,225
183,7,94,221
181,6,96,222
182,7,100,227
182,5,97,227
186,7,97,224
186,7,94,222
183,3,94,222
181,6,98,222
183,5,98,225
186,5,92,225
185,4,93,224
184,5,95,225
183,6,96,226
184,5,97,226
182,6,99,225
184,7,94,225
182,6,94,227
180,7,94,227
181,6,91,227
182,7,89,225
181,2,90,229
181,3,89,226
184,2,90,225
182,1,91,228
182,1,91,229
182,2,87,226
180,1,89,229
181,2,89,227
180,1,90,228
181,1,88,229
182,2,87,228
181,2,90,228
181,1,90,229
179,2,90,225
178,1,89,229
180,2,89,227
179,2,89,228
179,2,93,227
179,1,95,228
179,1,93,231
181,1,91,229
178,2,94,224
179,1,93,226
178,1,96,226
178,1,94,227
178,1,93,223
178,1,92,228
178,1,91,224
178,1,91,226
179,1,93,226
179,1,93,226
181,1,90,225
181,1,91,224
177,1,93,225
180,1,87,228
177,1,93,229
179,3,92,226
178,3,94,226
179,5,94,225
178,6,94,226
179,5,93,226
177,4,95,228
176,7,93,228
178,6,93,227
176,4,93,232
177,4,93,230
177,5,93,230
178,3,96,230
178,5,94,230
175,4,96,229
176,4,94,228
177,4,96,230
178,3,96,230
179,2,99,231
178,2,92,231
178,2,96,229
177,1,92,230
176,2,95,229
176,2,96,231
179,2,92,229
177,1,92,229
179,1,91,229
177,2,93,228
177,1,93,228
178,1,91,225
175,1,89,232
176,2,92,229
176,2,93,227
176,2,90,230
175,2,89,231
175,1,84,229
173,1,84,229
172,1,90,232
175,1,86,230
175,1,88,229
172,1,91,228
174,1,85,227
175,1,86,226
177,1,84,228
174,1,89,225
175,1,86,228
176,1,90,231
173,1,89,231
175,1,83,231
174,1,83,231
174,1,84,232
174,1,85,231
174,1,83,231
174,1,82,230
176,1,81,230
176,1,84,229
176,1,87,227
177,1,85,229
175,1,90,226
177,1,89,224
174,1,89,223
171,1,89,228
173,1,91,227
174,1,89,229
176,4,87,231
176,3,87,229
176,7,90,229
177,6,89,230
175,6,89,231
176,7,89,226
179,4,86,230
179,4,88,231
180,5,88,230
179,6,88,230
179,4,89,231
178,6,91,229
179,6,88,228
180,7,88,228
179,8,88,226
179,4,87,228
178,7,90,227
176,8,89,228
177,10,89,226
176,7,91,229
178,7,90,230
178,7,89,228
178,6,87,229
179,7,88,228
178,5,89,230
180,5,86,230
179,7,89,228
179,8,88,226
180,8,88,228
184,7,85,230
182,9,82,227
183,8,83,229
182,6,83,231
181,5,80,230
179,3,86,232
179,2,83,232
180,1,83,233
182,1,82,234
179,1,86,234
179,3,85,230
180,5,81,230
182,4,79,230
182,4,80,231
181,1,85,233
182,2,82,232
181,2,83,232
181,3,81,231
182,3,80,231
180,1,81,231
180,1,78,233
181,2,76,233
180,1,81,231
181,1,78,231
182,1,78,229
181,1,82,229
184,1,77,229
183,1,79,228
183,1,78,229
182,1,78,229
180,1,82,229
182,1,78,228
185,1,78,231
183,1,81,230
184,1,78,231
185,1,78,231
183,1,78,228
183,1,80,229
183,1,79,230
183,1,78,230
182,1,79,228
181,1,80,228
183,1,78,231
183,1,76,230
182,1,79,230
184,1,79,227
182,1,81,227
180,1,81,226
184,1,82,229
183,1,80,228
183,1,83,229
183,1,87,229
185,3,88,230
183,3,91,230
183,5,92,225
184,4,90,226
187,3,88,231
183,2,94,230
184,2,90,230
183,1,91,230
185,1,88,233
183,1,88,235
184,1,89,232
187,1,88,233
186,1,92,230
186,1,88,229
184,1,87,232
184,2,90,230
185,4,87,229
186,4,88,228
184,3,88,231
183,3,90,229
184,1,90,230
187,1,87,231
184,1,82,230
186,1,81,230
186,1,83,230
188,1,81,230
187,1,80,228
187,1,80,225
186,1,82,232
188,4,80,228
189,4,79,228
188,5,79,228
188,2,76,231
188,2,78,232
188,1,80,233
187,3,81,232
188,4,82,227
187,3,82,229
188,1,82,233
188,1,80,232
187,1,84,230
188,1,84,230
188,2,84,231
187,1,83,230
185,1,81,234
188,2,85,232
188,1,82,233
189,1,83,233
189,2,80,232
187,1,81,234
185,2,86,231
187,3,82,229
189,3,80,231
186,3,84,231
187,4,84,230
186,3,84,233
185,4,81,229
186,4,81,230
187,3,81,229
186,1,82,232
186,1,81,231
186,1,80,230
187,1,79,231
186,1,81,233
186,1,81,231
189,5,80,230
187,4,81,230
185,3,84,233
187,5,84,230
185,5,84,230
187,4,84,232
187,6,85,228
188,6,85,228
186,4,87,231
188,4,86,231
186,4,86,229
187,5,85,228
187,2,88,231
188,1,89,229
188,2,86,229
187,1,88,232
186,2,88,230
186,4,87,230
187,6,90,228
187,2,89,233
187,6,88,228
188,5,90,229
