666,13,114,103
656,1,129,104
633,7,148,108
616,17,139,130
600,38,119,111
580,46,123,126
549,47,129,153
501,58,139,133
461,72,162,103
456,68,170,90
322,113,37,60
296,136,97,51
300,116,164,82
308,136,178,70
316,141,184,72
349,119,169,103
367,116,162,138
370,122,147,147
371,112,141,200
348,123,188,192
332,132,221,195
304,134,262,192
305,141,278,190
341,140,250,191
349,144,233,189
342,142,236,192
333,143,243,190
330,141,242,191
341,141,234,189
343,138,232,195
342,139,233,191
343,141,230,188
337,142,235,188
332,147,249,186
350,150,244,185
357,189,265,156
416,196,247,307
428,170,273,338
410,246,339,314
391,293,375,268
339,337,434,220
331,346,438,220
325,333,452,231
327,340,443,222
329,344,442,215
327,347,440,214
348,382,458,217
369,403,465,204
387,409,471,198
405,415,456,203
403,400,452,234
398,420,450,213
378,414,445,217
368,409,442,220
372,386,406,248
381,358,377,260
413,341,343,278
423,325,336,279
441,322,319,307
460,316,301,307
476,310,289,317
478,313,288,323
467,317,294,319
473,320,287,329
486,327,269,334
512,334,268,333
579,363,265,309
643,344,252,272
672,300,273,303
679,276,328,281
662,279,387,201
671,255,430,179
