723,383,335,202
686,376,340,200
671,387,337,195
634,390,322,191
569,411,330,183
517,427,328,166
476,378,327,222
449,385,316,249
415,423,298,213
396,465,307,176
332,427,347,223
318,421,368,230
365,368,265,278
385,441,235,206
256,473,305,230
214,429,299,270
102,440,360,247
107,455,312,224
101,481,281,183
88,455,286,250
85,437,276,255
109,439,251,229
157,470,230,201
114,469,249,208
73,465,286,210
84,473,280,208
104,453,266,249
69,443,272,250
108,449,225,250
129,446,199,254
178,437,167,132
207,406,132,164
230,427,80,183
191,416,139,169
179,394,143,205
67,365,194,172
1,346,166,152
1,332,186,140
1,377,272,186
177,478,154,155
