570,185,115,100
616,183,65,107
645,183,63,106
639,189,103,102
652,197,125,99
676,203,151,101
711,213,152,100
743,242,137,80
774,268,135,71
810,287,122,86
831,304,126,64
865,308,146,63
908,311,128,53
932,308,155,58
946,314,165,56
942,310,175,62
920,309,162,63
869,309,163,65
816,315,161,67
767,323,152,66
726,308,121,72
664,293,110,76
611,294,71,64
551,261,76,68
532,242,78,78
498,218,125,113
482,203,149,110
484,181,157,126
476,159,182,139
446,169,216,122
422,171,234,119
396,171,250,102
374,178,251,127
373,205,270,111
379,265,261,76
396,291,275,64
421,291,253,67
442,297,255,59
461,302,233,71
488,307,261,63
498,301,261,71
528,305,248,63
544,303,245,62
565,294,256,63
562,292,274,71
574,308,253,66
570,328,259,64
572,340,247,63
567,362,253,52
570,372,257,55
566,373,250,65
562,377,242,69
559,374,248,74
556,368,251,78
551,375,251,65
557,379,243,65
548,399,255,61
554,400,264,58
580,405,267,46
593,361,265,105
599,362,260,114
663,383,206,96
641,401,209,99
626,411,198,100
605,425,216,105
585,428,208,123
561,450,203,116
497,470,254,110
504,493,247,100
525,503,243,94
516,532,241,65
514,537,235,63
507,543,219,59
495,539,213,71
494,532,222,79
511,530,217,65
516,524,222,79
533,511,216,85
529,500,193,88
524,483,199,73
534,475,192,73
530,468,190,76
510,451,199,83
504,439,202,82
497,431,186,76
469,424,188,72
460,410,186,77
446,398,180,76
435,399,186,72
436,406,163,66
425,410,172,63
429,413,173,65
438,412,187,70
429,425,166,61
425,425,190,74
430,422,189,89
431,420,195,92
425,420,183,103
431,419,177,104
424,422,185,104
417,415,193,111
424,408,194,112
421,408,196,116
419,393,196,115
427,374,192,127
420,358,205,126
