706,234,82,43
697,237,79,38
685,235,90,40
675,241,91,39
663,256,93,39
659,263,98,44
656,280,104,47
662,292,97,55
662,303,117,45
672,304,113,58
676,313,119,57
683,320,126,45
685,328,134,60
691,333,139,64
693,333,143,58
703,329,145,81
701,328,146,81
702,320,156,72
700,316,159,96
692,315,154,92
688,308,184,76
686,306,181,89
677,313,172,91
670,326,191,68
656,333,199,70
651,332,189,109
636,346,198,69
627,350,187,68
613,345,202,78
590,342,203,59
569,337,205,84
548,371,217,98
533,414,215,115
512,479,225,117
513,539,229,99
524,601,235,115
536,662,139,56
567,684,86,34
610,653,234,65
640,561,238,84
635,501,256,95
639,505,260,86
624,510,269,119
607,495,264,133
586,470,275,113
573,424,273,121
583,386,263,138
590,379,266,139
604,389,265,137
618,424,260,136
631,471,268,142
647,520,262,143
658,574,263,140
668,623,227,92
665,671,168,46
0,0,0,0
0,0,0,0
0,0,0,0
0,0,0,0
0,0,0,0
0,0,0,0
0,0,0,0
0,0,0,0
0,0,0,0
671,663,270,53
675,584,259,128
675,517,300,164
677,444,298,166
683,388,301,175
687,342,319,170
673,305,325,151
652,275,330,136
610,252,332,142
585,245,338,126
545,222,334,113
529,227,364,138
531,227,352,143
548,235,335,137
567,231,334,156
574,239,309,151
581,244,321,147
594,238,299,152
591,269,268,126
592,342,299,99
597,339,278,121
594,336,241,151
600,336,265,125
601,343,246,127
596,358,206,142
600,331,242,134
604,329,261,104
607,324,243,98
609,310,285,133
610,288,315,124
608,256,287,138
607,249,340,184
596,250,366,172
593,253,358,156
592,263,369,195
587,278,362,195
576,285,368,176
573,295,368,226
572,312,358,211
567,320,357,192
573,335,358,218
582,349,349,196
583,341,354,169
593,346,358,220
607,351,354,196
619,349,347,162
634,352,359,204
650,361,359,182
673,366,337,164
699,381,332,180
718,385,326,148
727,378,305,131
727,368,319,173
720,356,312,140
715,341,303,155
709,342,328,153
690,331,323,100
674,338,343,132
661,343,327,116
644,340,304,157
645,344,325,157
640,350,311,112
639,353,294,143
646,351,337,151
660,343,314,120
679,334,312,176
713,333,318,174
734,322,299,163
759,323,287,171
791,326,326,158
815,324,302,150
844,324,309,149
873,320,300,149
887,312,301,143
896,304,301,140
897,294,294,143
893,289,292,135
882,276,294,139
868,262,292,137
854,254,294,146
841,247,292,140
826,243,301,137
812,243,298,133
796,238,298,142
783,239,295,138
768,236,300,142
756,238,296,137
741,234,297,139
724,232,299,143
713,234,302,136
697,232,300,141
685,237,303,134
672,236,304,137
663,236,297,136
652,237,299,135
645,236,297,130
641,234,300,131
632,231,301,133
625,223,301,135
621,218,302,135
616,213,307,137
622,209,304,132
620,205,310,134
622,205,310,137
623,208,312,134
621,207,319,133
623,213,311,130
624,208,314,139
622,206,310,139
624,203,308,141
626,202,300,138
623,200,302,143
623,198,297,141
619,198,293,141
614,198,294,136
607,194,291,139
