862,304,75,76
854,279,73,81
855,229,73,81
875,227,78,79
866,279,77,83
827,315,80,84
805,320,84,80
783,323,84,87
794,295,83,84
800,287,84,87
807,289,86,91
771,333,86,81
760,332,87,87
732,346,91,90
709,344,93,89
693,331,90,89
690,303,95,93
706,302,97,94
717,311,100,96
719,311,103,93
706,329,105,98
698,325,108,98
699,332,111,97
690,344,113,99
679,341,115,97
681,316,118,99
698,330,119,103
704,335,123,102
705,346,128,100
693,357,136,104
678,363,142,101
689,366,136,103
693,365,137,104
703,343,137,104
709,342,140,102
715,347,141,104
726,354,142,103
715,375,146,103
718,371,144,109
718,364,147,107
699,368,158,106
702,377,149,107
690,370,155,104
680,336,158,104
681,318,161,106
676,312,163,104
680,343,165,107
680,353,171,109
686,347,174,112
684,359,178,108
691,356,173,114
691,352,178,117
701,368,179,111
708,375,190,119
704,367,196,116
710,372,197,125
715,374,194,121
719,374,198,126
729,369,202,130
731,369,207,131
735,363,210,137
739,356,214,138
751,354,220,141
762,349,224,146
771,332,229,150
771,326,237,148
768,312,242,154
780,296,244,158
804,287,250,156
786,311,258,162
764,306,266,165
736,312,276,167
713,313,285,174
695,302,291,165
683,263,297,169
687,251,300,169
687,261,309,185
686,263,315,189
676,248,323,187
670,238,333,193
661,229,345,192
633,231,355,192
625,226,366,199
609,206,377,197
594,205,389,203
587,215,400,204
583,227,417,216
580,228,425,208
568,235,443,212
559,228,454,214
561,221,470,220
561,215,484,223
539,206,493,229
481,178,496,231
438,189,515,225
422,218,518,241
424,231,516,245
429,237,521,246
419,232,523,246
404,221,533,244
390,215,542,247
379,211,549,240
368,218,567,243
374,213,555,249
366,212,560,263
363,216,549,263
360,220,546,262
352,220,554,259
345,223,556,266
342,226,558,256
340,217,552,262
339,226,550,261
338,230,559,275
339,233,562,278
351,252,572,267
360,254,577,270
360,221,582,260
358,178,595,255
335,134,610,272
327,156,626,273
340,160,624,277
354,162,638,284
362,185,645,259
356,172,651,276
337,162,655,283
310,156,673,279
279,157,681,273
270,143,688,282
261,136,696,287
270,142,705,284
277,121,713,305
280,136,715,292
267,141,724,302
270,173,729,285
293,179,738,280
267,152,759,296
243,100,767,326
236,105,776,285
232,87,780,304
236,146,792,303
208,144,814,309
199,162,828,324
193,124,843,351
173,142,857,340
167,128,868,341
183,123,863,362
218,188,850,361
241,219,837,360
264,206,826,363
271,210,833,349
265,233,816,344
267,222,827,344
268,217,830,346
272,217,833,346
270,188,835,368
268,192,839,363
274,214,829,348
274,220,833,358
269,234,828,348
267,245,829,342
258,239,832,353
261,244,833,342
260,234,840,350
248,224,867,346
237,207,897,361
211,196,946,382
183,184,1010,408
153,174,1087,444
119,160,1161,493
100,164,1179,517
78,167,1201,519
81,174,1198,521
112,167,1166,514
123,148,1156,515
123,145,1156,511
114,148,1164,519
85,168,1194,512
63,179,1215,499
83,187,1196,504
78,187,1201,506
