831,323,83,43
822,332,83,46
818,333,85,54
816,340,83,61
820,343,77,65
827,336,92,71
825,314,83,81
824,310,83,80
818,292,81,92
806,293,87,88
798,293,83,91
785,306,87,91
783,312,90,96
780,336,99,89
783,360,90,92
765,373,119,93
760,367,135,88
753,367,131,65
744,327,150,91
739,348,123,76
733,383,125,60
742,384,140,68
717,428,144,55
728,423,163,65
728,410,172,58
722,399,187,72
710,387,193,106
697,377,190,105
683,360,222,109
673,357,207,130
664,352,200,141
667,343,197,136
672,338,162,134
672,344,153,156
670,347,168,152
671,348,158,164
655,334,150,202
626,332,162,207
615,346,155,189
604,363,117,188
610,384,131,176
622,395,150,167
640,406,123,191
643,411,141,190
648,409,155,168
652,402,130,166
628,417,143,161
601,410,180,160
600,406,187,151
595,390,182,174
589,374,163,187
577,369,151,173
568,378,169,177
564,394,167,181
549,433,161,184
543,454,159,189
543,452,160,255
525,440,191,212
521,411,192,216
518,392,203,230
519,353,201,285
523,329,206,306
514,328,198,262
529,327,180,269
513,318,210,274
525,335,192,250
510,341,141,256
499,367,174,249
512,412,82,239
498,424,76,240
479,460,105,200
449,398,175,242
456,368,190,322
447,366,178,289
454,359,156,276
465,358,159,299
475,381,127,304
442,376,146,322
341,362,241,302
315,372,237,251
300,405,226,248
272,394,256,205
251,385,284,180
256,379,276,170
271,368,266,173
265,372,277,179
299,377,275,185
336,362,269,191
353,350,278,199
356,345,261,196
353,330,256,196
369,333,210,168
392,331,205,165
457,329,168,180
491,322,176,176
540,294,160,201
585,302,148,200
591,309,145,205
574,303,162,202
551,297,156,208
529,280,173,226
534,310,165,225
526,308,174,242
518,298,183,254
524,278,182,261
532,275,194,257
549,276,182,270
555,284,186,271
568,288,185,264
580,262,182,276
560,253,184,271
553,245,183,284
556,265,184,287
566,272,185,292
580,277,188,302
588,275,191,307
589,267,198,306
589,258,217,298
580,247,220,305
568,247,225,316
557,271,229,303
562,267,230,321
567,266,245,316
574,227,263,318
573,198,268,318
554,207,278,310
554,224,274,315
558,213,281,312
553,205,285,300
544,204,292,283
536,192,299,296
523,168,310,282
525,154,316,277
523,177,312,269
521,215,332,303
546,165,321,350
563,174,325,303
571,189,319,276
587,196,310,272
591,198,309,263
599,164,311,268
580,164,309,278
568,185,304,272
568,190,307,265
577,195,300,277
579,218,295,283
581,238,296,272
575,243,297,259
548,224,304,266
513,225,291,282
462,212,337,267
401,309,337,192
435,291,389,200
462,268,432,206
525,255,412,187
528,236,434,290
540,230,413,259
555,231,339,280
549,227,269,232
516,197,363,210
504,190,330,242
508,185,276,238
493,183,343,205
543,191,287,240
580,205,274,221
622,207,256,199
628,205,269,196
638,199,118,129
620,206,151,143
614,211,146,163
617,237,176,171
654,254,114,145
659,269,121,123
649,275,181,125
661,258,137,173
661,260,110,106
662,262,94,97
652,266,90,107
646,295,86,80
654,308,90,95
