605,89,129,16
607,81,123,30
604,84,125,32
614,81,125,36
622,83,122,40
626,87,123,40
631,91,120,39
630,96,119,39
626,101,118,37
624,105,118,36
624,109,116,38
623,115,116,34
623,118,114,34
623,123,112,33
622,127,112,31
623,131,109,30
620,135,108,29
614,137,109,30
610,139,109,29
602,143,108,25
584,143,83,33
558,154,14,20
608,167,32,11
616,214,38,32
619,248,21,81
584,224,30,47
558,201,9,10
544,141,17,111
550,334,10,12
567,460,16,85
0,0,0,0
546,40,16,30
613,154,127,90
592,149,69,62
558,211,87,25
496,5,19,99
495,290,13,31
343,420,95,49
349,343,66,79
355,313,79,78
375,227,31,114
441,287,22,114
436,290,71,87
455,134,93,48
453,89,96,17
550,59,83,61
580,75,99,54
423,151,47,105
529,416,10,28
491,279,44,91
472,397,89,77
615,413,45,93
594,361,15,9
456,161,43,113
402,362,87,54
564,317,15,13
548,100,33,56
545,13,29,101
538,2,34,103
527,1,19,72
515,112,36,10
543,117,98,60
581,79,97,62
542,169,100,28
450,157,102,18
417,115,60,102
377,123,32,117
405,334,53,45
0,0,0,0
468,150,15,104
388,131,59,103
506,173,30,99
635,158,39,104
673,133,67,74
497,164,101,38
381,181,62,37
558,190,67,25
402,166,37,62
507,197,40,41
584,150,74,70
571,91,23,112
512,96,18,41
411,83,17,104
392,176,36,62
588,224,59,17
440,219,38,51
434,224,101,57
561,169,78,92
567,151,85,26
380,146,107,32
503,137,81,20
537,180,103,45
460,229,16,31
445,267,60,27
565,218,21,103
671,237,47,37
714,187,40,53
671,243,79,83
611,245,24,96
511,235,72,96
569,344,55,44
794,308,62,12
609,69,16,108
479,152,21,89
445,312,33,102
624,342,35,17
573,342,22,19
598,323,93,25
726,297,49,108
784,281,66,66
699,165,35,119
618,164,20,120
608,143,42,105
599,77,29,91
638,96,21,55
672,103,16,14
785,136,53,44
774,410,72,32
675,547,69,23
641,561,72,34
640,561,70,35
642,561,71,36
649,562,70,36
686,563,71,36
821,375,36,14
572,115,59,13
457,393,87,16
573,523,102,57
654,467,48,109
761,457,15,48
814,331,81,63
787,321,19,118
756,218,96,19
774,82,98,32
730,36,67,35
710,98,92,43
660,89,64,17
667,86,7,12
640,99,69,58
646,96,75,91
559,156,124,16
501,360,100,64
700,354,67,31
682,356,62,73
0,0,0,0
654,283,54,58
560,367,63,46
659,356,80,37
688,221,29,114
658,193,93,50
672,219,17,116
551,277,90,51
349,287,94,33
0,0,0,0
484,136,106,32
389,106,104,21
478,67,100,51
621,426,88,69
239,209,107,40
605,7,58,89
565,410,43,85
333,113,47,98
429,45,91,74
623,106,18,81
668,98,47,99
558,260,46,75
0,0,0,0
0,0,0,0
558,276,77,48
531,274,46,52
468,268,88,29
627,288,15,17
648,336,74,41
583,298,89,74
587,311,97,31
458,368,22,58
424,298,91,16
474,258,31,35
404,321,91,29
436,294,62,11
306,305,91,44
344,257,60,39
327,296,106,16
356,290,41,36
371,292,70,74
386,230,49,13
377,60,107,67
375,63,110,65
415,115,18,47
392,272,107,30
463,457,107,25
411,433,127,19
441,166,120,54
604,2,14,17
610,2,9,31
578,9,68,69
582,41,100,70
584,31,112,37
575,39,123,23
621,27,106,61
794,166,65,104
658,481,49,88
576,387,29,91
472,367,57,87
467,53,38,122
0,0,0,0
0,0,0,0
0,0,0,0
0,0,0,0
0,0,0,0
594,119,96,30
711,176,27,65
638,275,14,55
606,209,11,17
699,257,24,14
601,372,20,11
749,280,107,38
701,115,72,9
769,60,71,64
873,183,92,62
821,340,17,23
735,328,28,11
707,366,38,38
892,205,62,14
790,288,43,89
756,311,16,19
831,319,44,43
750,245,68,61
722,160,15,60
832,120,35,87
730,331,18,79
555,207,99,47
627,301,27,101
0,0,0,0
557,81,80,60
661,315,13,22
686,287,20,16
703,278,16,33
744,126,19,22
678,155,37,116
661,204,16,117
645,148,24,103
641,159,34,117
650,196,48,106
693,221,14,103
668,361,23,15
465,469,104,36
441,492,105,20
449,489,107,19
457,488,108,20
456,486,109,22
456,489,107,19
453,489,108,20
453,491,108,19
454,489,108,21
454,491,107,20
482,480,83,22
536,361,23,75
538,170,69,108
698,233,83,28
663,266,82,33
705,246,92,20
681,260,96,19
725,259,37,17
678,168,78,49
736,253,32,27
727,228,101,22
693,289,43,14
695,273,20,86
658,313,19,76
696,227,43,33
691,154,16,60
665,202,14,26
621,291,27,37
623,238,26,15
648,315,29,71
642,440,39,98
680,396,26,86
0,0,0,0
0,0,0,0
0,0,0,0
0,0,0,0
0,0,0,0
0,0,0,0
0,0,0,0
0,0,0,0
0,0,0,0
0,0,0,0
0,0,0,0
0,0,0,0
0,0,0,0
944,434,106,78
955,602,99,26
944,588,68,22
866,557,107,36
672,277,81,86
312,373,119,43
384,317,154,49
440,312,140,60
635,282,20,84
842,494,97,34
1109,560,29,20
1081,558,34,25
1052,560,36,22
985,562,72,22
907,554,107,27
830,552,156,23
862,541,88,48
880,335,18,147
852,361,68,125
682,475,137,21
404,491,124,38
438,483,107,37
537,425,94,32
613,338,26,126
662,228,29,87
722,258,22,69
734,367,18,99
733,359,18,70
786,147,16,103
829,1,65,107
0,0,0,0
947,1,24,76
983,122,47,120
1026,463,56,27
1029,514,56,32
1011,514,56,33
1003,516,53,30
936,484,87,24
902,281,72,105
856,199,26,35
768,219,59,109
750,232,25,114
691,242,46,112
654,173,36,109
600,63,18,112
435,224,89,21
625,393,22,94
707,290,85,35
686,263,88,22
610,373,67,64
360,369,56,68
0,0,0,0
0,0,0,0
0,0,0,0
0,0,0,0
0,0,0,0
0,0,0,0
0,0,0,0
0,0,0,0
0,0,0,0
0,0,0,0
518,185,92,52
501,386,103,22
527,371,61,96
568,372,70,89
590,358,40,21
653,330,61,96
758,355,37,96
797,331,31,92
803,332,13,39
828,356,10,41
841,400,9,36
806,412,24,34
779,381,69,21
756,367,106,31
847,415,24,32
874,451,16,14
842,436,7,22
814,422,8,29
769,435,59,31
724,303,42,106
685,260,55,95
652,215,56,76
597,231,30,88
595,466,22,14
615,525,10,19
622,528,11,14
623,523,12,19
619,455,35,84
616,279,26,113
637,52,26,113
647,11,29,118
678,1,22,84
690,113,25,122
721,262,20,107
613,362,99,27
482,324,114,17
545,196,26,99
470,242,79,32
649,283,61,39
744,281,18,11
780,320,9,10
727,386,78,50
389,382,91,21
557,346,22,16
742,366,71,25
844,430,84,38
631,447,15,38
413,333,84,20
0,0,0,0
808,396,87,36
661,412,29,48
429,416,70,38
514,452,72,48
703,469,13,32
703,497,90,27
621,522,48,55
568,515,61,49
614,512,73,36
691,528,14,13
690,495,24,59
700,426,37,46
0,0,0,0
611,94,17,89
494,187,42,29
614,357,24,98
692,284,55,48
681,290,59,46
612,390,16,92
0,0,0,0
0,0,0,0
0,0,0,0
0,0,0,0
0,0,0,0
0,0,0,0
0,0,0,0
0,0,0,0
0,0,0,0
0,0,0,0
0,0,0,0
0,0,0,0
0,0,0,0
728,1,21,39
693,195,19,99
647,366,40,45
643,474,19,26
660,519,10,11
667,524,11,11
672,519,20,20
680,520,24,23
691,524,24,21
697,529,16,14
720,479,74,51
754,394,63,88
737,207,24,28
623,159,80,61
639,79,25,114
593,119,97,64
605,93,29,45
632,313,55,17
864,345,82,41
920,268,48,18
875,402,16,89
826,463,20,92
0,0,0,0
0,0,0,0
0,0,0,0
0,0,0,0
0,0,0,0
0,0,0,0
0,0,0,0
0,0,0,0
0,0,0,0
0,0,0,0
0,0,0,0
0,0,0,0
0,0,0,0
756,494,62,33
712,579,79,15
691,571,76,17
673,570,80,17
671,571,76,16
672,571,75,17
673,571,73,16
674,572,73,16
673,571,73,17
674,572,73,17
674,572,73,17
673,573,74,17
