349,207,69,95
385,238,50,53
620,41,35,54
483,55,38,105
0,0,0,0
685,263,32,18
571,67,32,110
582,92,14,77
587,234,61,63
632,380,47,74
649,448,40,32
618,339,32,48
605,106,18,89
541,127,109,35
577,107,54,63
596,160,76,64
769,434,63,39
542,311,70,48
684,52,84,103
754,240,72,103
694,308,11,11
0,0,0,0
472,232,34,23
448,95,50,69
667,190,40,32
695,353,72,95
509,361,85,48
536,151,15,108
521,29,99,71
618,20,92,71
665,91,101,71
719,215,58,99
752,380,82,36
655,267,49,111
508,216,51,45
494,235,53,121
360,254,97,26
459,155,33,103
518,449,34,96
643,238,59,90
589,416,30,58
608,355,88,30
507,322,28,85
565,388,67,119
715,264,85,92
570,247,20,32
492,178,16,109
447,162,39,115
471,354,74,98
510,176,86,95
555,86,73,104
530,33,73,107
523,39,101,80
549,58,102,68
553,67,91,74
451,132,72,104
441,256,92,45
486,254,101,81
538,308,124,52
512,385,117,20
372,387,74,25
786,273,16,51
507,308,72,35
540,205,61,52
715,264,44,68
433,290,70,20
629,252,60,13
637,273,102,37
409,280,27,25
617,274,43,6
0,0,0,0
435,330,57,23
629,338,59,13
0,0,0,0
0,0,0,0
635,345,82,14
496,316,95,45
379,255,114,46
646,266,61,45
563,339,96,51
506,341,43,30
622,351,38,19
519,336,63,54
511,336,60,42
654,329,10,25
548,334,52,64
382,282,117,27
622,201,17,24
684,317,87,24
434,309,73,18
505,232,43,34
672,327,94,27
549,394,28,18
385,276,112,36
635,262,46,48
629,411,53,69
500,421,25,94
523,369,11,12
516,215,39,59
486,131,38,104
447,223,32,43
481,337,35,14
0,0,0,0
676,118,26,85
720,42,44,97
764,167,15,16
765,283,51,47
730,375,40,31
600,248,67,30
