716,501,14,34
723,477,10,28
726,222,9,57
727,108,11,38
0,0,0,0
0,0,0,0
0,0,0,0
0,0,0,0
0,0,0,0
0,0,0,0
0,0,0,0
0,0,0,0
0,0,0,0
0,0,0,0
0,0,0,0
750,108,9,35
0,0,0,0
0,0,0,0
754,263,9,43
757,252,12,53
0,0,0,0
771,337,23,60
0,0,0,0
0,0,0,0
0,0,0,0
0,0,0,0
787,405,12,12
785,414,11,33
778,424,11,42
763,407,12,44
759,405,10,15
758,420,17,38
774,440,11,47
0,0,0,0
783,239,12,70
770,226,17,55
750,266,24,44
0,0,0,0
0,0,0,0
0,0,0,0
733,423,19,44
728,476,21,39
740,492,20,53
0,0,0,0
756,248,11,43
753,75,12,40
752,1,11,22
0,0,0,0
0,0,0,0
0,0,0,0
0,0,0,0
0,0,0,0
731,31,13,67
729,172,10,87
