426,78,32,138
462,1,24,100
475,91,40,56
479,170,27,98
476,216,101,113
710,181,63,49
691,213,29,29
668,251,54,59
764,188,44,40
765,166,116,113
885,203,93,131
847,349,40,64
612,466,141,72
592,454,41,93
760,456,18,50
754,429,79,127
898,216,121,103
964,186,44,112
733,2,57,101
649,1,79,92
629,181,67,54
421,329,120,94
674,330,115,83
644,302,59,76
735,400,27,93
749,461,69,108
647,490,18,26
520,368,39,48
552,214,21,135
493,186,64,121
508,212,69,16
493,148,100,110
485,311,38,65
503,492,38,99
595,372,83,116
628,414,137,48
703,471,24,73
788,422,53,107
896,396,65,50
894,191,58,59
782,159,124,85
888,174,100,132
820,460,109,60
726,394,57,44
671,318,86,94
610,257,108,48
626,242,77,100
644,271,62,110
571,338,74,65
430,376,62,121
446,292,79,32
579,198,25,33
583,266,133,23
594,322,105,54
564,377,100,40
549,469,20,20
541,440,86,59
544,286,79,128
578,373,82,42
771,322,143,22
884,82,23,156
735,16,104,116
651,57,104,99
675,81,102,117
764,84,85,92
742,73,78,50
650,60,120,63
612,65,136,70
658,95,144,47
658,74,108,93
674,166,159,87
449,251,81,81
551,278,84,12
783,186,87,103
