725,314,106,17
733,280,106,36
737,250,103,39
742,240,103,43
748,256,103,36
754,292,102,25
759,365,107,41
741,428,54,76
656,447,34,44
586,426,69,15
588,449,72,18
578,447,79,44
566,431,85,53
643,436,14,97
654,449,43,100
652,442,26,90
651,401,25,78
659,391,26,64
670,393,30,85
672,416,33,96
639,415,32,76
592,363,66,21
585,323,66,19
584,330,66,20
591,384,66,29
619,461,56,87
622,496,57,98
587,270,77,67
0,0,0,0
0,0,0,0
0,0,0,0
0,0,0,0
0,0,0,0
0,0,0,0
0,0,0,0
0,0,0,0
0,0,0,0
0,0,0,0
0,0,0,0
0,0,0,0
0,0,0,0
0,0,0,0
646,399,10,47
615,578,45,23
604,578,56,31
604,574,37,33
592,571,25,35
595,567,20,35
608,529,31,61
622,472,16,24
644,455,17,20
653,393,29,43
686,324,36,89
694,396,40,13
669,335,20,100
595,406,62,86
603,375,59,63
691,404,43,35
733,436,22,20
729,391,24,105
713,438,52,79
702,521,28,20
691,487,26,17
687,457,20,88
686,448,23,72
701,385,43,98
746,363,42,48
781,419,18,46
774,518,77,13
775,508,92,19
761,517,102,15
759,519,103,15
691,423,46,86
570,341,50,84
636,400,16,16
677,437,75,37
682,440,24,33
555,398,94,32
570,355,78,18
743,373,50,13
798,343,75,29
662,278,75,23
616,296,101,16
813,394,39,25
858,426,100,54
855,442,55,74
805,469,25,71
696,475,62,57
666,467,67,68
673,484,53,78
646,475,59,67
629,364,45,86
606,293,66,82
645,235,22,126
639,349,67,79
653,316,59,124
661,325,81,92
733,310,31,45
774,281,20,15
769,247,104,34
769,271,128,30
763,342,45,49
697,403,38,99
543,88,89,108
566,1,32,45
577,50,74,41
645,201,58,35
686,353,61,80
646,436,22,61
566,295,91,46
615,249,48,54
654,325,17,110
643,321,128,29
610,308,44,65
616,395,36,57
0,0,0,0
510,289,102,52
673,479,12,17
734,349,60,67
752,257,81,29
734,61,48,69
599,1,28,62
438,53,75,57
338,225,111,42
389,389,80,74
0,0,0,0
557,5,58,85
534,3,46,71
499,1,22,68
416,71,115,31
507,89,37,50
596,154,31,64
593,332,16,27
621,200,53,85
613,213,12,13
618,222,19,19
668,166,48,95
700,270,55,30
716,309,39,84
726,296,70,37
749,183,33,97
722,150,69,48
710,118,22,97
637,244,68,40
645,282,79,41
689,284,28,65
617,287,89,23
0,0,0,0
446,231,53,28
479,205,31,29
465,172,48,58
449,240,33,21
463,256,8,9
409,223,38,44
416,231,19,63
416,191,13,70
439,256,17,64
439,213,33,45
391,227,51,39
441,239,40,27
465,220,12,46
453,275,26,29
0,0,0,0
457,213,14,54
436,212,29,15
431,188,42,54
408,194,37,60
409,279,37,12
442,318,54,23
523,358,16,37
520,326,19,40
494,277,38,21
480,318,48,66
500,335,31,61
550,215,11,17
555,133,19,47
547,200,29,24
649,348,38,65
654,306,11,15
599,233,24,39
582,312,29,22
630,357,21,92
671,353,36,37
663,357,50,28
616,416,32,70
478,281,51,38
482,1,32,79
0,0,0,0
0,0,0,0
0,0,0,0
0,0,0,0
0,0,0,0
0,0,0,0
0,0,0,0
532,1,17,26
528,201,39,94
0,0,0,0
0,0,0,0
566,566,67,40
566,594,84,22
565,595,85,21
564,595,84,21
556,571,85,44
594,511,15,13
491,456,93,19
450,423,87,22
444,395,66,78
469,417,23,68
445,451,9,10
324,440,29,100
195,319,26,101
138,293,65,88
136,238,93,63
330,152,30,99
467,207,25,60
551,354,40,56
525,493,34,56
412,396,104,45
491,265,30,109
491,259,94,56
640,161,77,36
698,72,20,50
709,105,17,69
0,0,0,0
507,430,64,86
409,417,105,55
396,351,101,37
454,340,56,70
523,409,14,41
560,433,30,76
532,456,38,83
413,464,27,34
254,415,113,24
352,406,33,19
502,397,82,59
555,426,94,74
477,439,40,83
335,438,29,21
0,0,0,0
677,299,112,17
634,323,48,57
401,322,89,60
366,338,88,53
551,407,16,80
605,425,63,99
521,411,40,98
383,399,81,88
418,408,13,13
515,424,55,16
534,404,61,17
541,410,37,26
503,425,51,15
427,430,91,43
385,385,54,113
361,364,24,114
348,369,51,94
464,374,36,15
452,371,80,33
351,436,36,42
280,277,73,64
297,360,71,27
397,372,88,39
333,355,21,17
362,377,31,21
440,260,21,45
352,366,63,34
558,352,80,44
595,276,27,93
534,403,25,27
526,429,26,76
536,373,66,65
548,237,60,21
417,89,39,75
223,192,62,76
403,459,35,85
661,430,88,24
732,288,64,77
744,271,59,63
787,318,51,18
