557,354,78,18
551,359,85,19
550,359,89,17
549,357,93,19
549,358,91,17
549,359,91,17
548,359,89,17
547,359,93,17
546,360,94,17
545,359,95,18
546,360,92,17
547,360,93,17
547,360,91,17
546,360,93,15
540,357,98,18
556,315,67,71
579,269,16,93
541,383,41,88
555,247,14,67
519,113,82,79
513,227,61,45
498,332,42,49
513,328,14,115
514,390,80,83
653,384,33,12
603,156,42,109
491,270,80,26
613,395,20,38
687,171,65,82
713,1,113,8
0,0,0,0
0,0,0,0
0,0,0,0
741,56,54,107
719,260,59,93
701,238,84,55
689,297,84,17
699,267,60,34
697,251,20,24
614,261,21,13
564,213,94,40
597,150,71,54
546,86,80,59
518,241,66,57
574,332,67,73
601,344,71,54
586,369,56,83
606,393,32,49
610,387,34,21
598,309,14,77
572,300,18,87
574,363,31,83
581,272,27,93
618,369,22,81
687,224,27,31
676,114,11,81
697,141,23,73
0,0,0,0
559,320,43,63
542,1,21,90
0,0,0,0
0,0,0,0
0,0,0,0
0,0,0,0
0,0,0,0
0,0,0,0
0,0,0,0
638,45,51,60
602,239,49,17
514,222,85,44
503,234,17,98
394,428,95,22
630,476,50,77
730,263,52,57
674,149,31,76
573,153,17,96
446,281,59,40
463,433,46,89
500,444,26,101
473,450,70,39
458,434,70,26
480,467,61,76
539,576,110,16
574,559,111,15
599,546,110,15
626,536,111,15
641,527,110,17
653,522,108,15
662,507,77,22
620,477,99,56
634,422,52,99
564,428,32,112
442,396,94,18
445,388,81,15
508,379,17,114
473,369,49,103
462,281,49,89
458,222,70,18
519,185,50,94
487,312,98,24
572,357,38,87
640,322,38,97
565,309,72,99
574,364,20,117
537,435,57,101
342,460,97,17
407,455,70,86
436,529,74,74
478,528,75,81
523,524,73,80
557,520,75,81
587,514,72,81
591,494,26,77
560,500,82,42
698,402,15,38
699,242,68,26
527,174,34,89
448,385,76,42
689,338,77,64
721,204,85,15
