575,508,24,84
596,468,14,12
579,357,19,9
663,306,8,11
714,298,8,10
609,349,73,12
569,383,61,19
714,362,41,47
722,341,11,62
665,336,77,18
672,350,40,10
527,299,19,14
681,326,75,13
719,318,35,12
527,314,15,9
598,319,99,11
720,306,30,11
529,316,22,7
656,329,59,22
685,275,40,27
514,201,40,94
671,202,40,64
581,210,56,33
653,227,13,21
573,203,29,22
631,246,17,17
546,258,75,26
598,310,43,28
675,303,43,12
568,302,11,8
0,0,0,0
785,334,17,9
718,324,36,21
627,322,9,14
623,355,17,80
728,411,57,26
736,369,15,66
748,286,32,80
713,241,53,68
702,407,86,15
655,461,11,40
585,286,30,28
568,269,74,56
682,254,22,28
597,304,58,28
588,333,74,38
591,348,15,19
565,331,82,74
645,284,67,62
0,0,0,0
536,297,46,56
563,306,47,38
537,338,55,62
602,327,8,52
612,346,26,26
603,378,13,88
622,388,11,88
596,414,12,46
635,358,51,28
634,377,20,17
613,329,7,28
576,348,11,59
541,499,14,52
558,455,14,34
559,255,12,79
558,114,20,60
552,1,14,82
0,0,0,0
535,163,19,66
561,175,43,70
586,246,37,44
655,380,25,18
591,418,29,110
537,212,63,87
654,357,38,79
656,515,16,28
605,524,52,59
604,605,44,52
620,486,31,86
615,485,37,102
596,549,60,24
566,552,15,60
510,576,19,31
502,430,20,103
496,373,14,98
475,319,40,70
429,370,77,21
459,529,35,29
470,482,34,79
412,582,86,21
427,567,94,14
541,511,13,69
572,435,66,14
489,459,59,59
341,287,59,73
456,245,77,14
465,279,26,104
431,217,18,92
316,377,20,43
320,388,40,31
346,296,67,78
248,445,35,82
266,316,20,102
227,440,77,57
359,431,24,40
334,374,23,108
296,461,54,97
304,446,31,101
282,441,49,78
336,451,51,109
447,430,87,20
488,254,56,20
484,137,66,64
525,155,27,46
542,261,15,44
531,359,34,43
474,253,31,32
509,319,25,20
608,352,9,26
480,512,21,18
467,472,50,72
413,387,44,42
558,465,28,24
419,428,53,70
370,379,85,17
446,448,71,59
651,429,62,56
701,221,14,49
671,92,39,23
662,1,55,59
674,23,36,89
666,132,24,14
670,216,37,87
707,410,22,9
649,428,64,17
710,432,29,10
622,429,57,20
