701,386,76,23
601,450,23,13
417,388,61,28
723,441,60,27
757,432,18,49
522,437,45,29
735,444,47,25
610,467,103,46
0,0,0,0
709,468,91,38
533,485,51,14
0,0,0,0
592,484,61,16
620,497,76,16
635,516,98,35
516,532,91,22
649,545,100,18
609,556,26,22
453,546,93,16
565,531,8,10
628,543,102,16
597,581,58,22
520,535,27,15
445,444,71,28
495,380,36,12
656,351,49,9
629,282,31,40
573,210,63,62
631,143,30,91
665,329,62,39
698,421,86,64
710,382,99,52
643,352,29,59
424,268,77,40
467,260,23,23
660,472,46,78
595,183,38,69
442,194,73,46
382,387,81,29
606,494,72,47
747,275,49,67
537,117,60,75
384,238,106,41
422,441,68,62
537,447,15,79
689,507,12,19
802,387,85,36
858,347,74,31
838,430,46,80
853,445,55,62
0,0,0,0
0,0,0,0
0,0,0,0
0,0,0,0
0,0,0,0
0,0,0,0
0,0,0,0
0,0,0,0
0,0,0,0
0,0,0,0
0,0,0,0
0,0,0,0
750,210,25,30
610,495,90,69
493,318,64,53
524,179,73,80
522,110,68,84
566,188,95,26
659,212,44,97
677,319,27,111
704,177,57,78
732,110,21,100
747,166,48,94
686,429,42,97
534,304,46,22
526,158,71,59
607,138,76,47
671,205,35,85
651,374,15,92
660,334,26,88
682,231,37,56
703,213,36,90
698,341,36,23
647,417,20,94
644,356,17,93
680,413,15,80
687,526,26,62
671,590,41,19
681,533,40,18
742,382,20,74
0,0,0,0
542,481,62,57
559,341,27,96
534,378,22,74
513,405,50,68
459,506,57,34
477,535,47,57
486,548,49,49
487,558,55,40
488,567,56,34
489,571,57,33
505,524,60,26
636,481,12,20
649,423,32,76
598,470,21,38
510,531,67,76
466,489,73,38
578,506,18,91
648,89,25,104
0,0,0,0
0,0,0,0
0,0,0,0
0,0,0,0
0,0,0,0
0,0,0,0
0,0,0,0
0,0,0,0
0,0,0,0
434,39,74,48
448,135,30,88
417,253,77,72
488,268,46,106
454,375,52,83
348,337,110,22
526,288,100,21
592,289,54,21
519,257,94,27
454,278,104,18
504,262,60,31
363,278,81,53
376,355,84,46
390,291,35,113
429,325,19,119
425,254,20,118
431,202,42,116
406,221,108,58
390,256,93,27
397,261,105,71
468,204,35,117
484,298,64,37
510,349,45,65
411,127,37,118
480,69,87,59
477,179,98,77
439,206,25,131
377,85,69,113
353,178,113,24
525,258,103,21
750,181,57,55
743,198,107,20
738,192,41,18
635,187,122,25
757,199,107,40
665,351,82,41
0,0,0,0
0,0,0,0
525,374,28,77
534,391,22,103
474,383,66,92
660,364,42,98
714,284,35,80
644,411,16,22
422,301,107,29
400,244,96,71
386,357,96,34
638,369,42,34
620,70,38,101
0,0,0,0
0,0,0,0
0,0,0,0
487,1,89,86
505,80,112,55
517,148,79,54
376,214,55,33
336,298,58,33
603,361,63,14
648,388,98,21
404,427,29,42
245,384,63,16
608,397,95,39
517,464,34,38
299,446,47,25
612,437,96,56
381,485,70,39
0,0,0,0
673,441,89,48
387,479,92,35
610,449,33,13
659,453,39,45
510,460,79,22
613,458,57,16
698,433,11,9
550,457,92,17
529,437,21,18
0,0,0,0
683,422,48,17
679,445,16,65
651,482,21,100
678,359,27,100
674,263,26,103
663,232,56,82
549,237,34,66
534,387,52,61
743,257,75,81
814,190,78,69
846,322,21,98
635,442,91,57
562,400,20,84
566,322,16,35
607,137,71,37
701,187,43,88
654,370,28,38
509,430,61,19
526,299,22,29
581,181,90,36
580,168,69,61
549,188,54,59
498,211,56,54
436,303,61,48
483,492,93,17
586,530,80,28
529,534,83,34
520,494,77,55
582,464,83,54
664,382,37,89
668,396,14,94
654,353,67,72
641,456,83,53
623,498,71,34
717,436,37,92
711,565,66,16
673,536,82,29
631,487,15,101
698,488,89,25
774,392,45,100
790,390,50,112
794,331,108,42
819,156,95,83
735,9,43,106
627,27,88,85
659,1,69,85
797,1,17,106
770,27,41,94
674,42,58,65
589,68,96,52
484,1,42,105
317,121,62,90
252,165,95,74
241,282,108,17
378,430,53,90
467,448,14,114
395,400,70,88
472,420,29,111
570,422,68,89
603,442,38,56
707,228,95,62
726,121,31,105
722,243,52,32
678,262,87,94
652,288,55,111
675,293,27,103
677,253,77,65
671,109,14,40
555,80,92,58
512,113,91,66
504,206,40,64
455,377,41,119
507,574,115,34
558,597,112,46
566,594,115,34
600,427,67,99
646,409,37,64
697,296,89,48
687,234,104,66
801,191,59,31
831,160,52,89
795,415,119,21
579,473,34,41
633,268,66,105
710,265,49,90
790,182,38,104
812,284,111,44
672,442,32,119
479,372,39,21
630,240,15,20
606,234,69,101
640,137,47,111
695,141,50,117
734,210,91,91
750,369,116,25
641,437,21,104
509,324,50,30
654,247,20,50
652,205,48,110
693,205,48,116
689,345,116,44
680,368,91,90
687,369,45,112
677,384,45,115
684,401,31,122
655,400,19,121
668,248,20,104
679,79,22,121
689,110,26,73
710,229,22,22
710,282,59,22
714,367,44,43
756,606,22,53
701,414,36,48
727,459,37,130
814,628,78,20
744,398,74,40
770,399,19,29
794,400,33,113
843,501,113,20
789,335,10,14
788,371,39,51
835,403,33,123
861,435,78,76
828,419,95,83
745,460,113,24
682,406,32,24
684,371,79,49
705,384,63,85
732,385,54,117
760,347,18,71
708,211,130,21
609,153,28,49
662,241,93,32
592,209,111,23
699,182,65,89
646,324,119,20
358,319,80,50
375,243,48,21
655,298,18,15
564,428,44,79
502,65,66,82
642,1,14,99
668,402,53,58
533,484,14,94
319,533,74,25
0,0,0,0
584,543,44,42
462,456,20,41
454,568,23,9
524,558,103,16
640,526,51,19
710,511,41,49
712,456,22,101
622,434,42,101
542,492,9,20
0,0,0,0
542,581,15,12
484,580,89,15
