701,595,190,39
692,591,189,37
693,587,188,36
694,582,189,37
695,577,189,37
694,576,190,37
707,575,197,37
680,567,197,36
654,566,197,36
648,565,198,37
638,567,200,36
698,569,213,26
894,570,212,33
986,566,214,34
939,567,215,35
894,553,211,49
945,512,91,86
975,550,18,43
977,547,28,20
969,555,15,34
977,550,18,24
960,535,33,32
951,532,37,33
943,529,35,26
934,522,33,25
923,516,30,20
913,511,28,15
901,502,30,19
892,494,27,20
882,484,26,21
870,476,25,21
859,471,25,19
854,467,24,19
848,464,23,18
843,462,21,17
839,460,21,17
840,460,20,18
841,462,20,18
843,465,19,18
844,467,21,17
846,469,21,17
856,443,21,15
850,281,9,40
807,191,31,92
776,218,46,109
774,362,44,102
840,430,83,87
892,494,69,38
904,502,47,22
900,514,58,11
726,513,34,14
502,510,87,22
515,435,19,114
490,294,30,116
479,287,59,115
457,409,87,34
527,458,29,49
613,422,92,97
633,366,38,41
735,270,39,112
767,348,115,23
711,415,36,96
641,386,46,109
667,526,16,19
667,504,32,72
547,477,26,141
413,10,74,96
0,0,0,0
0,0,0,0
0,0,0,0
0,0,0,0
0,0,0,0
0,0,0,0
0,0,0,0
0,0,0,0
0,0,0,0
0,0,0,0
319,177,82,47
335,307,64,97
330,346,48,92
310,355,30,18
355,368,37,30
366,394,98,62
404,437,45,39
404,356,14,15
430,326,17,18
440,373,19,23
399,360,58,90
374,366,79,92
412,318,37,93
534,297,18,16
604,289,17,18
513,261,117,52
615,319,10,11
576,319,31,23
577,264,95,95
623,293,116,60
658,309,104,50
671,307,99,50
675,307,101,47
672,312,104,35
667,326,115,17
706,338,117,40
780,391,32,120
709,490,79,90
642,537,108,68
589,565,115,43
546,540,114,60
500,501,112,68
443,416,122,34
500,412,60,116
542,537,35,45
649,501,43,41
0,0,0,0
718,467,25,46
779,481,35,65
786,452,11,10
664,464,15,8
0,0,0,0
618,297,26,23
599,461,41,84
565,72,30,82
728,30,48,97
646,437,24,119
496,489,59,102
480,378,76,112
445,317,86,63
392,314,128,48
591,475,18,76
712,30,77,123
790,36,22,57
814,259,17,19
745,390,44,39
750,135,46,83
644,99,103,42
622,296,33,11
0,0,0,0
0,0,0,0
0,0,0,0
0,0,0,0
0,0,0,0
0,0,0,0
0,0,0,0
0,0,0,0
0,0,0,0
0,0,0,0
0,0,0,0
0,0,0,0
0,0,0,0
645,539,17,31
618,540,17,29
603,541,19,30
599,557,12,17
591,562,12,16
588,570,9,16
521,558,141,14
614,542,117,15
651,501,34,34
628,504,18,19
573,512,65,19
452,503,24,15
446,329,44,89
667,251,74,117
552,460,124,51
489,526,9,19
317,387,12,23
335,240,67,20
593,202,60,51
725,249,31,45
725,248,62,46
710,267,25,19
0,0,0,0
444,343,120,17
466,254,24,93
513,191,16,128
503,255,103,96
778,391,42,38
671,300,35,16
426,286,95,17
528,411,66,75
800,210,91,42
594,1,17,53
386,249,89,21
681,440,30,42
714,350,78,84
750,346,49,97
681,296,110,51
671,226,118,39
705,107,78,97
758,105,30,122
713,236,106,63
765,300,54,32
751,303,59,27
659,292,39,15
451,358,51,36
472,310,41,13
453,128,30,116
383,339,122,32
611,455,26,84
797,387,80,51
825,180,28,69
750,62,115,18
707,1,39,63
624,97,91,30
696,144,13,112
693,173,72,19
706,261,14,75
704,374,35,27
610,371,16,42
541,329,44,86
487,352,18,19
424,414,83,24
680,429,47,61
700,386,87,24
755,289,86,76
835,299,87,17
802,295,23,87
625,111,71,78
609,146,85,79
391,180,108,50
539,264,102,25
403,254,77,66
574,405,61,78
686,257,32,91
610,416,31,92
613,330,40,88
560,370,75,45
604,414,25,89
478,399,98,13
566,303,15,83
566,178,98,57
637,118,87,21
649,109,82,38
642,117,62,71
631,117,73,92
623,127,90,66
623,140,72,47
612,148,84,34
610,147,83,39
616,179,55,64
625,312,14,55
646,348,18,16
565,356,98,69
600,344,26,106
707,390,7,42
692,362,46,8
0,0,0,0
594,362,118,11
0,0,0,0
599,396,33,48
531,359,94,74
543,337,86,77
676,428,13,31
697,378,15,21
649,373,38,40
625,377,45,41
627,404,40,21
685,282,27,106
722,177,53,114
739,188,72,102
734,200,70,103
696,188,16,19
535,207,99,22
567,185,75,67
694,183,46,73
574,187,80,70
633,191,81,49
558,229,18,17
642,244,108,54
743,233,19,94
565,188,17,68
382,322,60,25
433,312,87,25
516,246,108,20
572,192,105,22
