482,383,82,116
532,418,37,90
549,434,26,70
508,393,65,118
489,390,59,132
482,435,39,72
457,416,71,78
417,387,110,83
400,380,102,82
448,384,78,107
516,402,49,111
588,407,18,96
637,443,18,37
0,0,0,0
0,0,0,0
0,0,0,0
0,0,0,0
0,0,0,0
0,0,0,0
0,0,0,0
0,0,0,0
0,0,0,0
687,400,8,11
686,400,11,15
691,420,11,16
575,467,15,117
388,433,98,20
360,261,82,101
403,174,31,121
372,263,86,27
375,192,18,80
393,217,36,89
448,208,117,18
620,412,29,115
0,0,0,0
0,0,0,0
0,0,0,0
0,0,0,0
0,0,0,0
0,0,0,0
0,0,0,0
0,0,0,0
0,0,0,0
0,0,0,0
514,326,45,50
569,623,96,27
600,638,95,22
647,629,96,21
653,513,62,111
794,446,119,19
779,243,117,45
891,258,46,114
904,214,32,116
773,350,113,18
751,455,104,27
708,171,26,33
567,169,84,45
0,0,0,0
729,444,105,26
679,385,100,34
615,333,57,91
603,372,13,99
544,399,20,87
541,368,27,84
559,446,18,89
513,431,45,50
511,461,59,36
590,380,20,32
605,421,67,54
765,362,65,28
731,259,43,95
720,215,23,75
709,188,19,81
707,147,37,87
708,218,61,74
661,388,43,110
685,302,21,22
652,81,40,103
660,1,58,54
689,1,41,86
694,152,65,73
688,271,24,95
504,341,113,32
501,381,107,26
561,370,61,35
731,211,52,38
724,310,82,21
594,336,68,21
641,319,80,66
621,339,63,31
662,349,19,70
682,457,53,71
674,442,34,85
0,0,0,0
655,247,12,58
659,202,14,58
661,246,18,59
641,343,49,45
673,358,41,93
541,368,32,47
645,364,25,103
708,394,27,65
645,417,46,45
514,447,23,101
367,356,96,69
366,347,106,34
401,348,105,50
455,330,113,19
482,228,104,20
0,0,0,0
0,0,0,0
0,0,0,0
0,0,0,0
0,0,0,0
0,0,0,0
0,0,0,0
0,0,0,0
624,226,59,80
507,477,28,66
550,522,94,30
687,478,44,101
676,305,86,72
482,320,74,59
497,353,50,63
619,343,53,93
491,298,42,76
463,373,46,28
470,427,24,74
460,269,22,76
488,122,15,90
503,97,28,17
537,72,18,117
560,285,25,38
630,417,28,19
468,389,103,19
