735,79,66,234
733,359,36,149
723,289,86,80
738,106,38,223
727,379,52,204
726,282,74,63
751,191,34,189
727,388,50,249
719,129,36,218
742,307,34,59
707,356,57,230
709,91,36,250
751,382,24,41
708,334,41,139
712,91,34,251
734,389,60,130
705,322,28,26
734,158,28,202
734,380,71,217
735,151,41,183
759,251,27,105
739,363,78,253
748,85,38,246
766,356,17,18
729,338,83,230
728,89,40,267
750,385,57,129
734,324,38,42
760,156,29,189
761,380,68,236
757,205,61,132
772,259,31,113
741,386,72,262
720,186,68,193
800,313,52,124
883,556,73,122
892,572,97,148
942,513,110,135
984,420,125,84
1003,318,226,63
894,219,100,54
890,284,102,25
1014,323,212,79
797,251,195,47
987,321,14,13
991,312,198,79
798,248,189,54
1027,317,79,42
1005,302,84,52
836,254,175,52
1022,324,162,57
918,295,97,53
896,247,122,71
1001,320,238,86
825,292,189,41
956,243,56,76
1021,326,225,96
814,291,194,27
993,262,21,33
1007,319,227,112
795,278,205,30
1017,289,39,30
1002,327,132,108
806,261,190,55
1028,329,108,40
987,314,39,73
821,247,183,70
1016,325,179,75
877,299,117,54
844,256,153,66
999,323,210,77
806,304,177,27
930,288,56,67
983,341,145,107
763,260,212,59
954,297,32,61
988,452,86,61
911,518,179,189
770,496,59,224
497,417,141,188
522,329,98,181
663,244,260,30
530,169,120,126
537,349,103,259
686,381,188,156
535,369,120,43
482,333,184,39
406,279,238,42
516,218,134,86
589,358,87,241
658,408,176,115
653,285,277,42
655,297,137,41
707,262,159,46
698,335,267,48
698,397,86,262
656,424,85,57
394,321,278,72
703,306,267,91
691,225,54,51
415,329,268,86
