453,486,87,13
480,489,87,15
472,452,78,15
475,191,60,72
519,1,23,62
0,0,0,0
0,0,0,0
0,0,0,0
0,0,0,0
534,110,72,73
550,214,96,17
543,291,36,13
554,222,8,8
560,163,65,36
502,232,57,20
0,0,0,0
857,281,66,18
641,357,71,43
0,0,0,0
750,22,11,78
802,69,21,81
818,163,29,61
696,340,26,40
643,342,9,11
692,71,58,46
616,33,66,64
673,36,37,90
697,110,14,88
686,213,48,16
670,306,52,43
687,412,23,72
664,377,15,72
668,114,18,94
0,0,0,0
0,0,0,0
0,0,0,0
0,0,0,0
0,0,0,0
598,54,21,115
0,0,0,0
0,0,0,0
695,441,21,15
624,407,76,91
540,356,43,113
464,409,89,73
427,431,110,51
434,404,99,76
