1017,307,133,51
991,319,114,62
894,403,44,131
673,444,78,118
481,397,130,110
383,184,136,67
0,0,0,0
0,0,0,0
0,0,0,0
0,0,0,0
0,0,0,0
0,0,0,0
327,223,45,46
286,280,84,153
0,0,0,0
700,634,71,19
0,0,0,0
446,492,46,25
0,0,0,0
0,0,0,0
498,429,92,119
505,384,68,78
587,301,37,34
621,234,86,57
578,279,136,51
406,533,43,30
415,539,10,18
438,534,11,16
476,527,13,14
527,498,17,40
559,312,37,150
646,209,42,167
735,242,87,128
772,285,143,96
717,189,125,87
734,100,159,168
664,248,173,27
0,0,0,0
627,259,114,86
659,217,26,26
668,90,34,138
691,205,22,36
848,321,39,180
849,544,151,37
812,554,154,36
726,546,140,36
644,525,95,25
278,298,142,106
396,280,55,44
392,420,109,23
494,413,68,120
545,318,20,25
637,275,43,48
677,193,55,60
721,54,48,140
724,60,42,163
718,179,32,158
615,188,67,150
552,133,95,133
637,145,35,113
693,329,58,42
540,367,70,152
385,80,95,123
506,125,151,24
515,108,66,94
552,83,95,94
667,152,33,108
672,211,108,133
615,278,99,90
557,241,123,58
639,172,120,140
548,139,110,75
0,0,0,0
566,359,114,60
0,0,0,0
591,408,69,112
713,215,43,121
683,454,45,124
493,466,68,98
477,443,105,107
741,395,127,91
716,191,54,106
0,0,0,0
582,433,102,54
504,410,31,34
0,0,0,0
0,0,0,0
486,463,49,51
604,351,96,174
