759,92,22,102
775,106,38,109
801,160,79,86
849,290,82,40
682,406,36,115
446,253,87,36
572,79,94,77
640,142,27,13
708,86,65,81
800,242,78,55
514,424,99,96
522,246,24,37
613,105,92,58
568,134,111,24
555,98,99,71
558,104,39,62
624,160,51,96
713,408,95,61
570,422,32,22
382,336,117,54
570,417,35,60
692,306,21,41
757,286,38,62
679,441,53,42
391,392,124,28
597,392,8,13
693,389,106,12
509,417,108,34
529,418,45,41
652,334,29,18
644,332,79,47
730,391,111,60
624,351,36,19
418,315,126,55
400,376,90,22
594,426,9,13
579,404,120,38
598,396,107,57
612,399,84,83
622,382,34,132
660,370,87,16
690,292,21,112
572,545,26,47
506,360,27,112
520,498,26,89
625,387,91,112
665,414,90,89
653,376,54,126
690,381,64,103
741,278,83,105
762,96,113,102
634,97,115,72
769,112,37,110
804,194,55,115
754,116,79,153
826,235,53,116
800,79,46,146
858,250,43,138
838,135,34,178
854,290,26,125
829,146,25,174
817,345,83,136
822,547,13,32
779,435,19,142
844,359,47,114
904,150,137,132
903,1,55,15
0,0,0,0
938,1,41,65
863,1,80,146
785,190,143,143
807,266,38,180
660,369,55,79
538,204,123,100
527,258,120,94
714,448,15,28
0,0,0,0
346,250,168,35
557,257,129,36
369,194,135,106
0,0,0,0
709,122,62,64
466,63,112,112
420,350,165,46
774,392,90,141
902,240,157,63
762,245,83,107
839,408,72,180
827,211,85,169
739,341,139,22
851,330,110,152
867,306,173,59
899,334,113,86
850,322,28,163
861,203,148,111
962,1,18,99
0,0,0,0
0,0,0,0
0,0,0,0
0,0,0,0
879,1,40,57
915,91,33,96
961,279,22,146
809,509,119,125
595,643,104,27
543,641,37,31
384,437,66,81
602,161,167,122
878,148,71,157
816,305,22,19
616,332,138,23
551,354,130,34
547,381,121,88
599,362,28,34
613,184,92,120
655,198,164,91
596,246,182,66
451,295,32,44
515,382,150,43
889,185,26,86
552,183,190,22
478,275,70,144
733,441,24,59
744,366,100,123
606,361,22,89
600,378,169,40
732,367,92,19
600,387,138,24
603,425,46,88
764,343,170,39
614,432,44,35
479,325,84,38
743,388,87,30
769,384,27,32
484,391,171,19
539,382,63,47
0,0,0,0
682,370,88,101
506,370,157,95
685,427,39,37
753,380,133,79
811,339,25,120
534,389,190,66
590,351,22,85
599,364,58,158
668,358,154,82
777,441,32,65
639,374,165,93
633,415,70,60
744,362,118,87
710,350,137,94
636,417,87,143
774,355,64,121
812,236,153,113
453,348,184,38
729,289,72,18
0,0,0,0
762,374,172,104
574,263,87,54
337,307,160,51
511,331,67,55
692,385,133,114
764,394,94,159
708,382,39,120
681,348,57,44
615,340,42,41
470,355,88,53
558,357,44,116
654,349,71,169
651,359,86,110
523,219,38,56
506,337,62,17
0,0,0,0
643,367,53,29
642,302,80,31
635,108,17,125
509,260,52,63
501,350,94,28
715,399,32,18
628,412,22,122
368,244,109,57
446,155,118,100
386,143,36,113
391,272,30,129
413,205,65,131
348,393,91,68
537,458,16,103
612,454,58,94
635,425,85,78
643,416,43,118
640,405,23,119
653,353,107,26
659,183,91,72
600,59,54,104
577,94,23,121
528,131,66,103
448,321,88,23
458,310,56,90
501,364,13,114
558,385,21,96
560,408,38,71
0,0,0,0
518,419,22,55
530,411,28,95
549,458,26,98
555,463,18,81
499,347,54,39
602,142,18,72
676,145,36,74
674,357,23,21
604,459,20,76
538,443,51,68
533,421,73,29
580,426,57,27
673,436,41,70
674,453,61,49
575,466,57,49
572,441,62,27
637,441,58,48
566,365,14,17
526,401,39,26
585,330,46,64
524,413,77,14
566,421,66,46
595,447,46,46
675,430,55,82
700,344,53,13
634,229,21,52
539,273,37,62
518,456,59,63
649,414,64,46
675,430,33,14
680,462,42,34
713,401,70,15
683,260,59,52
553,257,25,65
469,453,59,59
603,442,85,59
669,455,38,22
654,452,28,71
684,481,46,57
751,430,44,20
729,378,66,24
716,392,38,70
712,382,32,69
733,257,55,80
754,152,89,35
742,86,70,56
786,96,16,92
771,140,79,62
735,265,79,40
745,330,87,41
737,392,90,34
721,426,41,80
682,403,15,17
670,406,13,11
623,392,10,10
606,407,23,18
654,289,47,56
759,280,30,60
683,484,57,44
561,435,58,26
571,388,36,43
550,414,23,28
0,0,0,0
642,278,30,69
658,276,46,74
660,297,52,65
652,374,86,27
606,425,76,59
543,443,12,13
536,370,13,16
524,384,17,13
553,340,66,42
618,311,79,42
627,346,82,31
623,378,62,17
615,402,81,13
627,394,60,61
652,406,56,44
655,397,78,50
660,413,65,57
639,454,42,68
589,469,24,82
521,454,85,23
520,401,70,45
563,382,27,71
566,457,86,19
662,431,24,68
633,425,22,66
536,471,62,62
604,418,35,79
513,489,44,64
547,406,30,65
518,486,53,46
634,438,47,67
686,489,57,39
