745,55,337,309
706,26,361,344
698,1,343,385
700,1,349,392
692,10,358,388
703,14,343,387
716,1,331,402
715,1,329,407
712,1,332,406
708,1,337,407
704,1,334,409
705,1,324,409
706,1,310,415
708,1,293,421
709,1,274,429
708,1,272,437
696,1,280,443
690,1,278,432
692,9,270,426
692,5,265,461
693,8,260,462
693,1,251,474
695,1,238,440
702,1,233,460
695,1,242,472
682,1,249,468
663,1,255,470
636,1,276,478
617,1,278,487
610,1,281,493
600,1,299,497
588,1,326,552
581,1,357,588
582,1,364,596
576,1,364,592
558,1,366,589
551,6,362,577
526,42,381,537
504,52,406,527
473,60,436,516
446,66,467,515
420,78,494,510
395,89,519,490
369,99,547,488
351,111,569,485
389,107,533,514
403,107,520,514
406,105,519,517
414,107,509,521
408,95,513,523
405,87,512,530
413,72,504,539
410,23,500,572
431,1,465,568
