287,309,655,235
256,309,639,235
311,309,574,237
389,318,534,226
348,311,598,234
316,318,662,226
405,317,567,228
368,316,614,228
277,311,677,234
243,309,705,237
263,308,654,236
230,291,679,254
189,286,717,259
235,270,644,275
222,261,670,285
265,249,616,296
263,251,635,293
300,246,449,300
301,243,600,135
550,240,343,78
459,236,447,101
432,233,460,296
439,216,437,281
426,215,441,317
366,203,464,288
341,206,485,285
408,204,418,291
386,213,417,259
354,221,433,256
346,230,453,203
404,242,393,176
363,251,411,152
312,261,438,139
356,271,379,159
318,282,420,173
298,287,430,168
285,282,450,198
337,262,380,198
326,242,396,229
320,225,402,273
332,218,405,211
371,222,375,231
358,224,394,228
390,221,363,186
381,227,363,201
435,224,306,190
372,227,355,248
313,231,403,252
331,236,367,251
300,233,374,259
294,234,382,255
279,229,403,210
361,216,324,158
340,216,340,176
304,219,383,193
310,217,363,210
296,209,362,217
302,192,357,238
289,178,396,234
346,170,359,249
333,166,382,302
384,158,353,323
385,155,374,343
386,146,393,311
400,146,388,276
396,142,406,296
402,141,394,314
383,134,412,322
377,145,414,327
336,152,437,263
347,161,404,269
333,168,401,273
331,176,404,274
380,172,366,308
393,171,371,318
394,160,386,289
378,157,422,324
