297,328,356,334
304,336,376,326
323,357,384,307
347,380,385,298
365,393,390,284
359,396,393,291
371,408,394,283
375,430,422,254
393,422,404,262
395,424,400,262
395,424,400,263
397,428,393,255
397,427,397,261
398,431,394,257
394,430,391,258
386,343,395,338
362,270,420,415
369,254,400,432
364,243,400,445
357,170,398,517
419,85,309,604
473,38,240,649
501,21,194,666
479,10,203,679
457,2,211,683
437,1,230,688
414,4,280,681
381,73,345,614
331,126,408,561
337,149,477,526
404,367,562,307
540,373,394,299
572,332,324,343
541,289,310,379
513,280,311,387
511,246,265,420
480,238,407,432
407,250,500,428
311,265,621,339
352,307,480,366
460,353,354,324
525,400,326,265
527,306,339,359
578,347,339,304
601,373,285,280
607,347,287,301
596,333,291,320
576,306,309,346
510,267,377,386
428,192,427,466
446,131,375,476
484,145,277,467
538,236,219,427
533,278,241,384
511,250,274,417
520,227,276,442
524,257,290,412
508,312,323,361
490,326,345,345
489,326,340,342
489,269,348,399
439,306,405,338
523,337,342,356
518,378,294,306
443,387,342,294
352,429,416,255
361,364,355,322
354,363,331,333
364,333,324,361
333,322,346,369
370,272,353,417
450,79,297,602
478,2,397,494
508,13,395,505
516,197,330,460
594,306,270,369
591,295,268,374
611,299,270,370
597,315,299,355
579,333,326,334
573,340,331,324
585,289,312,381
543,333,371,328
627,347,329,334
655,355,272,324
612,446,308,230
553,345,354,330
502,372,356,312
525,380,303,311
515,347,310,334
549,321,286,363
573,287,267,389
594,260,261,414
612,232,272,444
595,222,275,453
588,213,270,460
616,212,248,461
660,224,214,448
660,258,214,414
651,283,224,386
627,289,249,384
543,253,353,420
596,192,321,484
660,125,238,490
605,143,285,457
581,236,285,436
561,329,312,343
550,288,373,386
563,243,344,431
563,226,314,449
572,220,278,455
578,219,267,458
573,224,273,453
549,233,336,444
517,193,421,485
499,169,465,503
497,129,482,534
494,206,484,474
507,223,478,454
518,187,457,491
