787,458,3,13
764,443,3,17
0,0,0,0
729,431,3,15
0,0,0,0
710,432,5,17
708,439,3,17
708,453,3,14
714,461,3,12
721,467,3,12
730,472,3,12
0,0,0,0
745,475,3,15
750,474,3,15
756,469,3,15
756,464,5,14
0,0,0,0
754,449,3,14
750,442,3,12
744,426,4,16
740,415,3,17
737,407,3,16
736,396,4,13
738,388,4,12
743,380,5,18
0,0,0,0
759,370,3,11
768,367,3,15
776,364,4,16
783,363,5,17
789,363,4,13
792,359,4,17
793,358,4,14
790,357,5,12
786,356,5,13
782,354,4,13
775,353,4,14
767,347,5,17
761,343,4,16
756,337,4,16
751,331,3,14
745,315,5,19
746,309,4,17
746,296,5,16
0,0,0,0
751,275,4,12
754,263,4,17
756,255,3,15
758,244,5,16
759,236,5,19
759,229,6,19
759,223,5,16
758,217,8,18
759,211,7,20
759,205,7,18
762,199,7,20
766,193,6,17
770,187,7,17
777,181,7,16
785,175,6,13
795,170,5,14
806,165,7,15
818,156,7,17
831,152,6,14
842,147,7,15
853,143,6,15
859,147,6,9
865,133,5,8
865,134,7,18
863,134,5,20
854,137,5,18
842,143,6,16
828,150,4,11
808,160,5,18
785,172,5,19
762,183,6,18
738,196,5,17
715,213,4,18
692,229,5,17
672,245,6,18
654,257,5,15
638,267,4,18
625,276,4,15
615,278,4,15
610,279,3,9
0,0,0,0
0,0,0,0
0,0,0,0
0,0,0,0
0,0,0,0
0,0,0,0
0,0,0,0
0,0,0,0
632,227,5,15
643,227,5,16
655,226,5,17
0,0,0,0
0,0,0,0
0,0,0,0
703,235,10,12
0,0,0,0
0,0,0,0
0,0,0,0
0,0,0,0
0,0,0,0
0,0,0,0
0,0,0,0
0,0,0,0
0,0,0,0
0,0,0,0
0,0,0,0
0,0,0,0
0,0,0,0
0,0,0,0
0,0,0,0
0,0,0,0
0,0,0,0
0,0,0,0
842,145,5,15
849,131,5,14
856,117,5,14
863,101,5,14
869,83,5,14
875,65,5,13
881,47,6,16
889,31,6,15
