625,529,21,161
618,526,30,164
619,522,28,166
620,516,28,171
621,512,32,170
621,507,33,172
619,501,33,172
618,495,35,172
620,490,31,172
620,485,31,169
621,478,30,170
620,470,30,170
620,465,29,165
620,454,30,170
622,448,28,169
622,439,27,167
621,430,28,164
622,421,26,160
620,412,28,161
617,402,28,154
618,392,30,163
623,383,21,160
621,372,29,165
621,361,23,160
619,351,29,156
616,337,33,151
619,327,26,159
611,313,40,162
621,302,22,161
614,288,34,160
618,277,30,159
615,261,35,160
615,250,34,157
613,237,36,157
613,221,35,158
611,208,36,154
614,188,34,162
613,189,34,145
614,174,34,145
614,162,32,140
615,137,33,147
614,124,32,143
614,103,32,147
615,90,31,143
616,75,29,140
614,56,31,143
614,40,31,135
614,26,30,134
614,1,27,142
615,1,25,121
613,1,28,102
614,1,26,83
614,1,27,64
613,1,28,43
613,1,27,24
