497,491,6,9
495,487,5,8
492,481,4,7
490,477,5,8
489,474,4,8
485,469,4,8
484,465,4,9
480,458,4,9
479,453,3,6
476,449,3,6
0,0,0,0
0,0,0,0
465,428,5,8
461,420,3,6
458,415,3,5
455,409,4,6
451,407,4,5
448,405,4,7
444,406,4,7
439,410,4,8
433,413,5,8
428,413,4,7
425,411,4,7
420,405,3,7
416,402,3,7
409,399,4,7
403,394,4,9
397,390,3,8
391,387,4,6
386,383,3,4
381,375,5,8
375,367,4,8
370,367,3,6
0,0,0,0
358,356,3,8
351,352,4,8
343,345,4,9
335,336,4,9
329,329,5,9
323,322,5,8
320,319,4,4
316,313,3,3
312,305,3,3
306,294,3,6
300,284,5,9
297,278,4,8
294,271,4,8
292,265,4,7
