591,473,6,47
592,470,4,41
592,465,5,43
593,465,5,42
593,462,7,41
594,459,5,39
594,457,5,39
594,454,6,35
596,449,5,37
595,443,6,39
596,439,4,41
596,436,5,38
596,432,6,38
596,430,6,39
598,428,5,38
598,426,4,37
599,427,4,30
599,428,4,26
599,414,4,36
598,409,5,37
599,410,5,29
600,411,4,23
600,409,4,21
0,0,0,0
0,0,0,0
0,0,0,0
600,380,5,34
600,383,5,30
599,381,5,28
600,378,4,27
599,379,7,26
0,0,0,0
600,362,4,32
600,357,6,32
601,360,4,28
601,357,4,28
602,350,4,30
602,354,4,24
602,347,5,31
601,355,7,23
601,363,8,12
0,0,0,0
0,0,0,0
0,0,0,0
0,0,0,0
0,0,0,0
0,0,0,0
603,327,7,28
604,330,5,30
603,327,7,31
603,320,6,35
604,319,7,38
604,317,6,36
604,313,7,34
