675,432,23,32
679,433,26,29
676,435,25,30
664,441,18,31
652,450,18,31
631,453,22,26
605,452,26,28
568,446,27,34
519,449,16,30
480,457,25,31
444,444,31,33
387,414,34,37
329,393,26,36
300,391,28,31
272,356,36,36
234,309,37,39
162,267,35,42
114,299,41,37
56,305,46,40
0,0,0,0
0,0,0,0
0,0,0,0
0,0,0,0
164,222,3,3
0,0,0,0
0,0,0,0
0,0,0,0
0,0,0,0
486,654,70,54
0,0,0,0
0,0,0,0
112,671,88,49
254,645,62,75
404,610,60,69
541,590,58,61
607,575,28,50
626,550,45,48
616,526,37,50
692,469,33,55
793,441,47,47
0,0,0,0
0,0,0,0
836,372,32,32
843,343,34,27
879,322,26,30
0,0,0,0
843,302,28,28
809,295,30,28
806,278,28,28
816,269,26,35
799,284,22,26
778,302,22,23
763,332,25,26
772,359,22,26
778,373,23,25
761,396,18,21
748,400,20,19
739,402,18,21
736,395,21,22
733,383,20,26
717,389,20,19
721,397,19,19
728,412,18,19
748,424,23,23
765,431,20,26
762,447,16,22
761,452,18,21
765,456,18,18
786,448,15,19
0,0,0,0
796,443,17,15
0,0,0,0
782,426,16,17
813,427,13,20
0,0,0,0
835,434,16,18
820,435,14,14
855,417,14,19
870,400,11,16
883,375,14,11
902,340,12,14
0,0,0,0
926,259,12,16
938,232,9,12
910,208,14,13
895,196,10,11
917,182,10,12
889,188,15,14
887,196,13,12
885,196,8,9
866,203,8,16
0,0,0,0
819,214,14,14
792,212,12,13
0,0,0,0
0,0,0,0
0,0,0,0
0,0,0,0
0,0,0,0
0,0,0,0
0,0,0,0
0,0,0,0
421,240,12,13
0,0,0,0
418,260,8,13
460,269,12,12
0,0,0,0
0,0,0,0
0,0,0,0
993,279,9,11
1013,299,10,13
992,323,8,14
965,344,10,13
942,361,10,12
936,366,8,15
938,368,8,15
940,370,9,14
943,364,9,13
941,362,9,12
