715,324,15,13
742,322,11,15
736,317,13,11
765,331,14,12
755,353,15,11
880,217,13,9
885,234,8,10
870,301,14,14
890,330,17,13
853,383,14,10
814,396,11,12
761,390,9,14
742,392,9,11
732,390,8,12
723,390,12,9
0,0,0,0
729,392,14,9
735,395,14,8
722,394,13,13
732,392,8,14
0,0,0,0
0,0,0,0
0,0,0,0
0,0,0,0
0,0,0,0
0,0,0,0
654,394,10,12
638,389,12,10
0,0,0,0
656,378,12,11
663,377,13,11
677,381,13,8
0,0,0,0
685,391,9,11
693,394,12,12
692,396,12,12
694,396,12,10
693,396,11,10
698,393,9,9
685,392,9,8
687,388,9,9
0,0,0,0
680,382,14,11
685,379,10,9
0,0,0,0
0,0,0,0
0,0,0,0
657,349,9,7
648,336,10,7
0,0,0,0
0,0,0,0
0,0,0,0
584,297,11,9
0,0,0,0
0,0,0,0
517,305,7,6
499,313,9,11
0,0,0,0
498,332,11,10
0,0,0,0
529,336,9,9
548,338,7,12
557,336,12,9
569,333,6,14
567,335,9,12
552,334,9,15
528,332,12,15
0,0,0,0
0,0,0,0
519,326,12,18
513,331,12,13
500,329,13,16
509,325,11,17
532,334,17,22
541,347,19,19
556,354,21,21
583,357,23,23
0,0,0,0
587,364,22,36
