934,353,27,28
967,343,18,38
966,338,18,25
953,328,18,25
945,332,18,23
898,311,24,23
884,334,18,28
894,365,22,22
901,384,18,20
916,381,21,18
901,373,21,22
950,374,23,20
974,385,21,19
978,390,21,17
1001,402,22,18
942,394,22,19
926,391,19,16
872,382,22,17
858,388,20,14
807,349,26,16
768,335,25,14
758,334,21,15
751,337,17,13
773,364,15,16
785,389,15,20
759,382,16,20
732,407,20,11
670,335,19,14
621,304,11,19
553,308,19,14
496,263,17,11
0,0,0,0
0,0,0,0
509,311,14,11
590,320,9,15
587,264,15,9
650,249,16,11
683,232,11,15
612,246,16,13
550,273,18,11
582,283,14,10
563,262,14,9
0,0,0,0
0,0,0,0
0,0,0,0
0,0,0,0
0,0,0,0
0,0,0,0
0,0,0,0
0,0,0,0
0,0,0,0
0,0,0,0
0,0,0,0
0,0,0,0
0,0,0,0
0,0,0,0
0,0,0,0
0,0,0,0
0,0,0,0
0,0,0,0
0,0,0,0
640,277,7,10
631,265,7,8
615,249,7,7
594,251,8,8
0,0,0,0
551,268,8,6
552,272,6,7
573,273,6,6
589,266,8,7
583,246,8,9
574,249,10,9
576,258,8,8
