677,441,27,31
654,405,20,33
649,414,16,28
667,414,19,21
671,408,16,17
647,377,12,26
677,409,14,22
674,413,30,20
647,410,20,18
0,0,0,0
548,402,15,27
422,428,17,18
312,446,42,27
213,414,48,63
152,495,44,36
249,520,72,43
302,488,44,72
528,532,49,24
650,540,64,29
734,545,48,27
783,495,20,34
842,489,17,19
865,480,9,16
0,0,0,0
867,458,14,15
851,453,14,17
866,462,11,11
864,471,11,8
884,471,12,17
898,494,19,10
919,492,20,10
919,468,14,21
864,469,17,11
0,0,0,0
899,493,22,12
889,494,29,20
931,506,30,19
925,522,38,22
972,527,47,28
968,545,56,33
903,553,52,25
968,486,29,51
938,474,36,44
888,492,34,27
864,491,32,24
819,481,39,23
723,484,40,25
659,484,35,21
0,0,0,0
709,447,22,33
691,452,18,17
672,448,21,23
646,463,21,19
614,461,25,20
578,451,28,15
533,447,23,18
538,447,20,19
579,435,19,24
612,441,21,24
624,457,15,18
667,458,16,21
740,471,19,18
755,467,22,16
753,456,24,17
765,453,27,16
784,450,28,17
790,461,29,16
0,0,0,0
786,459,39,17
827,440,45,15
891,430,14,13
880,431,24,10
844,452,45,19
901,461,43,15
938,446,46,16
932,433,44,21
881,446,42,20
871,440,43,19
898,401,22,32
814,406,32,11
709,406,35,20
575,419,42,18
552,402,22,22
503,415,23,25
396,430,22,27
0,0,0,0
314,417,20,21
283,429,24,27
241,436,24,28
218,431,39,20
0,0,0,0
269,417,18,36
268,423,21,35
0,0,0,0
0,0,0,0
431,434,47,39
0,0,0,0
264,434,29,50
197,438,27,45
159,446,43,47
357,434,49,49
411,401,31,31
272,365,26,49
293,416,20,37
328,407,19,35
366,400,20,34
437,409,29,24
446,397,20,18
0,0,0,0
0,0,0,0
317,402,20,26
335,409,11,24
297,398,30,35
303,401,22,39
321,453,40,35
349,471,57,39
535,507,73,39
783,511,72,37
944,492,32,35
1013,451,35,27
1004,427,25,25
993,415,19,20
995,407,15,16
954,408,16,15
