171,469,65,71
215,442,38,64
218,441,37,63
219,442,38,63
215,436,49,59
0,0,0,0
0,0,0,0
97,429,119,133
194,423,97,179
215,446,86,194
209,456,144,182
174,433,164,197
139,441,147,197
248,446,55,34
0,0,0,0
0,0,0,0
0,0,0,0
0,0,0,0
0,0,0,0
0,0,0,0
0,0,0,0
0,0,0,0
0,0,0,0
0,0,0,0
194,423,45,57
169,430,48,58
241,458,50,64
225,463,36,47
189,454,59,69
174,462,54,53
136,458,48,52
181,430,46,57
237,428,36,54
216,432,47,51
213,433,41,54
207,432,31,55
121,439,49,57
178,442,47,54
180,452,36,36
158,444,53,50
89,582,107,58
41,580,104,59
3,578,93,61
1,583,48,56
0,0,0,0
0,0,0,0
0,0,0,0
0,0,0,0
251,474,65,41
249,474,67,41
247,473,64,43
243,475,62,40
243,473,68,42
241,469,69,52
241,471,69,47
242,473,69,42
245,470,66,46
243,473,71,42
243,472,68,44
245,469,58,47
244,474,60,43
245,472,67,44
247,468,63,47
251,469,66,45
248,475,68,39
253,472,64,44
