79,586,115,102
270,485,67,100
337,394,39,97
273,305,39,56
296,410,48,56
252,434,20,48
0,0,0,0
397,481,16,47
355,476,31,42
299,386,41,48
257,318,36,46
352,353,27,48
392,430,14,33
334,437,30,36
324,457,35,37
328,411,30,36
301,329,14,31
255,258,16,28
168,241,16,32
235,342,17,26
268,301,18,32
308,291,15,26
380,301,17,24
334,254,17,25
287,214,22,24
270,231,15,18
411,296,14,19
400,299,11,22
403,277,14,24
395,302,14,19
399,342,17,22
424,305,21,22
419,270,15,18
443,341,11,21
471,366,13,18
456,305,15,13
446,291,17,18
517,355,7,16
