662,454,31,30
705,448,22,30
712,471,38,33
695,476,44,31
699,466,41,30
760,454,20,39
757,491,43,47
738,514,58,47
716,517,65,46
774,498,49,38
787,522,50,78
591,625,96,95
419,643,114,77
306,594,101,96
251,549,80,61
48,565,107,76
1,576,51,94
100,508,87,73
279,457,67,65
400,413,72,49
396,430,40,45
319,465,52,38
436,445,40,53
450,465,33,34
476,441,37,32
409,435,22,34
400,452,16,19
367,429,12,13
367,430,27,23
332,426,21,23
250,433,26,21
228,438,23,20
236,437,23,16
267,426,23,19
291,412,19,19
274,415,19,15
262,410,24,16
272,413,16,9
264,403,23,18
230,402,20,13
193,398,13,13
101,395,8,9
11,392,21,18
0,0,0,0
0,0,0,0
0,0,0,0
0,0,0,0
0,0,0,0
0,0,0,0
0,0,0,0
37,386,14,13
98,389,21,17
176,393,17,15
238,401,16,8
298,403,16,11
370,396,11,14
408,405,15,11
0,0,0,0
476,406,18,11
508,406,11,11
536,400,11,12
545,395,13,13
565,396,9,7
0,0,0,0
0,0,0,0
0,0,0,0
0,0,0,0
0,0,0,0
0,0,0,0
603,399,9,8
0,0,0,0
636,402,13,12
664,406,7,9
686,406,10,11
703,403,12,9
712,400,11,11
721,404,10,11
