426,547,73,62
448,554,70,68
284,565,97,59
174,552,83,75
188,555,75,71
265,558,40,77
373,571,96,59
446,565,95,58
579,520,75,92
606,538,42,55
641,523,37,54
625,516,32,64
598,512,65,64
592,494,43,72
611,511,38,64
531,511,83,63
398,503,83,66
453,485,67,28
508,511,55,53
476,514,71,58
495,513,53,62
446,487,84,91
437,484,94,91
496,493,73,80
575,511,77,76
543,527,98,73
487,528,103,70
565,534,24,19
629,554,58,54
518,569,101,56
393,558,105,71
444,569,69,69
506,568,57,81
360,580,116,80
221,556,124,94
404,587,102,57
537,600,52,63
494,593,66,99
528,591,58,71
605,597,64,68
671,597,59,66
664,592,81,71
571,580,102,84
550,569,76,95
617,590,95,73
553,588,124,75
440,566,117,97
514,613,64,48
607,623,58,39
587,584,127,79
493,613,85,50
438,620,104,43
410,625,84,39
400,622,60,40
325,595,104,68
411,627,118,37
464,632,110,31
429,620,112,43
381,622,75,41
372,631,43,32
408,612,63,51
400,549,72,108
537,555,33,67
533,543,121,120
465,614,122,51
512,611,123,52
647,535,68,112
621,556,53,66
625,542,50,57
495,520,102,59
401,515,73,92
427,531,117,111
638,545,75,72
630,520,101,73
480,524,80,68
391,521,64,99
363,540,117,102
497,562,105,76
565,542,76,66
449,526,107,49
349,542,63,91
341,563,58,92
359,587,111,76
463,583,114,79
502,584,61,68
512,578,12,21
449,561,52,66
447,482,89,94
581,526,97,58
687,533,101,63
809,476,107,92
793,510,58,50
735,503,55,53
720,492,34,49
769,481,50,32
885,448,70,67
809,401,66,74
714,430,41,55
696,453,41,44
710,416,39,59
781,414,52,44
895,424,38,35
899,414,46,35
859,398,39,48
812,391,63,58
866,396,49,48
898,400,29,37
840,396,57,32
809,383,28,48
864,326,64,47
810,389,31,37
799,392,51,33
753,375,37,47
719,385,61,45
735,376,43,57
742,394,60,33
763,392,53,31
768,391,33,32
765,379,37,41
721,383,22,17
672,377,40,35
647,373,25,29
662,370,25,21
698,359,56,39
711,359,24,25
655,350,28,34
648,348,27,35
687,320,46,60
717,324,37,47
714,321,34,56
712,353,22,29
728,359,46,56
770,376,52,54
797,406,20,34
793,414,19,37
792,415,41,43
840,417,53,51
877,444,24,36
834,437,44,51
822,450,37,43
829,461,35,38
860,464,39,33
902,464,51,38
947,465,60,38
1004,469,52,40
1046,471,36,36
1066,471,29,36
1054,473,41,32
971,465,60,34
884,460,65,35
830,464,17,27
681,447,60,48
632,453,53,47
599,456,62,45
568,456,61,43
561,462,26,39
598,446,50,49
611,441,59,64
610,447,67,63
625,476,37,39
0,0,0,0
596,480,42,45
612,482,50,46
633,486,58,49
676,489,64,49
782,487,34,55
896,489,60,54
923,500,34,47
961,486,40,60
968,484,39,56
963,481,34,59
964,478,49,66
947,478,46,66
