623,469,99,74
610,477,81,68
668,408,63,93
653,389,64,58
602,389,74,60
555,400,71,59
533,421,65,48
625,373,33,61
657,369,30,62
667,377,40,67
637,405,52,53
678,367,45,79
719,377,30,62
709,400,22,51
650,401,40,51
583,412,47,55
621,364,27,82
638,383,31,53
621,395,20,41
561,395,39,47
494,407,45,44
516,382,31,62
584,379,20,51
592,389,20,51
565,384,20,53
465,410,51,61
454,398,48,65
559,395,23,51
582,409,29,46
570,407,27,57
505,441,35,38
433,431,40,51
471,404,39,59
554,412,27,41
563,417,30,41
546,402,23,61
476,412,33,53
388,416,47,42
438,393,29,47
495,390,28,44
494,389,42,45
503,378,21,59
455,376,46,49
441,387,34,42
473,369,34,41
0,0,0,0
652,346,27,55
0,0,0,0
0,0,0,0
0,0,0,0
677,333,35,54
734,313,31,58
788,322,26,46
805,317,28,46
813,318,21,43
776,322,32,49
746,335,41,40
786,328,41,52
857,343,24,57
891,360,24,46
900,367,24,40
895,366,25,49
870,368,28,48
829,375,45,47
885,339,46,57
962,351,27,52
990,370,26,45
996,372,26,50
967,375,32,45
931,387,55,52
1035,340,43,75
1086,361,26,47
1102,361,33,56
1110,354,26,44
1077,356,40,50
1049,357,65,53
1120,317,49,52
1117,337,31,48
1096,344,31,53
1072,348,41,50
1033,346,38,50
993,355,54,56
1008,343,75,57
1057,343,47,54
1034,349,36,52
1032,364,32,42
1041,356,30,48
1053,346,21,39
1049,366,28,35
1056,357,32,46
1078,373,25,26
0,0,0,0
0,0,0,0
1036,361,46,47
1028,373,45,40
0,0,0,0
0,0,0,0
0,0,0,0
0,0,0,0
966,355,30,42
936,369,55,43
0,0,0,0
0,0,0,0
938,374,34,41
927,379,33,43
0,0,0,0
0,0,0,0
979,406,36,36
