598,312,186,59
514,312,201,65
432,325,199,64
361,336,199,79
305,343,205,88
264,348,201,89
223,365,225,76
199,365,221,85
171,368,216,64
157,352,223,80
140,338,242,79
157,311,211,89
185,293,196,88
240,293,135,83
253,295,183,123
330,356,216,90
420,401,212,87
480,409,221,90
529,399,213,95
563,391,221,98
605,385,209,76
729,364,70,48
712,330,118,115
668,313,123,66
626,305,174,73
609,286,144,70
589,249,149,82
555,253,158,68
538,236,126,53
514,226,123,52
492,223,111,49
473,220,112,53
448,217,97,56
406,226,148,62
392,228,132,50
377,218,105,61
372,212,88,75
358,233,76,48
334,223,129,49
354,215,147,56
381,213,162,56
412,212,182,59
437,214,190,64
453,222,198,66
464,226,210,72
478,235,215,74
498,244,215,72
535,253,211,78
567,264,222,84
597,255,222,119
673,296,173,117
653,278,183,160
702,290,117,156
649,294,135,185
563,315,216,151
521,346,293,126
505,335,300,123
482,332,237,137
454,304,172,126
382,279,203,118
314,248,256,116
227,244,259,105
166,243,296,91
111,253,293,88
68,245,281,108
30,259,238,113
1,270,198,112
14,286,82,114
10,263,144,125
1,260,230,108
57,240,238,100
152,248,211,71
