450,525,213,73
409,511,206,77
371,505,211,81
342,498,203,85
316,489,206,85
291,474,184,98
249,473,196,111
210,498,179,100
176,522,180,85
138,528,195,88
127,543,185,77
101,551,191,67
94,563,182,54
100,555,179,80
121,533,157,91
146,524,134,87
174,522,77,69
177,504,97,76
189,502,119,67
199,490,159,63
242,483,177,68
289,476,180,69
336,460,183,76
374,453,190,79
417,447,209,78
482,446,200,72
532,444,203,70
572,438,209,84
608,435,207,95
622,447,211,78
630,448,205,77
647,447,191,81
668,443,172,86
683,436,130,87
719,406,101,124
738,404,93,106
725,393,104,93
734,388,78,74
758,381,56,100
761,359,63,101
749,343,64,83
730,328,85,86
730,312,114,95
746,315,68,80
748,305,75,83
748,289,76,113
749,288,89,131
767,279,79,160
736,304,128,153
727,332,150,141
704,362,183,126
678,393,185,95
651,411,189,91
623,422,188,79
586,446,189,69
557,460,197,56
544,468,186,54
539,464,181,64
536,466,187,67
541,466,183,76
541,462,180,80
545,462,182,76
558,452,180,78
575,448,177,80
592,447,177,76
609,450,173,71
633,449,168,68
655,441,162,73
689,435,149,72
726,435,146,72
784,438,109,76
799,431,103,72
793,442,66,64
769,443,80,82
752,433,73,106
732,433,74,116
698,457,96,103
689,460,78,112
686,470,71,107
674,499,61,67
666,505,64,51
642,502,66,55
622,488,80,76
605,485,52,60
585,475,59,65
556,461,52,67
538,446,60,68
512,426,55,68
489,409,82,61
456,392,113,79
441,376,129,91
455,363,117,98
433,355,136,92
443,336,133,82
440,320,148,75
459,301,150,77
467,296,156,73
487,289,157,73
498,277,140,81
509,271,142,73
545,268,121,77
575,271,99,78
616,283,86,74
611,281,108,93
584,272,154,131
579,262,173,161
595,279,174,171
604,302,185,175
624,324,179,174
631,333,190,177
638,356,207,156
639,379,225,126
650,388,223,112
636,402,231,91
650,393,180,111
689,388,133,108
709,372,120,107
722,364,104,91
756,351,68,94
743,336,90,111
730,338,101,111
730,324,110,133
730,306,127,181
693,330,134,189
665,368,199,176
643,402,230,160
622,422,244,145
605,438,243,148
561,466,251,119
477,510,259,79
384,534,274,69
311,536,265,73
231,553,257,64
158,551,257,68
86,554,255,66
1,550,260,67
1,556,175,68
1,562,84,50
