826,367,135,55
821,365,123,62
813,357,90,69
810,348,49,56
810,344,39,59
802,340,36,46
814,329,23,45
829,313,32,56
835,313,46,39
857,294,44,67
872,280,54,103
900,245,39,89
924,244,51,67
942,225,45,75
928,209,59,80
919,219,62,67
909,222,52,70
902,231,61,69
898,234,66,65
893,237,63,61
889,231,72,67
877,221,81,72
873,212,85,76
865,203,97,80
871,189,111,86
874,184,126,94
882,189,136,84
883,193,160,81
890,208,179,71
901,214,179,64
903,235,137,60
886,254,108,51
865,258,95,63
839,282,75,60
814,304,47,47
804,318,40,43
792,329,33,34
775,336,30,39
778,344,28,26
781,348,31,25
780,349,31,21
769,346,38,27
772,343,36,31
778,349,30,25
784,350,27,27
787,361,27,24
792,367,32,26
807,373,42,35
821,381,41,38
812,394,46,33
794,404,55,37
