474,291,406,142
538,286,440,148
619,260,417,178
687,234,422,179
725,185,446,200
823,180,456,193
894,181,385,201
905,171,375,214
954,183,324,219
1024,189,253,251
1110,235,169,237
1066,252,213,259
980,278,254,266
929,297,333,266
902,296,377,281
863,318,416,278
827,341,375,286
765,366,400,283
704,405,447,255
573,504,470,147
449,532,469,154
382,525,454,160
302,451,422,242
178,363,365,258
128,270,246,242
111,149,213,278
54,1,215,236
121,1,143,81
1,1,317,31
1,1,171,91
33,1,165,192
7,3,187,260
3,95,219,235
1,157,223,223
1,202,191,244
1,252,88,240
1,356,137,159
1,369,163,167
1,416,182,142
1,484,220,90
15,444,249,165
6,392,341,241
40,333,370,221
57,280,391,235
88,204,359,286
147,133,335,285
228,93,368,247
293,61,402,179
375,54,415,139
489,11,425,175
607,34,404,174
653,29,399,252
724,61,331,281
837,124,257,270
940,169,167,263
959,200,192,257
911,237,301,255
845,330,409,185
773,368,442,179
701,406,439,170
667,441,435,188
636,475,430,164
601,501,423,160
562,501,429,174
541,502,403,166
514,479,419,180
495,475,415,172
470,471,420,175
448,468,417,157
432,468,393,162
417,412,380,218
412,353,362,258
