655,411,158,105
653,400,151,97
659,391,144,99
674,383,122,84
685,384,91,79
676,380,61,54
675,371,86,51
645,354,110,46
646,344,115,46
648,342,116,50
651,344,133,54
653,348,142,58
665,342,142,61
670,326,133,100
694,325,137,117
708,344,155,124
742,376,158,99
741,389,180,84
761,405,185,75
774,417,196,77
794,425,204,78
836,424,188,81
856,431,194,62
895,425,190,63
924,423,187,56
960,411,179,76
986,421,187,79
1019,411,189,64
1050,393,194,79
1079,391,183,67
1103,372,176,75
1123,358,156,80
1123,342,156,83
1139,334,133,72
1162,328,107,82
1197,331,50,57
1181,328,58,64
1162,323,106,77
1124,327,126,71
1103,322,117,74
1084,320,121,79
1088,316,107,70
1077,314,86,73
1070,314,89,73
1065,322,50,60
1058,313,42,64
1027,320,67,63
993,329,106,54
942,328,133,65
911,333,165,68
893,329,147,79
883,340,145,76
892,343,127,75
886,346,97,75
885,351,52,80
872,358,42,83
870,370,37,68
848,378,60,62
821,385,97,65
808,382,111,62
793,375,113,63
773,368,118,61
742,362,141,71
717,353,165,76
701,346,162,75
678,337,170,75
664,338,166,79
660,335,135,68
670,332,104,73
643,335,101,67
622,343,83,68
601,346,87,80
