997,189,87,138
1014,189,80,83
1016,178,61,101
986,185,60,90
922,175,84,69
878,171,114,92
824,175,81,132
795,181,57,152
771,183,56,149
783,174,65,162
786,115,106,200
807,86,170,202
883,101,176,181
1006,142,174,154
995,109,284,150
850,121,429,197
534,225,564,228
239,347,604,179
57,353,608,194
1,366,570,264
67,390,572,225
248,370,561,207
575,327,456,193
544,333,498,160
462,324,425,125
427,255,270,116
441,170,240,195
617,161,103,54
551,150,326,116
523,166,336,113
542,167,216,148
553,199,156,174
562,227,308,139
646,241,343,90
748,230,311,93
768,180,271,208
709,113,211,227
555,32,272,217
510,1,320,148
525,1,183,120
541,1,144,141
508,1,195,108
528,9,123,117
377,61,273,89
251,64,311,105
123,71,350,126
60,67,349,116
131,28,308,221
238,1,236,212
357,1,133,129
428,1,52,71
449,1,274,74
530,34,309,133
603,100,327,126
673,69,250,135
624,18,175,199
544,26,145,112
360,53,287,119
300,49,311,132
367,14,287,189
536,1,183,184
639,1,99,185
699,1,267,86
767,1,329,74
840,1,288,111
801,1,301,130
773,7,306,140
790,26,304,169
826,52,309,162
864,80,305,112
863,35,293,162
