590,249,235,73
579,249,219,63
565,248,219,71
574,252,208,76
581,268,202,96
599,286,185,95
634,270,179,105
623,261,180,101
642,251,181,100
702,249,188,99
712,249,201,92
697,239,208,94
687,240,212,95
673,251,211,92
665,251,213,94
637,248,216,99
612,261,216,97
598,270,222,94
600,276,221,90
597,272,223,93
594,278,220,89
585,271,228,101
597,265,222,95
590,251,245,76
606,229,226,73
596,205,231,80
592,217,246,56
620,217,243,54
639,216,246,51
642,213,243,41
634,165,246,48
609,148,251,55
593,186,243,56
591,245,245,47
620,255,237,65
633,252,231,80
641,254,235,92
655,261,231,100
665,274,230,109
646,286,236,115
618,305,232,114
600,334,224,110
588,353,219,110
574,370,219,98
544,381,230,101
498,398,226,95
478,409,219,92
455,422,215,75
427,429,220,71
416,430,220,68
406,432,223,66
400,424,217,69
398,416,211,75
400,422,213,91
416,413,206,105
416,404,209,108
418,409,205,114
418,415,202,121
407,424,196,121
401,423,193,127
395,436,192,124
374,463,195,117
338,468,204,102
343,461,200,94
346,447,200,88
356,442,206,76
392,408,193,78
391,369,200,84
382,363,201,77
374,355,198,84
362,356,201,87
330,373,200,99
325,385,188,99
328,389,184,94
330,400,184,84
343,407,186,73
337,401,191,75
340,392,193,82
348,387,179,87
350,373,148,83
345,353,150,97
344,344,144,83
339,333,175,89
334,327,190,87
332,343,188,74
334,341,178,82
361,358,165,76
382,347,173,94
395,348,176,81
406,316,193,87
401,321,215,84
373,333,233,89
371,348,235,61
368,292,237,91
365,297,231,83
307,321,214,83
280,321,199,90
257,287,191,86
252,259,201,87
306,269,218,89
326,304,217,86
344,337,219,62
357,326,204,67
363,358,149,59
399,381,133,46
418,381,101,57
363,321,144,141
344,341,118,130
356,337,81,145
381,244,69,168
384,207,82,89
397,222,86,101
421,279,89,83
466,312,91,67
529,322,103,67
544,320,119,58
533,304,126,77
517,307,134,72
504,262,134,75
523,286,130,68
560,293,130,78
551,265,135,77
550,255,133,80
554,260,131,63
556,263,129,60
549,270,113,70
521,290,122,76
517,282,116,66
511,260,109,68
513,253,107,68
528,249,96,73
544,251,85,66
538,234,88,73
499,244,147,63
494,249,157,70
494,253,153,75
435,261,177,141
415,338,119,90
381,325,184,164
387,363,135,144
422,341,190,163
435,321,199,132
473,382,166,76
495,415,105,64
452,425,111,68
396,413,84,64
392,416,85,56
399,431,56,60
392,432,86,54
396,401,119,79
472,417,68,55
486,413,85,56
442,427,164,72
425,419,227,95
424,410,230,110
443,408,239,121
460,427,230,110
470,415,232,100
496,426,201,70
546,442,171,67
560,440,208,72
563,446,203,77
581,436,201,79
652,481,73,49
708,534,88,49
675,530,217,77
589,492,223,78
506,467,221,87
450,461,225,85
430,453,230,86
389,454,234,87
378,455,222,84
376,472,217,74
390,463,210,84
396,456,208,85
407,454,197,87
403,449,211,97
432,466,201,85
462,478,196,79
484,495,195,74
