144,17,686,309
240,27,634,286
249,21,664,257
298,28,650,242
420,20,560,257
523,120,488,201
608,127,429,209
695,120,378,222
707,116,395,245
693,125,430,200
768,114,373,165
787,99,370,195
774,95,367,189
815,115,327,202
818,117,281,207
944,107,133,197
921,46,102,320
838,1,167,247
801,1,153,203
663,1,265,207
541,1,380,139
474,1,382,149
421,3,364,194
446,25,304,200
512,1,241,260
586,18,189,232
654,54,166,207
718,80,89,156
775,89,87,112
803,65,88,164
842,54,86,176
844,85,82,129
776,97,152,123
686,131,211,119
583,154,261,112
586,136,300,117
636,70,351,136
707,131,312,90
789,165,277,93
836,175,324,115
888,146,325,112
919,143,323,97
895,137,298,89
835,158,290,58
785,141,265,68
755,125,252,69
790,169,193,52
789,187,239,74
823,241,186,45
860,257,166,39
834,251,235,64
861,268,215,59
852,271,221,68
852,265,220,72
855,252,217,63
840,267,184,33
832,255,213,58
814,268,220,38
778,248,215,62
763,249,216,61
753,258,231,58
764,254,230,73
781,257,223,63
798,235,196,103
775,235,215,88
784,241,222,66
759,233,224,64
744,247,239,61
734,234,245,61
724,233,241,63
738,233,220,64
738,238,220,63
748,242,212,62
751,245,199,61
743,243,188,71
735,254,169,69
716,255,155,64
710,282,131,60
695,294,134,65
650,287,146,59
603,303,141,23
567,297,151,32
529,297,165,33
509,293,173,31
498,285,171,29
502,277,209,55
521,269,203,61
548,251,197,61
561,241,183,55
549,250,149,50
517,252,161,64
474,261,138,75
453,268,110,74
462,271,70,65
471,293,68,29
481,291,94,20
