486,277,63,30
479,281,65,26
472,280,63,26
470,278,58,28
466,276,54,33
464,275,51,32
463,273,47,38
457,271,53,35
456,262,56,37
458,263,55,36
469,258,44,36
474,255,30,34
479,248,31,36
476,248,55,24
489,247,58,31
505,249,61,37
521,257,63,37
536,267,65,27
551,272,63,25
563,274,62,25
572,273,64,29
582,273,63,29
594,269,61,26
602,268,62,24
613,265,60,33
623,268,62,36
634,273,58,35
644,278,59,35
653,287,56,33
663,284,55,40
676,295,57,40
685,304,58,37
701,315,57,34
716,320,56,39
727,327,56,36
739,335,56,37
751,340,60,40
768,355,67,28
771,353,60,35
776,366,66,25
804,377,48,15
811,382,51,14
818,386,51,11
825,387,54,10
821,386,63,17
830,388,61,19
840,391,57,13
846,387,60,29
866,386,53,16
868,384,63,22
882,383,61,24
892,378,60,28
899,382,63,22
908,380,63,28
914,386,65,23
921,390,67,19
931,390,63,22
942,399,58,19
949,396,58,22
950,392,64,32
964,389,57,30
977,380,52,39
984,370,57,47
996,365,50,43
1015,359,43,33
1024,353,40,34
1032,352,47,29
0,0,0,0
1041,342,39,31
1036,337,48,27
1031,335,45,16
1024,334,43,12
1014,328,57,19
1006,329,48,11
1006,329,43,10
997,328,37,8
992,323,33,11
989,324,39,11
983,325,35,12
970,326,42,10
956,327,50,13
946,320,53,23
933,326,63,22
921,330,63,22
911,338,64,16
901,343,51,13
891,340,67,16
884,341,60,20
879,343,56,19
868,346,59,16
860,346,60,15
855,342,52,16
850,338,50,15
827,339,61,21
807,348,56,16
810,346,58,13
808,346,55,18
804,347,58,17
801,350,57,17
800,353,55,15
797,357,45,11
794,354,48,14
791,359,58,16
789,359,57,18
787,356,57,21
786,353,55,27
787,347,56,34
785,346,45,38
786,340,51,40
788,339,47,42
787,333,39,43
787,329,34,47
786,325,33,46
786,323,26,42
785,323,30,37
785,319,42,32
784,320,47,32
793,316,51,23
795,311,60,28
807,303,61,32
811,299,68,27
830,300,57,26
838,297,61,22
848,294,63,20
858,295,66,18
870,295,64,18
881,295,61,20
891,294,57,23
911,303,45,18
912,303,52,20
924,303,47,21
933,308,48,17
944,310,47,17
949,314,55,15
960,312,53,18
965,315,57,13
975,316,58,17
985,312,59,18
991,312,61,14
1000,310,61,15
1008,310,63,15
1019,309,60,15
1027,308,61,15
1034,308,62,15
1043,306,63,15
1058,309,54,9
1067,310,53,7
1066,304,66,11
1083,303,52,9
1073,290,66,21
1077,287,63,28
1083,287,58,28
1090,289,39,30
1107,295,25,19
1103,292,32,24
1091,294,43,26
1080,299,56,29
1070,302,50,28
1057,313,58,19
1045,315,60,20
1035,323,48,14
1024,326,51,14
1015,321,62,22
1007,332,52,14
999,329,62,25
993,330,67,22
983,333,61,28
971,335,64,26
959,338,64,30
950,343,61,29
938,347,62,30
931,354,58,29
922,357,61,30
913,362,64,31
904,365,64,35
900,374,59,26
891,380,50,21
886,377,57,25
884,378,57,23
889,381,45,21
