759,478,218,105
850,444,107,131
866,425,108,129
823,411,175,95
789,412,202,71
760,415,185,83
702,420,210,83
652,420,230,65
615,417,211,79
582,429,198,76
569,435,185,86
573,443,165,72
546,464,184,64
574,478,107,103
544,486,112,93
531,496,134,90
512,497,117,90
453,462,151,121
362,491,200,90
319,478,220,63
294,477,191,77
269,481,175,74
270,486,132,72
258,492,110,75
248,503,113,73
205,517,124,74
176,521,148,76
161,527,151,82
144,529,124,75
161,523,88,85
147,516,98,85
108,488,180,105
144,470,183,91
156,450,214,95
180,438,259,82
232,415,265,89
278,418,275,82
354,410,264,91
413,420,264,87
484,424,249,87
548,421,216,77
629,408,160,89
699,414,100,82
752,406,66,77
749,391,131,75
732,389,184,71
768,399,197,80
829,399,137,109
879,417,93,116
814,444,173,101
729,466,242,93
654,480,243,110
