246,384,434,58
246,384,434,58
246,384,434,58
246,384,434,58
246,384,434,58
246,384,434,58
246,384,434,58
246,384,434,58
246,384,434,58
246,384,434,58
246,384,434,58
246,384,434,58
246,384,434,58
246,384,434,58
246,384,434,58
246,384,434,58
246,384,434,58
246,384,434,58
246,384,434,58
246,384,434,58
246,384,434,58
246,384,434,58
246,384,434,58
246,384,434,58
246,384,434,58
246,384,434,58
246,384,434,58
246,384,434,58
246,384,434,58
246,384,434,58
246,384,434,58
246,384,434,58
246,384,434,58
246,384,434,58
246,384,434,58
246,384,434,58
246,384,434,58
246,384,434,58
246,384,434,58
246,384,434,58
246,384,434,58
246,384,434,58
246,384,434,58
246,384,434,58
246,384,434,58
246,384,434,58
246,384,434,58
246,384,434,58
246,384,434,58
246,384,434,58
245,383,434,58
245,383,434,58
245,383,434,58
245,383,434,58
245,383,434,58
245,383,434,58
245,383,434,58
245,383,434,58
245,383,434,58
245,383,434,58
245,383,434,58
245,383,434,58
245,383,434,58
245,383,434,58
245,383,434,58
245,383,434,58
245,383,434,58
245,383,434,58
245,383,434,58
245,383,434,58
245,383,434,58
245,383,434,58
245,383,434,58
245,383,434,58
245,383,434,58
245,383,434,58
245,383,434,58
245,383,434,58
245,383,434,58
245,383,434,58
245,383,434,58
245,383,434,58
245,383,434,58
245,383,434,58
245,383,434,58
245,383,434,58
245,383,434,58
245,383,434,58
245,383,434,58
245,383,434,58
245,383,434,58
245,383,434,58
245,383,434,58
245,383,434,58
245,383,434,58
245,383,434,58
245,383,434,58
245,383,434,58
245,383,434,56
243,383,438,56
245,383,437,56
246,382,437,59
244,382,439,57
245,383,438,56
245,382,437,55
244,383,437,54
244,383,438,54
244,382,438,55
244,383,433,53
244,383,433,53
244,383,430,54
244,382,430,55
246,382,428,55
245,383,429,54
244,383,430,54
244,382,430,54
244,382,430,54
244,382,430,55
244,382,430,55
244,382,431,55
244,382,430,55
244,382,434,55
244,382,435,55
244,382,435,55
244,382,436,52
244,382,438,52
244,382,437,52
244,382,439,55
244,382,438,55
244,382,437,55
244,382,439,55
244,382,438,55
244,382,438,55
244,382,437,55
244,382,438,55
244,382,438,55
244,382,437,55
244,382,438,55
244,382,437,55
244,382,437,55
244,382,437,55
244,382,438,55
244,382,438,55
244,382,437,55
244,382,438,55
244,382,438,55
245,382,436,55
245,382,435,54
245,382,437,54
245,382,437,54
245,382,436,54
245,382,436,54
245,382,436,54
245,382,437,54
245,382,436,54
245,382,436,54
245,382,436,54
245,382,436,54
245,382,436,54
245,382,436,54
245,382,437,54
245,382,437,54
245,382,437,54
245,382,437,54
245,382,436,54
245,382,437,54
245,382,437,54
245,382,438,54
245,382,436,54
245,382,437,54
245,382,437,54
245,382,437,54
245,382,437,54
245,382,437,54
245,382,434,54
245,382,434,52
243,381,438,52
245,381,441,56
252,382,446,56
255,384,457,51
288,386,444,53
308,383,444,53
333,383,439,57
346,382,445,51
345,382,446,49
348,381,446,49
345,382,444,54
351,386,444,52
357,385,438,51
374,384,437,44
384,384,440,48
381,380,442,55
377,380,444,55
389,381,435,57
397,382,434,56
411,381,434,59
424,379,434,55
430,376,431,52
435,373,422,54
438,373,421,59
461,375,405,56
465,371,412,58
472,371,415,48
479,368,409,50
486,365,398,52
482,365,399,56
489,366,396,55
498,364,389,58
512,362,387,50
519,361,382,49
512,356,382,53
510,355,371,54
511,357,372,52
518,355,364,53
525,355,359,52
