610,345,113,151
608,343,114,151
609,343,115,151
609,343,111,151
609,342,114,151
610,342,111,151
609,343,113,152
610,343,110,151
609,342,111,152
609,342,113,152
608,341,113,152
610,340,111,153
609,339,109,153
609,339,108,153
608,339,112,154
609,338,109,154
609,338,110,154
610,338,108,154
609,338,107,154
609,338,106,154
609,338,106,154
609,337,106,154
609,338,106,154
608,338,107,154
610,337,106,154
608,337,110,154
609,337,110,154
610,338,109,154
608,338,110,154
609,338,112,153
610,339,110,153
609,338,111,154
609,339,110,153
609,339,111,153
608,338,111,153
609,339,112,154
610,339,110,154
608,340,111,155
610,339,112,154
608,340,113,154
611,340,110,153
610,341,112,153
610,341,109,153
609,340,112,153
612,341,109,152
609,341,113,154
611,340,112,153
608,340,113,154
610,341,112,152
609,340,112,154
609,340,114,153
609,340,112,153
610,341,112,153
610,340,112,153
610,340,111,153
610,340,108,153
610,340,111,153
609,340,110,153
610,341,111,152
610,340,112,153
609,341,112,153
612,341,108,151
609,343,111,152
610,343,114,151
610,343,114,151
609,342,115,151
611,342,112,151
611,342,114,151
609,343,114,151
610,342,114,151
611,343,113,151
610,343,113,150
610,343,113,151
610,343,113,151
609,343,114,151
610,342,113,152
611,342,112,151
611,342,113,152
611,343,112,151
609,342,114,151
611,343,113,151
610,342,115,151
612,343,113,151
610,342,115,151
611,343,113,151
610,343,114,151
612,344,113,150
610,343,115,150
610,343,115,150
610,343,115,150
611,343,114,151
611,343,113,150
610,343,114,151
611,344,113,151
610,343,114,151
611,343,114,151
611,343,113,151
611,343,115,151
611,343,114,151
610,343,114,151
611,343,114,150
610,343,114,151
611,343,113,150
610,343,114,151
611,343,114,150
610,343,115,151
611,343,114,150
610,343,115,151
611,343,116,151
610,343,114,151
610,343,116,151
611,343,115,151
610,343,115,151
610,343,115,151
611,343,114,150
611,343,115,151
609,343,113,150
612,343,113,150
610,343,115,151
611,343,116,151
608,342,116,152
611,343,113,151
610,342,114,152
611,342,111,152
609,342,114,152
611,343,113,151
610,343,115,152
610,343,114,151
610,343,116,151
610,342,114,151
609,342,114,151
610,343,114,151
609,343,115,151
610,343,114,151
610,342,114,151
610,343,114,151
612,343,113,152
612,342,113,151
610,343,116,151
610,343,115,151
610,344,114,151
610,343,115,151
609,343,116,151
610,343,116,151
609,343,116,151
610,343,117,150
608,344,118,151
611,343,112,150
609,343,115,151
612,344,111,150
609,343,114,151
612,343,111,150
609,343,118,151
612,344,111,150
610,343,115,151
610,343,116,150
611,343,115,150
610,343,117,150
611,343,116,150
611,344,116,151
610,343,114,151
611,343,114,151
611,343,115,151
611,343,114,151
610,344,115,151
610,344,114,151
611,343,115,151
610,344,116,151
611,344,115,150
610,343,115,151
611,343,115,150
611,343,115,151
611,344,115,150
610,343,115,151
611,343,115,151
610,343,115,151
609,343,116,151
611,343,115,151
610,342,116,152
609,341,114,152
610,340,112,152
611,338,111,154
611,338,110,154
612,338,109,154
614,339,109,153
614,340,111,152
611,340,113,152
609,340,114,152
611,341,114,151
609,340,113,152
610,340,115,152
609,340,114,152
610,340,113,152
611,341,114,152
610,340,114,152
611,341,114,152
610,340,114,152
611,340,112,152
609,340,114,153
609,340,112,152
611,340,112,153
613,340,111,152
612,339,112,154
611,339,112,153
610,340,112,152
610,340,114,152
610,340,114,152
610,339,114,153
611,340,113,152
610,339,115,152
609,339,116,152
609,340,116,151
611,341,111,151
610,339,112,153
609,339,112,153
609,340,113,152
609,340,115,151
610,340,114,151
611,339,113,152
609,340,114,153
612,340,111,153
612,339,111,154
611,340,114,153
609,340,115,153
610,340,114,152
611,339,113,153
609,339,114,154
610,340,115,152
611,340,113,152
610,339,112,153
609,340,114,153
609,340,115,151
612,340,112,152
610,340,112,153
610,340,114,152
610,340,113,152
609,340,115,152
610,341,114,152
610,340,114,152
610,341,112,152
610,341,115,152
610,341,114,151
609,341,114,151
610,340,115,152
609,340,112,152
611,340,112,153
613,339,108,154
612,339,110,155
611,339,111,153
610,339,113,153
609,340,112,152
610,340,113,152
610,340,115,152
610,340,114,152
610,339,114,152
610,340,112,152
609,340,115,151
611,340,112,152
611,341,112,152
610,341,113,152
612,340,111,152
609,340,116,153
612,340,111,152
612,339,112,153
609,339,114,153
610,340,113,152
610,340,115,152
610,340,112,152
610,340,113,152
610,340,115,152
610,340,114,152
610,340,112,151
611,340,113,151
611,340,111,152
610,340,113,152
611,340,111,151
610,340,111,152
609,340,114,152
611,340,113,151
609,340,114,152
612,341,112,151
609,340,116,152
611,342,115,150
613,341,113,152
612,341,115,151
611,341,116,151
610,340,114,152
612,340,112,152
610,340,114,152
609,340,116,151
610,341,115,151
609,341,114,151
609,340,117,151
609,340,116,151
610,340,114,151
610,340,115,151
610,340,115,151
610,340,116,151
611,341,110,151
609,340,116,151
