39,173,39,47
36,172,41,48
36,171,40,50
35,171,39,50
33,171,39,49
29,170,40,49
22,171,40,49
9,170,40,49
1,171,28,49
6,173,32,47
45,180,28,41
11,179,31,42
0,0,0,0
0,0,0,0
0,0,0,0
0,0,0,0
0,0,0,0
0,0,0,0
0,0,0,0
0,0,0,0
0,0,0,0
0,0,0,0
0,0,0,0
0,0,0,0
0,0,0,0
0,0,0,0
0,0,0,0
0,0,0,0
0,0,0,0
0,0,0,0
0,0,0,0
0,0,0,0
0,0,0,0
0,0,0,0
0,0,0,0
0,0,0,0
0,0,0,0
0,0,0,0
0,0,0,0
0,0,0,0
0,0,0,0
22,186,28,42
51,184,26,44
74,183,27,42
93,184,28,40
113,183,26,41
132,183,27,39
154,185,24,36
175,183,24,37
198,182,23,37
219,183,23,36
239,182,24,36
256,181,26,37
274,180,24,36
288,182,24,36
303,183,25,35
319,184,25,35
339,183,23,36
361,185,22,35
386,185,24,33
