9,221,1270,499
58,213,1215,505
499,229,255,494
513,230,260,495
462,238,344,484
436,240,351,488
465,238,287,481
494,248,268,471
508,241,247,478
502,241,247,478
506,250,254,467
494,247,258,472
495,245,251,474
506,254,248,459
508,252,254,466
513,247,261,472
522,246,250,473
529,251,252,467
524,257,260,462
527,254,261,465
518,264,271,455
509,253,275,466
496,255,279,464
490,249,278,470
489,237,270,481
489,242,272,477
493,252,271,464
490,258,270,461
492,266,267,453
495,262,270,457
500,253,279,464
511,223,280,494
515,218,274,501
495,224,301,488
417,224,383,497
383,228,469,483
362,234,512,484
311,234,624,481
335,238,617,474
344,230,553,487
332,234,519,485
368,233,474,481
381,227,460,485
387,232,468,485
421,229,409,490
567,239,151,480
559,242,165,477
571,234,152,485
