275,128,255,586
280,168,257,542
282,183,260,527
285,182,264,525
289,181,258,526
309,180,221,524
323,179,195,524
336,177,186,526
347,177,178,526
354,180,175,523
359,178,179,524
365,181,178,519
371,179,176,521
380,177,171,520
384,180,172,518
388,179,175,518
393,181,172,516
395,180,174,516
398,179,172,519
400,181,174,515
404,178,171,518
406,180,171,517
408,177,172,522
409,181,173,515
413,181,173,515
415,177,172,519
418,180,170,517
418,180,173,516
422,181,171,515
426,180,168,517
426,182,171,516
427,180,174,514
433,182,171,514
435,182,172,515
439,179,171,515
443,182,171,512
450,186,169,507
453,184,171,510
459,182,172,513
465,183,172,512
470,179,174,515
480,182,169,512
485,182,172,512
491,181,175,512
501,180,168,512
506,183,169,509
515,182,168,510
521,181,174,511
527,182,170,510
534,183,166,508
539,184,173,507
544,181,170,511
549,182,172,509
553,184,172,508
558,184,171,507
560,181,172,509
564,181,169,511
566,182,171,509
570,184,170,509
571,182,169,511
575,182,170,513
576,181,173,512
579,181,170,512
580,183,170,510
584,185,171,509
585,185,171,509
587,186,167,510
591,185,167,509
590,187,168,508
591,185,165,511
591,189,167,508
589,186,170,510
588,188,169,509
586,188,167,509
582,188,172,510
576,189,172,507
566,190,171,509
553,190,176,506
537,186,176,511
520,185,176,513
497,186,174,511
473,185,174,513
448,186,169,513
420,181,179,518
397,181,177,520
371,181,178,520
348,181,183,523
322,180,180,522
299,176,184,529
272,175,186,528
252,172,189,536
228,170,188,537
207,171,189,538
185,170,187,540
164,166,191,544
144,165,198,548
127,164,199,547
111,163,196,550
98,166,195,546
85,162,198,549
75,165,199,547
63,161,203,550
54,160,202,550
45,161,208,548
41,159,205,552
38,156,205,552
35,159,205,553
33,162,207,549
31,162,207,551
29,160,208,552
28,159,207,554
28,162,208,552
26,162,205,550
22,160,210,554
23,163,207,550
18,162,208,547
18,165,212,548
19,166,205,547
15,166,209,546
17,165,210,544
14,166,209,544
13,167,209,543
11,169,209,542
12,167,209,544
7,169,212,545
7,170,212,544
9,173,211,541
9,171,210,538
9,174,211,540
12,177,203,535
11,175,208,540
10,177,206,536
11,176,207,536
11,177,206,534
12,175,208,536
11,179,208,532
11,177,204,536
12,181,203,532
14,178,205,533
14,179,203,534
15,179,204,533
16,179,207,533
13,179,222,534
15,180,243,533
13,181,274,531
13,179,312,532
22,182,337,528
29,181,351,528
35,139,362,574
43,101,360,610
52,78,368,632
56,69,361,644
62,60,355,650
64,56,354,655
67,52,358,660
70,57,356,654
73,53,357,658
78,53,358,658
82,53,355,660
83,56,356,656
86,58,358,653
94,56,353,655
96,58,354,655
103,58,351,652
107,59,350,650
115,60,349,649
120,58,348,651
125,60,348,650
134,62,348,648
141,61,344,650
146,61,348,651
154,62,351,650
163,62,346,651
169,63,352,650
174,62,350,652
183,63,347,650
192,62,346,651
198,62,345,650
205,64,344,648
212,63,343,650
