917,187,127,434
917,186,128,429
917,186,129,429
918,186,129,429
925,187,130,431
927,190,130,430
933,195,131,432
946,203,132,430
957,205,133,432
962,207,133,437
961,216,133,434
960,217,131,438
959,223,132,433
961,223,132,436
963,223,133,436
967,222,132,436
964,222,133,437
961,222,131,435
958,218,130,436
955,214,131,435
955,209,130,436
949,209,131,433
947,207,129,432
944,205,126,429
940,203,128,430
939,201,128,430
938,199,128,431
939,199,128,432
940,198,128,433
941,203,128,431
940,206,129,431
938,210,128,430
936,214,129,430
933,218,129,431
931,222,129,431
930,227,128,430
931,229,128,430
931,234,129,431
932,236,128,432
933,238,126,431
929,242,129,430
927,244,128,431
926,246,126,430
924,248,126,430
921,249,128,431
922,249,126,432
921,251,127,432
922,252,125,432
923,255,126,429
925,255,125,427
926,254,126,426
926,252,126,427
927,248,128,428
930,245,127,428
931,243,126,427
931,239,126,426
932,236,127,428
932,231,126,428
932,230,128,430
933,227,127,430
933,227,129,433
934,230,129,431
934,233,130,431
933,237,130,431
931,243,128,428
922,251,131,426
914,255,131,426
911,257,129,425
908,257,128,426
906,255,128,425
904,250,128,424
908,245,129,423
909,236,128,424
910,231,128,424
910,225,128,423
908,224,128,422
907,223,128,423
905,223,128,423
914,226,128,420
924,231,132,423
937,233,130,426
942,236,132,429
946,241,134,431
945,241,133,433
943,244,133,432
945,245,132,433
954,244,131,432
959,239,130,436
964,246,133,434
973,246,132,435
983,246,133,436
992,244,133,440
995,247,136,440
995,248,135,442
992,251,135,440
993,252,135,442
996,254,137,442
1001,255,135,442
1007,257,136,441
1008,254,135,446
1008,258,135,444
1007,261,135,442
1006,264,135,444
1004,267,135,443
1001,269,136,442
999,272,136,440
997,274,135,442
994,278,134,437
992,279,134,441
993,283,134,430
992,292,133,428
992,294,136,423
994,300,138,419
995,302,136,416
993,306,135,413
989,304,133,415
982,306,132,413
974,302,136,417
968,299,132,420
957,297,134,422
945,299,134,420
933,297,133,422
922,300,132,419
912,299,133,420
908,301,129,417
904,303,128,414
898,307,129,410
894,309,130,409
890,309,130,409
884,307,129,412
871,305,129,414
858,302,129,415
848,302,128,415
844,294,127,420
843,295,126,419
845,297,128,419
853,300,128,412
861,303,128,412
871,304,128,407
877,301,128,410
880,296,130,422
882,308,126,406
883,309,125,407
880,308,124,410
876,309,126,408
872,309,126,409
867,310,125,407
862,311,122,406
856,312,122,402
852,305,124,410
848,302,120,417
840,303,122,408
834,299,122,411
830,289,122,414
826,282,125,416
824,282,120,412
821,280,122,415
825,275,118,409
833,270,122,416
842,267,123,414
852,274,124,412
861,267,123,413
868,270,124,417
875,268,125,420
886,264,129,436
897,265,135,446
915,265,137,429
929,272,140,446
939,272,140,443
938,275,137,440
944,280,137,434
939,282,135,437
935,287,129,428
936,293,125,420
934,291,125,422
937,292,124,427
935,287,127,425
931,287,126,425
922,282,125,425
921,279,125,422
916,275,126,427
921,271,125,427
920,266,129,424
921,267,128,424
919,265,129,429
918,261,130,426
918,258,130,426
917,256,131,430
910,257,131,422
907,254,134,425
901,255,133,422
896,255,133,420
889,258,135,417
887,259,135,414
884,260,133,417
884,261,135,418
885,262,135,421
890,262,136,415
891,262,138,422
896,262,133,418
894,260,133,413
896,261,134,404
898,261,135,409
900,259,135,413
901,260,135,413
903,259,133,412
897,260,138,411
898,257,137,410
901,252,131,413
901,253,130,408
908,252,128,406
906,253,132,409
906,248,133,407
913,244,132,411
912,243,128,411
910,237,130,413
904,236,138,412
908,230,135,414
903,229,136,414
908,231,132,408
910,231,128,417
899,232,133,409
907,231,126,417
904,233,128,412
904,231,124,411
905,229,127,413
904,226,128,417
903,223,129,419
898,223,128,420
902,225,131,415
903,230,130,413
907,228,132,410
913,227,124,413
914,230,125,414
907,233,130,414
910,234,128,410
912,233,129,415
914,235,131,414
912,239,128,412
915,237,126,415
909,239,133,416
919,241,130,416
919,243,132,418
920,242,131,418
920,241,135,418
923,245,130,415
922,241,132,416
927,243,133,419
926,242,131,421
931,244,129,419
925,245,129,418
925,246,129,417
926,244,131,420
929,246,128,417
929,244,127,417
930,243,128,420
928,245,128,417
930,241,126,416
935,239,124,414
928,235,123,418
922,232,123,420
914,235,124,420
905,234,125,418
903,234,124,417
903,234,122,400
894,235,124,384
895,237,129,382
901,238,118,377
897,244,125,372
901,247,117,372
898,252,122,363
896,254,134,360
889,255,123,345
882,259,124,349
878,260,122,351
872,259,111,350
868,260,111,352
858,260,110,361
846,262,118,366
843,261,115,369
840,264,115,398
835,262,113,405
826,261,114,402
823,260,112,400
816,258,113,400
812,255,114,396
800,257,116,394
787,250,121,399
783,245,116,397
776,242,122,398
775,240,121,398
774,235,118,398
774,237,120,393
774,237,117,397
771,240,122,393
773,240,123,396
770,242,129,399
774,242,125,402
771,250,124,401
777,248,123,405
778,255,126,401
787,259,124,398
791,256,122,404
790,259,123,397
795,257,124,406
799,257,125,402
801,259,127,403
808,253,123,410
811,257,123,406
817,259,127,404
824,259,124,401
832,256,127,407
835,255,129,406
837,253,129,413
841,250,128,405
844,247,124,407
845,241,133,411
846,237,135,409
850,235,132,406
846,231,132,411
848,225,135,408
845,227,130,412
845,226,125,408
850,220,121,413
850,224,122,406
846,222,120,404
839,221,119,405
834,218,121,404
837,215,114,368
828,208,116,338
828,205,114,308
829,203,115,286
824,199,115,261
815,199,112,246
808,197,112,223
798,197,108,211
791,196,103,218
782,198,112,211
778,196,110,202
775,196,109,202
772,197,113,213
769,198,106,189
768,196,108,199
759,196,110,204
760,196,113,201
758,196,111,208
757,197,111,207
758,200,112,214
762,204,103,214
761,208,108,228
761,210,108,219
762,217,110,231
764,222,112,231
763,225,114,243
765,233,115,251
767,236,109,254
762,242,109,248
764,245,112,250
765,248,107,255
762,249,108,247
759,252,110,252
760,255,109,235
762,253,112,258
771,256,106,252
765,256,112,265
768,259,108,282
763,262,114,280
763,264,109,291
763,263,110,296
765,262,114,298
770,265,111,303
772,267,111,301
772,268,116,304
777,269,111,312
775,268,115,317
776,264,113,317
776,263,110,308
775,258,95,265
772,257,112,254
764,253,114,310
771,247,109,330
774,241,112,347
776,240,113,340
779,240,117,335
787,235,112,346
791,233,115,348
794,227,116,356
795,223,115,363
800,220,115,357
806,216,116,351
