341,131,81,199
344,129,80,199
348,129,83,197
355,127,84,198
358,127,86,197
360,127,85,197
363,127,85,196
364,127,86,196
366,127,86,196
368,128,86,194
371,128,82,193
372,128,79,193
375,130,77,191
378,130,76,191
378,130,75,191
380,131,75,190
382,130,76,190
383,129,79,191
385,128,80,191
387,128,80,190
386,127,84,190
390,126,82,190
392,127,81,189
394,127,80,191
396,127,77,189
398,127,76,190
399,128,74,189
402,129,72,188
403,129,74,188
405,130,74,186
408,130,75,186
409,131,76,186
410,131,80,185
410,130,82,186
411,130,84,185
412,129,87,186
413,128,88,185
415,128,88,184
417,127,86,185
419,127,84,185
423,127,82,185
424,128,80,183
425,127,77,183
426,128,74,183
426,128,72,183
427,129,70,183
426,129,69,182
428,129,68,181
427,130,69,181
427,130,69,181
426,130,70,179
427,130,71,181
427,130,72,180
427,129,73,181
428,129,75,181
429,128,74,180
429,128,75,177
430,129,76,177
429,129,76,177
430,128,76,178
429,128,75,177
429,128,76,176
430,129,74,178
430,129,74,177
431,129,73,176
430,129,74,176
431,129,74,178
430,130,73,177
430,130,73,177
430,130,72,176
432,130,70,175
433,130,68,176
434,131,66,175
436,130,63,175
439,129,61,176
