241,362,427,92
242,364,424,88
243,364,420,88
245,364,415,88
243,368,418,92
229,413,429,87
229,421,431,79
232,465,428,91
231,462,394,191
218,458,425,168
241,428,363,239
267,428,255,266
284,449,145,238
286,456,106,254
326,440,51,264
320,413,49,281
340,385,50,284
376,343,44,310
395,338,48,316
407,318,42,330
399,320,45,391
399,334,42,382
398,331,60,381
395,344,64,362
403,354,59,357
406,349,51,309
400,346,58,317
407,354,52,313
402,354,61,309
398,355,65,300
369,357,76,293
368,347,70,299
371,327,71,310
383,320,73,372
399,309,61,391
400,301,64,412
408,296,53,418
414,293,60,421
408,286,62,428
420,285,57,428
435,269,54,436
428,252,62,436
426,253,70,426
424,254,87,418
421,251,108,421
425,257,109,412
431,251,112,399
427,255,117,394
429,263,115,380
425,252,116,391
426,234,125,391
411,240,134,388
416,238,136,397
409,229,135,406
405,233,149,386
403,224,147,389
414,236,134,377
432,230,123,365
408,226,144,382
425,227,130,371
411,223,144,392
404,241,150,374
409,222,144,393
410,240,137,374
410,239,146,373
407,226,148,394
419,233,136,380
417,237,138,376
423,239,136,364
422,234,132,372
401,230,155,387
401,223,142,381
421,228,117,361
430,222,117,361
433,220,116,358
434,213,121,373
444,217,110,354
431,227,125,356
447,220,104,348
424,238,124,368
426,216,124,387
431,232,116,370
433,230,117,370
440,234,105,368
426,243,115,372
437,229,111,394
425,248,140,379
426,238,139,388
437,230,110,377
446,242,107,360
421,223,121,400
439,248,107,363
424,222,118,394
421,228,125,387
433,237,114,369
425,241,118,381
420,233,125,385
425,237,122,382
426,231,133,380
420,241,135,377
428,233,132,386
440,238,118,367
434,238,119,364
427,231,126,372
436,231,120,348
417,229,146,371
420,239,145,360
414,230,155,364
416,228,154,366
410,235,155,367
415,229,153,370
412,229,158,365
412,220,144,378
416,212,139,388
421,239,145,358
410,217,138,375
414,221,134,369
416,220,137,378
416,217,138,383
419,217,136,380
425,235,130,353
434,226,132,363
431,221,132,370
425,218,134,375
426,213,132,389
429,220,127,375
436,224,119,365
422,226,136,378
436,224,119,366
434,222,125,367
425,236,129,366
428,235,124,369
441,232,117,368
440,239,128,365
445,236,128,372
438,227,119,383
439,229,118,375
439,225,109,376
438,230,107,370
424,232,118,383
419,232,122,383
412,227,138,390
408,211,156,391
413,225,140,363
412,223,144,357
390,218,164,357
389,219,163,351
391,214,167,356
388,208,170,366
388,206,168,369
399,210,159,376
394,216,173,371
398,235,161,355
390,227,177,354
394,224,168,358
393,216,170,362
395,219,173,361
391,224,175,348
393,220,175,348
393,224,170,339
390,216,172,356
392,217,182,349
391,219,178,339
394,213,176,347
395,224,173,331
394,212,177,354
396,227,170,342
397,215,165,355
399,225,157,349
392,228,176,352
392,220,179,346
403,218,160,350
402,219,158,351
403,206,156,372
411,218,142,353
408,220,142,345
389,223,177,355
393,216,174,369
399,221,160,357
415,226,149,365
424,223,140,362
409,228,146,373
397,227,156,372
402,225,154,376
403,228,166,373
410,228,154,371
394,217,172,366
394,230,170,356
395,220,177,361
411,230,157,350
395,228,163,357
390,216,172,356
392,216,180,359
394,225,173,339
391,207,176,368
392,224,171,345
384,213,177,378
385,214,180,370
394,229,153,364
399,233,145,380
408,228,139,382
405,234,140,375
409,247,146,359
399,230,162,378
411,234,133,379
408,228,131,379
399,227,142,393
406,230,139,385
410,226,139,380
401,247,146,354
409,222,152,386
406,216,144,384
411,221,148,386
416,217,144,383
424,218,139,376
414,230,140,372
