210,506,482,88
208,503,494,90
208,504,497,88
211,510,485,80
214,509,487,85
214,509,486,83
215,501,486,90
219,477,489,126
241,428,466,200
286,352,419,296
349,266,333,399
431,203,209,455
505,166,83,477
510,190,92,447
471,186,156,452
445,202,192,453
451,239,169,425
442,246,168,423
441,248,161,418
440,246,158,410
440,246,160,406
442,246,162,389
443,236,166,382
440,234,178,377
435,234,185,367
444,232,174,369
438,227,178,376
431,210,180,409
436,213,169,411
436,212,173,417
429,214,175,427
431,217,168,434
430,216,168,435
431,217,163,439
430,215,161,446
431,218,156,445
428,218,156,448
430,221,155,448
432,219,152,453
428,218,154,458
429,222,153,456
433,220,149,459
427,222,154,456
435,220,143,460
432,220,144,461
435,223,142,462
434,220,146,461
431,222,153,459
435,223,148,460
433,223,151,460
434,226,150,459
435,226,150,462
441,225,144,465
440,224,141,466
437,222,143,469
437,221,144,470
443,220,137,475
442,222,134,471
442,218,138,473
439,222,141,469
443,219,136,470
440,220,139,471
440,220,136,470
440,219,132,471
439,222,130,464
433,217,135,465
431,215,136,459
437,213,132,453
435,211,140,440
430,205,153,429
433,200,155,411
430,197,167,396
430,193,171,397
430,194,171,402
428,203,172,410
425,204,171,422
431,203,163,429
429,205,164,424
431,204,164,426
438,201,155,431
434,203,160,424
438,204,154,419
437,202,156,416
436,200,156,418
438,204,159,415
438,199,157,415
435,203,157,414
435,201,157,416
434,201,161,416
434,202,162,416
434,204,159,408
439,203,153,414
434,204,158,412
436,203,155,414
437,208,156,410
439,204,156,416
434,201,161,420
440,202,154,419
441,204,156,418
442,206,151,418
437,204,158,417
439,203,157,421
440,202,155,423
442,206,152,422
441,205,154,421
440,206,152,419
438,205,157,424
443,207,153,425
440,207,153,429
438,208,157,427
444,208,150,425
442,206,153,428
445,207,147,426
441,206,152,430
439,207,156,427
439,207,159,430
443,207,153,427
444,206,151,429
441,208,155,427
444,208,154,426
445,206,151,429
445,209,151,428
441,207,156,429
443,210,155,425
440,208,159,428
441,208,158,427
442,208,156,428
441,208,159,428
443,209,159,428
440,208,159,425
443,208,152,425
443,210,159,421
445,205,154,428
442,208,154,422
443,207,156,425
441,207,159,426
442,209,157,419
444,208,155,418
441,208,158,414
440,210,160,407
445,207,154,412
442,208,157,407
444,208,155,405
443,208,156,404
445,210,154,402
444,207,155,397
446,207,154,393
443,208,158,392
438,207,162,392
441,207,160,392
438,207,161,393
442,208,158,392
443,207,158,394
436,207,164,393
439,204,161,395
435,205,166,394
439,206,163,393
441,206,161,394
438,205,163,395
439,205,163,394
441,206,161,393
442,206,161,395
440,205,162,395
437,205,163,395
439,206,163,393
438,207,165,393
438,202,164,398
439,207,163,394
437,204,165,396
439,206,164,395
441,207,161,395
440,205,163,396
440,208,163,396
438,204,166,398
438,206,164,396
438,205,166,396
440,204,163,397
438,205,165,395
438,206,165,394
437,202,166,399
444,205,159,397
439,204,164,398
443,206,161,397
440,205,163,398
442,204,161,398
442,206,161,395
441,204,162,398
443,206,160,397
443,209,161,394
439,206,165,399
443,205,162,398
445,207,158,396
442,208,161,397
439,205,164,399
439,207,166,396
440,207,165,397
441,205,163,399
439,207,163,398
441,205,162,398
443,207,160,397
441,207,162,399
440,206,163,396
442,206,161,398
439,206,163,396
438,206,165,396
440,205,163,402
445,206,157,399
442,204,160,400
441,205,161,402
442,206,161,399
441,206,162,398
446,206,156,398
442,208,162,397
443,207,159,399
441,206,161,397
445,205,157,402
446,206,155,400
445,206,158,400
444,209,156,397
442,207,160,401
442,207,159,400
444,207,158,400
446,206,156,402
445,205,156,405
440,207,160,402
443,208,158,403
444,208,156,402
441,204,158,408
443,209,156,403
444,207,155,402
440,209,158,403
448,208,150,401
445,207,154,403
441,207,159,405
444,207,156,405
442,207,157,405
447,207,151,403
445,208,155,406
445,206,154,404
443,206,155,407
442,208,155,403
439,208,160,404
440,208,158,406
442,207,156,406
437,209,161,403
439,208,158,407
438,205,160,407
439,208,159,404
440,206,157,406
440,209,158,406
442,210,156,404
439,207,159,407
438,206,159,412
437,209,162,408
438,205,159,409
438,206,161,409
435,208,161,411
439,208,160,409
443,208,155,411
435,208,164,409
437,207,162,410
437,208,160,407
436,207,160,409
434,209,164,411
434,208,163,407
433,205,165,411
436,207,161,410
438,209,159,407
427,207,170,410
434,207,162,411
435,209,162,408
433,206,163,411
431,207,166,411
432,207,163,412
433,208,162,409
436,207,159,409
437,205,159,410
435,209,159,408
433,206,162,411
434,208,162,407
438,207,156,410
441,209,153,406
