145,7,14,119
145,1,18,117
161,27,13,74
160,63,17,34
161,56,17,42
160,58,18,44
155,53,24,49
176,21,10,79
132,37,51,80
170,32,30,78
214,1,73,133
203,1,24,139
207,157,53,55
190,145,20,22
171,132,19,20
16,92,132,41
119,97,50,27
150,125,40,22
71,134,129,36
84,130,118,28
147,128,31,20
164,124,61,51
176,132,16,52
73,63,111,92
65,62,114,79
169,59,56,66
175,70,23,48
181,73,61,27
101,24,105,71
63,72,177,31
169,36,53,109
186,47,36,27
151,1,34,122
126,25,79,115
152,45,51,99
151,63,30,94
144,64,40,82
133,58,50,64
130,74,84,26
103,56,122,106
135,84,94,62
221,1,66,117
227,30,63,84
218,93,74,9
215,84,84,11
217,79,103,21
203,94,117,61
177,1,64,110
1,38,192,76
21,54,195,52
1,99,181,12
68,101,99,76
145,111,98,104
164,1,6,132
160,1,15,130
160,132,23,52
165,111,25,16
0,0,0,0
181,113,5,17
0,0,0,0
0,0,0,0
174,137,12,21
161,90,23,65
146,103,39,57
128,112,48,56
105,120,74,66
77,96,110,29
135,140,67,19
146,122,52,35
149,72,51,80
141,62,74,67
0,0,0,0
204,97,40,14
186,64,39,60
157,135,20,12
100,142,96,24
112,127,110,9
118,127,107,13
209,133,71,47
184,112,16,61
160,109,50,34
75,121,118,63
83,122,72,67
149,27,76,87
162,1,10,132
64,107,130,23
156,108,57,6
227,96,19,12
213,46,28,96
209,43,59,108
188,61,84,89
146,72,109,74
111,69,139,34
117,17,110,81
209,103,75,22
205,114,85,9
155,103,102,34
192,118,41,24
193,75,83,50
155,1,31,127
131,1,59,131
124,1,78,126
132,50,102,89
195,138,97,44
186,129,99,43
186,126,117,46
94,6,109,73
36,8,152,70
45,7,148,72
67,28,138,61
202,73,100,46
190,50,82,59
188,23,56,62
173,32,57,63
165,92,23,33
110,122,88,15
101,14,86,143
103,31,56,66
131,52,23,31
145,61,19,30
126,69,29,43
170,1,59,59
187,1,61,61
176,1,119,106
29,119,159,72
14,77,179,40
27,1,165,56
176,92,93,33
162,21,90,108
155,15,51,68
139,42,40,86
87,58,129,98
67,68,78,104
83,62,57,81
83,64,47,55
79,20,70,81
1,90,126,14
1,108,109,32
1,42,151,63
92,26,49,64
183,1,46,127
152,46,107,89
85,76,113,103
86,92,134,84
49,72,99,56
69,64,85,52
103,54,58,45
99,55,119,7
175,1,15,130
177,125,119,14
148,113,149,28
187,119,64,31
170,111,17,26
170,79,5,25
165,73,13,28
159,76,12,26
137,64,33,38
0,0,0,0
159,61,5,49
149,51,5,62
