984,119,67,299
939,132,76,104
975,32,60,180
988,258,140,184
992,433,129,21
968,345,115,19
840,312,52,13
828,312,180,10
830,295,51,18
930,339,44,12
0,0,0,0
976,221,175,108
942,253,27,113
941,186,22,178
762,287,285,40
696,259,309,127
867,208,61,206
746,337,208,37
719,270,281,26
694,270,287,22
694,265,297,14
811,265,137,157
772,132,174,257
606,329,188,281
582,573,143,118
631,334,393,312
838,64,37,496
781,354,96,270
829,337,95,286
633,181,231,340
588,39,269,463
407,223,276,261
689,136,269,398
732,60,131,490
770,600,220,18
786,205,194,351
704,307,173,385
774,290,146,348
545,6,310,450
571,202,230,271
495,430,168,186
537,275,147,105
719,2,66,469
524,115,364,417
514,1,104,218
529,215,85,95
589,102,315,494
489,18,271,384
278,683,220,37
39,370,431,346
271,4,254,285
334,38,227,232
364,295,140,31
507,281,89,268
383,264,446,418
625,1,132,523
316,1,433,281
513,1,193,582
627,358,432,233
820,471,404,180
860,426,351,192
875,390,322,220
873,382,320,221
879,378,311,219
851,349,343,249
843,340,314,238
817,344,277,210
803,345,253,195
765,351,247,183
712,355,251,181
692,386,224,151
675,387,219,151
640,360,250,179
666,388,219,150
660,396,219,141
636,406,240,132
594,419,261,123
581,379,255,127
561,324,275,23
524,101,265,202
464,1,199,370
459,1,98,370
452,1,50,369
451,1,13,377
437,1,39,375
448,1,66,376
468,1,72,375
487,1,65,377
496,1,62,376
504,1,57,376
500,1,63,372
497,1,68,373
495,1,72,376
501,1,64,376
503,1,63,373
501,1,68,372
491,1,81,369
487,1,88,372
492,1,81,372
498,1,66,371
497,1,69,370
492,1,74,371
485,1,84,368
481,1,87,369
487,1,76,372
494,1,70,371
497,1,64,372
498,1,62,372
498,1,66,369
494,1,70,371
491,1,76,371
492,1,73,373
496,1,67,374
501,1,59,375
498,1,63,371
500,1,63,370
497,1,66,371
496,1,69,373
497,1,67,371
503,1,60,372
501,1,61,374
502,1,63,372
502,1,62,371
496,1,66,375
490,1,64,376
490,1,50,378
471,1,56,383
448,1,67,383
423,1,74,382
396,1,72,382
364,1,68,391
341,1,56,394
303,1,50,397
222,1,55,399
171,1,65,399
177,1,72,393
193,1,75,386
165,1,70,387
152,1,63,380
158,1,51,381
157,1,42,411
141,1,49,414
106,1,142,393
291,1,116,305
444,2,50,403
473,487,234,86
539,386,201,89
565,1,82,475
477,246,177,143
548,162,136,361
253,252,420,282
403,1,213,431
8,1,416,122
565,1,189,405
615,1,43,503
591,498,219,22
594,88,270,323
472,192,237,467
571,343,232,211
192,148,302,343
290,298,44,215
412,290,377,237
261,222,511,36
564,257,224,96
492,236,494,191
737,256,358,148
764,236,360,152
785,230,339,146
791,227,334,151
794,214,329,159
787,221,313,151
767,238,260,129
757,257,204,103
759,265,180,94
790,264,178,97
817,261,183,100
839,260,178,98
848,260,172,93
846,262,175,96
844,258,178,97
840,259,183,101
853,257,170,97
845,254,177,105
847,254,177,98
852,265,150,86
836,282,159,86
863,227,93,85
819,111,98,203
868,265,210,156
571,259,180,59
743,312,256,27
759,283,216,83
615,206,208,78
863,207,82,205
906,427,77,30
884,190,75,248
883,289,27,85
852,448,86,12
873,287,82,120
875,216,44,164
819,165,28,125
822,306,90,17
844,295,111,32
826,245,149,103
776,106,176,263
885,295,58,235
877,166,119,314
644,174,264,216
657,138,154,223
594,193,273,160
0,0,0,0
701,63,194,123
594,1,97,438
375,519,364,80
594,402,49,43
541,267,180,88
651,302,275,24
656,293,269,25
678,335,92,142
461,73,226,339
532,80,129,429
292,477,338,151
335,358,240,78
444,226,236,157
461,171,213,203
421,172,434,226
565,73,160,430
506,297,93,321
500,1,326,352
752,222,164,86
433,271,363,111
586,281,427,71
675,268,188,202
652,275,240,199
673,280,217,173
823,287,28,113
844,134,30,344
794,483,158,39
799,492,140,34
810,487,131,30
811,490,128,28
817,489,122,31
833,434,116,50
794,166,61,289
728,83,154,342
696,132,79,319
722,100,130,289
848,49,44,309
821,498,130,33
839,422,134,81
823,334,164,38
798,259,151,150
793,260,145,149
802,244,146,155
737,73,137,388
678,285,213,105
675,129,201,408
684,132,71,64
784,39,66,329
764,502,181,30
810,393,188,102
714,304,279,133
799,368,155,33
670,307,291,146
655,303,299,173
654,345,281,106
776,327,106,71
752,189,260,285
602,124,368,124
509,119,121,328
367,484,274,24
359,379,187,74
409,286,136,32
188,296,365,32
67,284,375,33
15,205,329,87
1,125,235,147
24,130,100,111
