153,18,81,336
163,1,49,383
168,1,43,408
170,36,49,402
169,59,48,394
182,56,34,392
179,52,38,395
175,51,37,392
173,56,33,387
169,62,31,388
161,68,35,390
163,68,35,391
162,68,33,385
161,70,35,392
159,75,34,388
160,74,32,393
157,68,35,395
160,57,32,390
164,56,34,390
167,61,31,389
170,65,28,385
170,65,31,385
170,68,29,385
173,74,33,385
172,75,36,385
173,76,37,385
173,72,35,385
172,68,38,388
169,71,39,388
160,61,42,388
153,163,152,78
163,134,111,221
121,75,123,259
103,236,183,34
42,272,386,32
54,285,381,18
119,186,360,64
1,164,377,28
2,120,396,58
54,95,349,136
188,151,52,25
0,0,0,0
128,88,68,163
122,115,46,191
32,127,296,230
68,167,283,182
216,230,132,119
96,143,134,238
61,104,178,247
187,212,118,169
196,118,99,280
248,143,200,87
324,112,88,258
392,107,66,73
190,97,295,231
388,44,105,164
439,190,58,62
282,114,319,218
188,169,282,146
0,0,0,0
226,70,279,244
385,151,68,22
377,108,42,44
0,0,0,0
270,24,184,32
337,1,118,171
0,0,0,0
303,340,308,43
321,333,287,21
441,253,145,65
312,214,243,27
226,149,158,132
185,165,299,182
193,163,301,183
219,151,300,195
243,153,290,188
292,135,235,204
259,143,274,226
355,261,90,208
164,242,187,154
248,134,131,97
295,1,36,325
244,90,196,230
320,146,258,193
205,1,133,419
256,1,208,371
0,0,0,0
133,55,426,115
198,102,344,66
292,125,121,30
0,0,0,0
416,69,111,321
328,45,142,296
0,0,0,0
121,60,154,100
189,173,83,123
75,130,378,77
75,172,392,28
68,158,172,65
1,94,294,157
274,40,219,87
0,0,0,0
366,202,274,26
378,180,40,23
0,0,0,0
0,0,0,0
0,0,0,0
0,0,0,0
0,0,0,0
0,0,0,0
236,78,35,171
263,88,10,141
276,61,21,246
265,155,32,173
216,60,99,346
269,271,48,134
0,0,0,0
0,0,0,0
128,169,28,30
0,0,0,0
145,124,17,27
0,0,0,0
0,0,0,0
204,228,96,111
149,251,171,12
200,106,316,211
156,147,249,201
148,167,251,232
150,177,264,196
146,174,260,202
151,173,256,238
199,156,285,248
232,153,313,195
218,161,331,120
139,197,394,28
35,118,353,132
57,132,346,189
102,270,409,44
189,187,307,221
333,170,125,288
383,96,117,331
0,0,0,0
101,18,60,52
121,41,40,111
157,150,126,178
1,295,320,173
49,255,374,191
70,252,376,191
101,240,377,185
173,191,354,184
279,191,161,144
199,199,297,87
0,0,0,0
397,242,84,42
352,248,75,24
221,224,174,58
333,281,93,46
323,254,144,61
268,253,98,57
218,245,212,44
255,214,141,120
0,0,0,0
354,86,206,213
250,107,189,280
252,160,220,32
346,144,82,99
354,135,76,104
376,134,236,128
208,132,351,203
161,136,346,189
135,139,331,197
79,197,336,155
1,352,200,17
1,274,204,49
0,0,0,0
306,118,106,19
143,30,384,50
126,38,383,12
111,27,204,81
0,0,0,0
140,259,297,40
120,196,237,57
87,122,278,73
94,143,161,54
0,0,0,0
81,180,122,53
1,176,207,46
17,179,192,42
103,210,166,8
154,180,349,65
140,153,345,52
119,127,352,61
113,100,340,104
132,92,341,126
261,182,102,176
102,209,129,217
52,134,261,295
58,143,251,284
232,191,108,218
186,106,161,95
285,78,83,81
209,154,241,25
371,245,144,141
272,273,284,59
245,250,285,61
0,0,0,0
282,1,102,153
184,25,263,196
286,205,96,97
210,282,376,158
199,257,376,130
195,169,337,81
269,138,36,132
361,155,45,55
344,170,31,19
265,107,36,28
0,0,0,0
192,192,90,10
156,137,277,56
127,112,249,51
0,0,0,0
0,0,0,0
224,80,157,128
210,99,143,72
325,92,19,15
311,118,59,82
291,104,81,61
323,147,122,142
183,112,249,45
361,88,168,36
212,71,312,101
182,79,317,89
245,103,203,29
361,93,70,256
324,101,87,50
265,89,171,145
290,1,69,253
340,1,33,271
336,1,109,288
343,1,125,293
347,1,110,287
330,1,83,279
292,1,63,251
264,1,47,235
247,1,36,272
239,94,6,293
230,53,29,341
237,52,22,341
251,56,15,341
257,57,17,339
