314,99,117,183
360,97,71,120
353,98,74,160
357,101,64,197
366,100,53,215
371,108,49,213
370,109,44,212
366,113,50,202
359,113,58,197
351,119,64,180
351,124,70,140
396,140,35,30
413,162,21,13
306,110,124,83
328,55,96,151
369,7,48,205
406,1,14,212
398,1,78,204
414,26,141,143
384,154,190,56
369,127,85,250
297,143,67,171
181,173,188,52
171,98,151,76
203,13,162,197
277,1,87,211
356,1,19,209
349,1,151,191
352,141,265,14
374,122,182,180
374,113,27,201
284,130,133,42
260,36,161,107
308,1,113,147
333,1,92,152
335,1,96,154
330,1,106,158
331,1,112,159
342,1,84,120
362,1,117,172
398,1,97,170
416,1,72,189
422,1,45,216
420,1,34,230
434,1,21,248
455,1,28,273
447,51,127,253
438,176,224,138
424,306,248,123
422,304,245,121
421,300,246,128
422,298,245,128
424,297,239,129
447,300,217,125
464,201,191,211
460,183,207,206
460,184,197,210
460,184,197,212
459,181,198,208
460,181,203,207
459,181,202,203
460,180,203,207
458,180,203,203
458,175,210,196
459,181,222,171
454,179,235,166
452,181,231,164
451,179,230,171
447,181,233,168
447,181,235,167
444,181,236,165
443,183,234,167
441,183,234,166
447,182,229,168
459,200,210,79
360,172,239,112
354,188,244,102
357,189,242,99
353,196,243,94
351,198,245,85
335,199,234,86
327,222,227,50
337,231,233,33
358,216,242,48
380,199,261,59
447,184,244,56
488,177,303,31
488,175,303,32
486,171,300,33
483,176,297,30
481,181,298,23
478,183,297,24
474,182,301,25
470,173,296,37
458,156,293,58
444,142,242,84
266,168,237,110
261,130,181,190
264,128,166,192
263,124,169,200
267,122,163,204
269,119,157,209
273,119,153,208
277,114,149,217
283,112,136,222
296,111,120,227
302,113,111,223
308,113,102,226
318,112,76,215
343,102,50,227
386,95,9,228
390,94,39,229
389,93,71,224
404,93,85,193
403,95,106,201
398,104,130,185
386,121,157,142
372,162,186,48
376,142,176,78
392,106,148,140
403,86,124,181
410,75,92,206
413,71,67,214
418,61,13,91
399,59,43,207
353,52,92,187
352,54,91,184
354,53,92,187
356,53,90,187
358,56,96,180
357,55,101,174
350,52,121,158
340,61,151,120
337,84,180,66
340,116,198,12
354,106,196,53
372,99,164,99
383,93,131,146
392,94,90,173
402,92,45,197
407,92,14,199
399,89,18,204
389,88,36,199
382,85,51,200
377,84,64,191
371,85,71,189
356,79,89,178
340,71,99,157
344,72,100,161
346,72,95,161
347,74,97,158
348,73,95,161
348,73,102,155
347,74,98,155
344,82,101,149
342,91,98,145
343,96,96,158
357,102,76,170
367,104,66,180
414,105,10,27
409,110,12,21
351,112,66,173
341,119,79,155
327,132,102,132
319,179,122,29
317,152,116,96
313,147,118,100
315,144,116,109
316,144,110,105
315,146,113,106
313,146,111,102
313,171,128,51
274,146,167,86
306,104,74,157
304,95,37,181
241,131,60,45
240,130,147,95
271,100,58,184
286,113,17,187
290,134,8,182
289,133,9,186
290,132,8,189
291,130,8,189
291,132,9,185
292,133,9,183
290,131,12,186
292,132,9,185
293,132,8,181
