249,156,339,386
206,307,479,46
261,235,424,193
365,139,391,271
453,140,386,257
473,121,361,284
660,76,40,390
529,341,439,82
529,326,431,99
619,328,62,77
444,385,437,27
446,363,453,90
393,353,461,96
365,280,418,159
638,145,216,234
527,384,445,28
535,376,444,33
0,0,0,0
334,398,464,22
320,218,365,165
286,105,360,238
277,116,384,224
297,102,354,247
435,23,25,422
122,334,430,91
120,330,424,104
133,283,316,128
376,396,160,20
157,421,490,20
162,398,483,60
280,386,441,60
433,167,142,281
111,255,434,170
131,391,422,23
102,401,448,13
79,398,467,33
280,175,178,234
296,314,462,94
592,125,73,281
463,397,457,14
446,392,457,24
456,384,453,25
441,311,365,147
542,318,178,137
553,367,281,142
553,342,511,77
565,242,387,218
545,247,370,205
547,242,255,190
660,159,268,240
654,256,309,148
658,241,324,165
527,232,391,262
556,242,310,284
680,227,45,258
573,261,481,37
573,217,616,91
576,242,628,71
429,295,597,35
467,319,420,45
641,250,382,263
609,270,413,267
621,311,353,232
628,287,346,263
630,216,364,336
608,217,514,173
632,262,473,101
639,276,458,85
652,283,444,78
650,325,457,64
666,383,460,44
872,353,342,69
872,353,326,67
871,322,327,92
722,292,468,157
616,340,514,120
537,282,465,172
531,260,126,45
341,140,477,303
278,310,575,104
292,321,584,85
322,291,575,118
467,248,490,205
596,274,118,196
239,301,519,192
262,138,481,255
270,104,469,323
306,119,468,287
441,215,360,129
411,60,358,348
268,185,530,201
271,172,523,221
315,159,479,251
465,180,387,284
539,216,230,269
631,250,13,213
306,251,449,11
345,227,417,43
358,237,417,37
425,260,434,34
449,281,434,42
538,200,141,126
411,191,364,235
342,262,421,197
329,271,414,216
312,259,418,215
324,211,390,257
332,193,382,185
250,265,447,55
228,272,459,50
221,299,460,36
203,362,458,13
161,386,443,14
108,363,426,64
104,371,426,57
109,363,423,59
122,337,412,88
144,312,382,122
136,333,408,88
183,372,420,79
629,457,117,135
482,271,411,115
611,154,244,167
611,145,242,170
489,318,416,32
555,164,72,344
320,209,441,173
331,185,449,91
578,1,127,430
673,401,311,56
552,364,365,210
557,358,370,213
736,292,263,177
726,268,258,278
720,281,261,276
722,277,247,215
640,315,283,193
720,392,82,44
644,179,100,331
669,130,32,133
665,142,40,124
659,143,16,113
567,218,263,243
670,188,162,234
739,102,32,475
736,113,24,494
700,135,63,494
525,277,423,271
544,216,412,267
687,240,149,307
624,255,375,275
661,282,290,244
681,262,280,274
701,199,327,324
690,218,429,186
701,314,434,53
714,323,417,56
720,357,421,25
750,393,423,22
821,394,429,63
824,414,426,52
817,398,426,65
804,401,413,67
758,431,360,17
0,0,0,0
487,378,456,140
546,206,401,264
534,227,404,250
528,172,386,296
461,335,462,199
652,195,119,268
526,233,383,208
459,230,350,129
470,54,152,471
194,465,406,195
203,416,485,260
194,414,504,211
148,311,387,306
170,321,378,311
194,313,369,315
253,245,329,333
400,241,194,331
478,334,108,248
519,281,19,175
569,1,18,592
573,1,99,544
581,1,115,553
396,1,382,526
375,149,494,279
529,27,22,514
573,46,16,459
573,55,47,456
540,135,191,367
454,253,348,125
487,119,104,151
446,160,264,286
254,227,428,275
258,240,413,285
264,217,396,304
288,134,362,321
278,145,366,218
159,254,481,63
144,267,484,50
119,273,496,43
105,280,492,55
88,336,494,34
19,318,461,97
18,343,462,88
33,342,462,89
54,323,450,108
62,303,453,122
86,307,477,113
182,293,478,150
352,83,232,476
400,5,68,467
