1,227,1238,87
1,233,1238,77
1,233,1238,81
1,246,1238,61
1,251,1239,47
1,255,1233,45
1,256,1224,55
1,255,1227,68
1,263,1219,54
1,271,1223,43
1,274,1215,45
1,272,1180,38
1,274,1149,39
1,279,1136,45
1,254,1141,86
1,247,1153,100
1,250,1170,98
1,240,1194,122
1,213,1217,178
1,210,1229,192
1,227,1239,163
1,237,1243,142
1,247,1239,136
1,224,1238,171
1,166,1217,274
1,173,1225,250
1,180,1235,234
1,170,1247,246
1,172,1252,240
1,181,1252,224
1,198,1260,195
1,227,1265,138
1,263,1265,75
1,30,1183,592
452,1,322,720
521,2,389,718
263,116,1017,416
166,267,1114,104
94,300,1186,79
76,290,1204,101
94,291,1186,89
104,293,1176,85
96,293,1184,85
94,298,1186,69
96,294,1183,46
