515,189,216,120
525,148,193,151
537,166,127,103
0,0,0,0
552,100,51,240
0,0,0,0
591,101,34,89
583,149,169,163
658,117,54,100
620,105,87,219
0,0,0,0
589,186,143,82
615,55,123,249
625,116,33,184
599,117,64,185
556,113,150,171
565,127,91,147
581,74,49,222
527,135,124,170
486,140,189,185
493,191,85,157
0,0,0,0
531,64,19,233
508,72,37,259
462,120,115,244
447,194,131,153
463,251,123,80
538,286,18,95
493,282,131,144
433,317,197,57
530,290,105,74
571,152,57,197
520,134,103,131
462,156,288,61
417,165,316,27
381,186,322,28
375,198,323,26
380,178,338,59
428,162,222,116
437,124,166,233
0,0,0,0
453,324,31,19
360,235,105,67
392,190,78,96
360,234,102,60
332,251,325,101
379,175,225,211
406,223,260,199
547,220,36,91
497,135,154,329
481,127,214,343
542,126,54,350
500,205,83,116
498,128,66,240
430,268,127,33
363,194,295,238
330,209,315,171
0,0,0,0
419,80,115,369
429,80,105,375
435,96,109,360
460,110,108,353
493,106,79,327
529,96,53,304
559,101,34,291
587,112,32,296
580,95,109,296
0,0,0,0
602,92,27,139
570,54,39,333
557,165,59,202
571,160,54,238
616,107,12,290
615,106,88,284
623,205,116,138
0,0,0,0
0,0,0,0
619,284,167,79
609,252,113,88
617,181,58,128
602,196,97,164
643,250,19,46
0,0,0,0
623,198,106,260
681,246,67,55
645,168,143,230
732,274,65,100
0,0,0,0
704,187,23,176
685,150,54,244
644,169,96,247
630,148,13,189
556,224,85,192
562,249,52,45
563,212,20,45
478,148,166,197
451,119,189,248
459,112,160,255
470,118,165,248
478,139,208,203
458,320,18,18
0,0,0,0
460,235,50,91
449,154,80,211
0,0,0,0
448,185,41,68
443,211,193,209
0,0,0,0
521,161,71,160
482,200,145,31
546,143,23,152
540,134,18,172
547,165,15,292
543,165,15,290
525,165,42,287
535,207,56,131
501,299,45,44
508,310,39,51
510,311,21,105
477,269,59,180
411,198,136,256
402,197,149,206
435,254,31,34
469,301,65,23
0,0,0,0
0,0,0,0
500,199,120,120
507,141,142,183
564,134,97,220
568,110,87,245
573,107,84,250
582,100,73,253
607,88,15,59
616,70,12,58
612,68,15,42
508,118,151,236
499,292,52,33
479,257,71,13
389,181,111,38
429,132,73,44
448,155,160,40
457,183,158,58
476,185,139,88
557,170,26,43
414,104,262,203
461,128,137,163
424,171,174,73
378,146,287,82
382,151,194,23
382,20,173,216
483,1,29,283
473,236,107,139
481,404,78,31
467,341,87,64
0,0,0,0
0,0,0,0
456,164,32,101
429,133,38,50
356,155,205,11
355,178,222,34
437,187,70,38
448,162,77,88
248,161,335,223
260,250,253,185
0,0,0,0
0,0,0,0
301,71,66,177
0,0,0,0
418,235,129,231
439,192,53,239
449,52,68,313
506,143,40,269
510,184,49,251
505,78,113,196
523,256,84,40
401,179,204,291
441,134,21,330
431,120,40,362
385,171,191,303
392,277,136,38
493,139,76,200
447,16,108,254
489,84,87,94
441,164,105,215
460,174,67,245
0,0,0,0
427,229,12,138
455,268,25,18
446,252,29,68
0,0,0,0
378,187,17,188
289,46,103,489
323,129,21,495
327,122,15,485
321,127,29,481
