145,47,73,124
115,36,123,128
123,22,90,82
104,13,43,99
108,34,72,75
18,74,182,26
146,11,45,98
88,96,181,47
156,46,26,49
19,55,187,41
89,1,91,137
112,1,131,136
118,88,187,54
194,67,19,73
116,77,119,87
125,26,85,140
129,36,103,121
161,63,78,55
221,80,13,7
201,30,80,119
256,6,55,173
251,38,86,155
246,50,107,137
244,65,104,130
235,69,83,131
215,88,57,107
212,106,24,66
217,127,67,13
224,99,107,45
215,112,125,40
169,133,150,15
180,85,138,95
257,37,118,151
274,73,127,116
301,83,52,126
331,130,66,44
351,102,136,44
322,119,176,21
327,91,171,48
403,12,83,163
444,75,137,99
449,77,80,115
427,95,54,100
433,124,117,17
431,102,93,30
301,112,165,26
262,108,163,20
250,104,158,24
260,94,150,44
270,87,151,54
276,81,146,59
282,90,101,51
273,64,114,74
252,77,149,38
270,8,37,97
307,26,41,65
278,57,72,100
305,49,28,158
272,73,73,78
273,23,67,104
274,8,67,152
275,102,71,30
272,67,49,48
258,23,57,91
189,47,102,128
169,29,122,132
197,8,65,91
161,1,61,91
78,13,113,157
76,26,129,137
138,7,69,99
84,8,103,172
85,36,106,148
103,24,118,155
164,21,82,97
129,23,115,158
138,35,100,161
131,53,116,148
90,80,178,76
94,64,174,54
191,25,34,70
186,63,175,64
170,75,184,79
200,39,29,60
177,45,67,89
77,79,179,45
74,42,180,90
129,1,108,158
204,1,21,164
184,1,112,149
197,14,128,134
241,21,65,127
270,1,24,160
265,1,104,156
263,22,136,141
269,9,92,165
265,32,57,161
254,57,45,139
240,85,49,104
242,108,45,65
251,100,38,66
255,93,41,52
240,85,60,9
235,76,60,10
227,84,68,9
239,75,67,13
235,73,66,24
231,80,61,27
257,71,45,9
255,53,37,39
245,33,30,154
233,40,33,155
232,41,16,154
171,23,104,174
138,44,138,140
173,28,80,191
204,40,21,189
199,30,36,183
165,35,81,141
233,146,76,40
243,159,83,27
133,131,166,57
133,127,172,62
135,129,178,58
139,123,180,69
222,162,81,51
222,161,82,43
219,165,67,39
204,156,31,28
150,9,65,206
142,67,109,86
104,81,187,78
132,72,139,138
145,52,103,176
156,45,77,182
96,116,161,32
133,73,91,137
137,81,66,112
124,106,76,44
146,17,96,180
181,1,15,79
163,3,26,101
118,35,140,149
81,72,134,53
78,82,191,53
74,48,205,103
94,1,203,135
124,16,180,96
191,83,136,102
298,106,32,187
346,220,76,117
260,151,235,138
222,150,235,28
248,112,99,67
232,28,124,82
201,1,102,122
221,1,17,123
133,43,91,47
171,1,70,73
275,1,30,117
271,1,183,147
259,98,246,89
234,189,263,25
238,140,166,157
219,74,84,218
202,42,151,180
218,57,214,90
272,1,150,173
394,1,177,103
340,40,122,199
317,45,61,82
134,63,220,55
239,1,81,200
176,48,213,142
143,91,231,72
192,48,177,163
239,35,112,206
237,17,104,201
228,2,118,198
246,1,118,196
312,1,51,191
351,1,26,181
340,1,65,151
358,1,67,94
365,1,85,102
302,7,155,164
299,1,137,161
305,1,128,159
304,1,133,158
358,1,66,85
343,1,65,90
339,56,30,24
310,26,85,169
302,1,62,191
328,1,64,81
330,75,140,33
276,20,103,175
229,18,105,212
153,61,192,45
252,1,58,186
223,70,102,51
226,1,108,193
269,7,48,218
287,21,22,218
281,23,30,205
288,21,23,204
292,15,20,217
252,1,65,210
191,2,130,178
132,45,191,104
111,120,210,16
140,137,184,78
194,167,127,97
250,198,64,89
322,213,30,30
264,128,174,100
241,127,194,35
270,88,136,72
307,34,57,147
311,1,19,176
280,1,49,166
251,1,83,168
259,1,80,183
267,1,77,186
260,1,93,183
260,1,102,184
276,1,93,177
300,1,66,166
316,1,48,168
338,1,11,51
372,14,25,36
185,53,200,101
97,98,150,74
68,102,139,39
86,114,125,23
151,78,168,78
181,94,145,12
189,82,158,116
210,63,92,160
262,70,15,26
176,146,37,16
135,80,155,101
173,40,29,74
91,60,164,66
115,1,154,131
246,31,97,159
231,207,112,11
226,133,171,19
194,1,149,122
170,1,23,90
91,18,130,137
193,139,16,35
151,97,126,82
118,71,189,82
106,92,191,43
88,92,195,57
102,39,155,133
193,4,39,171
211,87,110,59
143,136,174,39
119,130,169,46
122,81,154,105
232,31,84,86
198,46,76,169
98,76,189,64
181,46,57,166
91,77,176,99
193,19,36,186
170,59,148,128
167,116,169,72
217,86,25,145
148,98,142,117
136,115,173,72
139,126,174,58
140,134,174,65
153,113,151,113
218,102,37,138
184,117,136,43
221,47,57,186
160,78,168,45
194,18,38,181
188,95,103,76
210,89,134,87
231,12,46,158
