285,101,46,266
287,99,42,265
285,95,36,272
286,95,34,266
282,93,37,269
281,95,38,268
281,95,36,269
281,98,34,266
277,96,34,266
276,96,32,268
279,95,29,267
277,96,28,267
279,96,25,265
281,97,22,266
280,95,23,268
279,96,25,268
280,94,27,267
279,96,27,265
278,95,31,265
283,91,21,273
195,127,229,152
220,109,207,187
281,114,138,223
226,232,262,35
209,263,269,27
199,247,257,32
195,212,255,17
160,186,263,15
159,171,271,32
160,160,262,53
189,149,262,63
267,69,91,263
260,3,101,237
304,62,26,261
254,91,131,183
212,153,191,152
208,179,231,110
235,168,215,124
248,165,201,139
293,143,133,192
314,134,218,153
455,76,11,224
404,160,147,38
487,92,16,231
393,200,247,40
365,209,197,102
272,197,197,114
338,127,135,202
436,92,17,240
402,139,130,154
370,200,197,102
359,209,204,105
326,233,192,38
408,159,28,99
329,165,157,133
298,203,207,78
327,258,179,33
446,305,111,18
461,246,179,58
337,123,194,17
323,68,197,10
268,57,155,62
224,99,192,43
340,66,70,190
349,276,182,74
357,325,183,18
376,285,157,45
348,235,94,55
321,227,129,102
314,232,139,102
316,231,140,103
322,226,135,106
331,221,117,104
313,178,135,152
326,145,47,164
287,230,64,19
267,158,63,79
282,87,15,221
253,82,30,241
241,82,33,244
157,139,218,117
181,123,185,175
249,76,15,249
213,79,75,241
221,92,74,231
162,139,146,132
123,199,146,35
111,206,104,15
147,41,72,241
156,106,147,166
177,30,98,215
185,69,148,190
100,164,212,75
58,181,251,94
1,197,247,41
1,209,266,39
19,211,282,29
150,181,125,50
123,129,196,83
176,107,186,110
362,218,36,41
272,208,227,16
274,216,243,7
263,199,245,23
258,103,214,136
234,60,111,237
349,98,24,232
49,65,277,125
143,181,96,26
136,144,192,102
151,184,188,33
277,98,13,71
256,108,13,72
243,110,17,68
249,104,15,84
264,100,11,269
250,102,26,265
223,105,51,260
224,104,49,260
214,96,44,270
120,110,167,229
51,113,115,80
1,111,236,147
58,87,131,240
50,76,113,267
1,108,208,179
56,108,183,180
74,109,186,179
171,82,67,264
136,177,245,80
198,92,112,215
102,158,228,157
90,238,271,72
96,237,282,46
133,204,263,116
151,200,249,146
154,196,245,154
158,203,257,142
174,201,270,121
144,178,274,138
143,161,256,154
154,168,257,158
157,158,257,180
154,149,262,174
131,181,288,126
195,178,226,192
329,89,123,216
221,79,268,44
255,29,123,230
249,116,206,185
238,255,233,71
267,254,205,130
258,270,209,113
272,260,207,124
300,244,189,103
293,281,180,12
282,244,249,63
0,0,0,0
334,178,137,124
294,205,187,93
292,237,177,68
378,259,10,36
276,239,227,75
399,181,54,92
387,181,16,86
244,133,200,157
313,138,76,169
315,149,193,143
350,150,202,94
377,114,163,169
407,177,162,119
409,197,167,105
408,201,167,103
401,204,169,98
367,215,168,116
337,235,167,123
270,322,124,61
164,340,224,51
114,288,225,93
200,212,157,100
262,174,181,98
284,169,196,92
307,144,193,102
315,126,195,93
315,122,202,61
316,125,207,33
318,126,208,32
318,131,203,32
305,155,161,22
279,168,179,60
266,189,171,41
270,190,185,104
268,225,109,14
197,242,189,8
164,267,204,13
120,267,216,7
40,232,225,17
8,208,272,21
15,211,269,12
18,211,263,11
73,196,237,44
172,208,216,57
231,246,191,22
222,202,202,43
220,172,210,45
241,163,221,77
314,244,117,76
322,219,49,182
319,218,61,185
312,212,111,183
309,211,218,20
283,74,145,150
210,160,204,90
350,302,226,59
345,321,95,13
365,297,123,17
313,206,197,32
332,66,74,196
284,181,192,129
373,329,165,12
322,320,282,20
323,258,275,58
319,227,258,31
404,97,28,254
339,124,152,137
310,209,174,30
300,170,159,80
399,51,67,215
394,195,206,29
400,183,205,76
390,196,228,27
378,167,184,51
317,156,206,68
478,206,150,95
429,187,185,102
427,193,167,86
426,201,188,39
498,98,42,153
463,160,86,96
470,203,76,57
481,178,21,138
451,169,59,165
469,235,85,39
411,184,134,75
416,222,187,23
519,279,56,64
360,222,175,99
345,222,187,57
343,216,191,26
360,145,170,99
459,94,40,184
484,113,21,187
488,114,20,183
487,112,18,184
483,112,19,182
474,118,25,171
455,131,37,183
454,141,22,200
453,150,8,199
454,149,8,198
454,150,8,199
454,147,8,202
453,147,10,201
455,147,10,199
456,150,9,197
