454,201,635,112
381,84,628,111
493,71,561,121
451,76,611,99
481,36,550,171
446,76,571,124
374,119,617,58
332,20,545,212
464,55,678,53
346,188,743,111
625,216,655,81
801,47,353,243
728,1,221,425
417,146,634,78
300,225,611,95
568,237,296,138
380,291,642,23
483,275,301,35
559,278,9,15
427,349,89,23
373,384,143,47
389,387,148,53
395,387,153,34
398,377,160,41
396,318,228,85
117,290,517,82
27,97,661,282
60,175,651,190
48,234,682,127
47,225,689,134
48,201,690,155
52,193,691,157
54,195,694,155
59,185,693,163
70,175,689,163
80,155,753,70
283,6,749,107
766,1,390,58
884,1,298,207
912,1,242,355
910,1,198,453
846,15,266,452
1043,287,201,45
797,283,483,47
828,272,452,77
1059,303,102,62
530,244,641,19
439,229,667,40
501,230,424,44
646,215,51,29
415,234,451,35
393,228,621,94
712,143,386,183
392,1,474,275
261,1,383,314
270,1,562,259
119,207,521,79
299,213,561,277
281,215,584,280
264,220,602,269
248,233,622,229
233,259,652,153
222,273,676,105
214,281,693,88
223,310,704,39
215,307,610,100
77,275,748,66
95,211,732,139
93,233,743,131
96,228,739,143
92,230,740,140
90,238,743,136
86,235,741,138
83,232,736,140
78,224,735,151
110,127,808,218
306,35,808,187
636,1,503,317
858,1,24,541
439,189,645,287
320,12,348,181
610,1,59,99
626,1,44,74
648,1,100,291
664,1,73,333
665,1,57,426
642,1,34,539
590,1,53,614
530,77,61,631
488,55,46,633
484,68,118,632
561,88,29,632
568,80,20,636
572,77,16,636
571,77,16,632
571,74,16,634
567,74,17,632
567,68,23,634
566,64,15,637
541,60,38,639
525,58,55,645
525,56,56,647
536,65,48,638
545,66,41,638
550,63,48,644
556,57,51,650
577,50,42,658
617,47,17,666
623,47,32,664
633,46,31,669
641,46,31,666
405,338,510,180
401,338,511,178
398,342,510,173
400,347,504,168
401,350,508,163
399,355,511,155
398,361,516,144
399,372,519,125
397,377,524,112
394,386,528,95
391,393,533,75
384,402,545,56
383,406,547,42
380,401,550,37
382,381,548,49
397,342,539,100
402,308,542,124
394,295,554,89
378,292,573,22
363,262,582,27
358,240,581,26
350,209,586,38
346,155,596,53
334,62,593,66
328,57,585,68
288,103,629,71
272,128,684,58
271,153,695,17
277,166,698,15
286,158,690,19
290,150,682,46
293,146,689,64
294,150,682,56
292,154,686,42
290,159,687,26
288,160,690,22
288,162,685,23
286,164,678,20
300,166,637,43
463,166,551,89
494,207,633,36
474,103,513,96
505,29,318,135
528,61,214,51
546,52,146,69
556,29,89,126
549,1,59,189
552,1,28,219
507,7,135,283
528,57,256,359
491,321,540,121
488,360,556,87
489,329,558,121
489,329,556,123
491,317,553,131
495,311,551,139
666,314,424,78
670,1,115,391
541,77,270,355
415,230,297,110
195,235,557,129
149,273,540,88
326,327,61,44
582,217,379,107
125,195,522,155
212,27,467,264
110,224,330,40
602,294,144,67
617,320,397,151
629,313,411,214
650,316,393,201
671,319,332,163
688,319,215,158
699,337,120,126
688,342,108,126
685,343,100,130
684,346,114,120
687,339,124,122
689,331,132,124
694,307,133,152
714,276,11,124
748,280,53,13
481,1,170,249
531,1,347,381
477,106,447,341
489,4,244,489
336,172,573,59
648,1,77,550
450,225,566,169
545,48,125,541
416,12,438,326
459,122,517,191
489,1,190,513
409,1,359,419
295,242,544,175
129,199,548,33
190,130,522,176
135,28,429,347
314,1,170,515
233,71,198,507
441,1,59,461
389,5,99,520
462,1,18,518
333,44,202,487
474,1,152,429
336,8,204,467
387,1,90,526
246,73,298,429
363,31,348,363
198,119,416,223
243,194,459,162
211,177,450,88
280,211,475,175
183,128,464,206
295,214,366,286
302,60,374,297
320,118,383,359
210,97,412,318
298,183,294,373
317,11,348,323
462,90,409,320
197,214,567,27
247,223,506,156
332,203,246,436
320,162,490,229
281,181,511,122
515,106,396,249
629,9,130,465
747,44,72,523
658,1,135,448
597,51,301,473
541,169,490,67
581,103,295,384
658,40,289,485
646,1,20,430
619,15,158,532
627,4,313,258
447,202,431,169
566,46,369,407
652,1,43,435
528,53,339,434
530,122,486,159
499,172,422,218
680,50,272,422
543,1,176,401
555,1,30,440
489,1,272,401
424,270,493,147
612,252,208,151
265,246,544,129
494,158,240,14
548,32,232,92
435,42,346,29
436,50,408,26
446,89,540,128
721,183,17,48
383,320,539,103
565,250,100,105
533,265,410,146
639,192,300,298
572,220,401,296
399,180,472,39
529,1,263,240
616,1,91,205
360,27,586,105
644,1,112,230
509,24,541,146
494,1,430,201
605,1,78,202
385,76,611,154
671,183,173,197
437,248,506,289
515,319,219,155
509,294,256,212
305,346,534,31
484,301,104,150
759,115,68,290
614,51,357,53
477,57,529,118
641,130,451,175
672,275,46,144
349,332,593,22
357,299,551,69
421,300,482,92
479,311,470,64
619,191,381,97
596,287,380,18
595,294,358,20
567,300,366,20
551,296,365,30
546,288,355,50
543,279,348,61
525,260,352,81
389,231,512,26
535,1,357,427
514,1,228,494
314,110,524,290
318,276,427,28
356,251,302,107
387,237,179,160
419,255,74,136
422,283,38,68
379,280,73,27
361,210,103,92
363,146,113,163
407,105,91,268
467,93,28,311
429,82,139,389
410,85,248,363
409,86,321,349
405,84,362,359
401,116,391,323
384,168,447,240
369,209,495,176
348,246,532,103
310,253,548,74
333,129,452,319
397,70,311,460
442,60,245,501
447,85,311,466
389,299,562,12
633,18,66,560
367,313,522,200
388,290,513,250
652,47,79,560
506,213,370,433
425,310,561,86
344,318,536,143
