237,128,106,119
251,129,31,72
247,161,27,57
246,150,65,101
278,179,44,91
270,140,96,124
251,113,86,132
273,89,31,74
306,72,19,71
367,177,53,40
388,192,58,86
334,165,91,44
394,179,23,48
392,126,48,106
402,156,70,34
368,104,133,119
369,106,119,122
369,110,105,123
366,109,99,124
367,104,108,120
0,0,0,0
342,165,126,95
364,121,14,47
0,0,0,0
333,151,132,98
340,136,68,120
366,177,11,31
360,94,7,166
346,210,33,32
257,167,134,53
217,129,161,101
156,158,144,55
112,167,183,43
89,151,165,54
23,122,184,83
48,170,37,9
1,152,45,11
4,128,146,68
18,114,191,65
129,129,76,25
148,162,25,17
66,169,112,18
13,74,102,72
154,47,36,89
82,165,123,11
93,118,94,105
99,100,108,156
87,116,139,119
79,126,161,101
72,121,140,106
81,104,22,45
40,57,51,105
62,121,104,28
81,79,110,148
126,74,58,132
140,91,46,97
73,141,125,11
103,57,92,121
158,13,35,161
175,25,92,162
165,62,118,137
166,57,109,140
161,94,135,104
148,81,141,119
183,58,53,85
148,89,43,134
168,157,18,16
172,143,112,19
198,126,61,45
222,53,48,157
206,89,152,124
179,86,114,151
194,114,34,128
218,162,121,13
283,138,114,20
225,101,102,60
242,70,39,131
249,114,121,118
288,105,76,146
266,132,64,103
0,0,0,0
313,185,98,21
303,192,102,16
287,179,106,9
205,145,144,61
177,130,129,65
111,77,103,79
225,45,44,80
0,0,0,0
239,186,63,89
0,0,0,0
181,62,32,121
134,95,162,116
107,192,183,14
95,125,186,84
101,106,165,103
109,163,147,33
119,120,154,75
103,77,166,120
95,157,95,34
117,172,63,13
116,87,131,106
107,76,160,114
81,163,97,28
90,167,47,23
103,107,102,89
130,98,130,107
131,151,133,52
136,189,73,17
166,203,82,57
163,167,17,26
132,96,109,104
113,142,125,9
127,128,118,40
133,132,113,51
125,136,107,40
125,119,113,37
138,111,92,26
159,114,17,50
72,112,134,103
135,179,41,54
130,162,79,51
127,159,119,66
125,158,125,87
162,182,88,68
159,178,80,72
158,198,12,34
98,104,89,97
130,169,63,12
130,132,48,103
112,126,52,109
122,97,35,99
0,0,0,0
113,116,33,112
111,121,24,66
0,0,0,0
146,92,13,46
142,94,9,38
134,95,11,37
122,108,9,26
130,123,23,55
154,109,13,71
154,74,18,80
169,74,10,77
0,0,0,0
167,151,63,123
171,163,76,88
172,79,82,169
192,54,39,73
166,1,137,97
158,1,23,110
148,123,36,20
152,50,31,114
143,42,37,122
77,88,76,69
87,67,54,87
167,32,16,105
217,9,67,148
204,55,148,171
195,196,117,36
220,159,24,83
212,106,98,160
338,102,44,43
289,79,48,90
330,79,53,64
272,108,22,41
244,94,48,119
200,119,114,82
123,79,118,92
203,79,93,165
156,123,128,91
39,145,207,78
25,163,186,24
122,64,26,108
122,35,116,138
125,53,118,111
76,57,158,146
79,58,156,146
74,56,151,148
113,33,88,127
107,75,37,96
107,153,26,94
142,77,67,87
146,158,40,11
91,116,48,74
39,122,96,88
1,96,102,89
53,96,127,85
14,89,100,106
90,87,51,212
86,89,65,212
88,89,64,210
91,87,58,210
111,76,55,210
53,87,73,102
1,145,143,79
19,223,191,29
79,245,169,34
95,258,199,43
200,263,48,32
233,238,82,34
189,212,167,32
187,203,184,33
176,197,180,30
210,194,119,26
0,0,0,0
158,94,92,129
137,63,130,165
147,59,124,168
157,63,122,172
164,62,116,177
191,30,78,197
251,16,13,182
260,23,11,96
261,34,26,93
294,84,40,50
163,159,50,33
33,203,132,16
160,156,92,27
64,153,98,13
121,121,170,41
153,125,153,31
153,145,126,31
0,0,0,0
130,111,93,110
94,138,52,15
87,66,40,73
74,118,98,18
112,54,51,124
119,210,43,42
95,263,107,13
