786,418,30,71
791,418,30,73
795,416,31,67
797,414,30,68
795,411,30,73
795,408,29,64
791,406,32,74
790,404,32,67
784,405,37,69
779,406,38,69
771,408,44,62
767,406,40,71
760,408,41,66
752,407,42,71
741,408,42,70
728,408,44,74
713,407,45,69
702,405,44,67
688,407,42,69
675,402,36,67
664,400,39,60
649,398,39,63
635,395,40,68
623,389,36,59
615,385,32,54
602,381,36,66
601,378,36,53
603,371,36,56
609,370,33,46
610,361,35,51
613,360,31,43
611,354,25,50
604,347,28,44
595,343,26,49
589,337,25,48
583,332,25,50
577,328,25,51
571,321,26,50
570,319,24,50
571,314,26,52
575,309,25,47
577,305,25,46
