437,487,31,74
445,480,29,70
446,473,33,76
442,467,35,78
430,465,44,63
421,463,47,65
411,462,55,64
404,460,55,63
394,460,58,66
387,459,57,62
379,461,56,57
367,462,50,59
359,461,50,61
357,459,45,67
356,454,37,64
354,453,34,66
358,454,34,63
362,454,42,61
366,455,46,62
373,458,53,65
381,462,56,63
403,462,61,59
415,466,63,65
423,470,68,60
427,478,73,60
454,490,78,55
469,497,78,59
485,509,77,45
496,515,72,63
512,524,68,62
509,529,67,72
521,540,63,71
533,547,63,68
549,554,59,74
559,561,57,73
562,567,60,76
575,572,58,75
588,574,55,81
585,580,57,73
589,580,50,78
586,580,47,75
584,577,45,75
569,574,43,81
555,573,49,70
551,570,43,74
544,569,46,68
547,564,44,74
537,561,51,72
539,556,50,64
545,554,57,59
555,549,57,54
566,551,60,51
582,542,48,58
593,538,46,60
607,536,44,59
615,525,46,62
629,520,43,62
634,512,42,62
636,510,42,52
643,498,38,62
640,496,31,59
627,490,31,51
599,475,30,60
589,474,25,57
582,463,32,57
586,462,34,52
594,458,36,46
610,455,31,38
609,447,34,41
609,439,27,43
592,436,32,40
580,430,33,43
567,425,30,45
555,423,34,46
547,417,38,44
544,415,37,35
544,407,36,36
547,402,33,31
550,392,32,30
553,387,35,29
559,379,33,31
565,372,33,30
569,366,37,23
575,361,37,25
