705,477,187,148
680,483,220,139
659,478,203,145
636,482,208,138
613,481,212,143
586,486,228,149
560,491,247,143
555,485,219,149
541,487,232,144
520,494,228,150
498,500,247,153
478,502,252,153
474,498,227,159
462,505,239,146
455,508,230,166
450,513,235,166
448,518,256,161
462,516,231,166
472,513,233,166
474,511,250,163
484,510,252,170
479,517,273,165
484,519,272,159
487,511,261,167
475,513,286,164
469,516,277,168
452,518,310,164
443,512,280,163
430,509,285,160
422,511,305,173
414,516,282,165
419,505,279,173
414,514,279,170
430,515,261,185
455,516,251,180
466,518,254,199
466,522,266,193
486,519,253,113
495,533,277,167
491,531,254,164
498,521,247,196
500,534,254,185
505,536,258,181
516,532,276,187
549,539,270,180
582,558,288,162
597,572,310,147
599,586,337,133
570,602,376,118
551,610,382,110
504,614,408,105
480,614,411,105
431,606,417,113
362,593,437,127
303,604,442,113
279,607,413,110
290,579,380,141
311,539,339,179
349,508,306,208
387,501,295,217
421,500,291,220
455,496,277,224
472,489,276,229
490,480,264,240
498,475,247,245
497,474,214,245
504,478,200,240
497,483,205,236
500,478,188,240
500,457,169,263
500,451,155,269
510,438,137,228
501,437,129,241
494,433,132,241
486,437,131,278
483,439,121,268
477,438,112,207
466,434,116,232
456,423,120,219
454,417,114,221
461,407,99,210
456,407,96,186
448,396,105,168
451,398,80,119
446,390,72,110
446,393,73,88
442,386,66,75
443,364,60,91
445,367,49,86
443,369,61,70
443,350,89,87
451,362,92,60
463,343,94,72
488,343,73,59
504,344,66,58
509,336,61,59
517,335,58,50
519,321,55,62
521,336,50,42
524,316,53,65
522,322,58,69
528,317,42,79
529,308,48,65
521,308,53,58
526,307,43,52
525,307,45,53
525,307,45,51
529,307,43,43
