210,306,56,69
210,308,56,66
211,311,57,67
196,344,62,70
277,351,72,75
336,333,63,73
348,329,60,74
348,331,59,72
346,329,62,73
347,327,62,74
355,319,62,74
416,308,56,76
434,328,67,74
435,331,62,71
436,334,65,71
433,333,67,72
430,334,64,73
383,351,70,76
257,357,69,75
198,334,64,66
213,320,58,70
214,319,58,70
214,319,58,70
213,320,58,70
213,321,58,68
216,327,59,68
241,355,64,59
359,328,62,68
275,348,68,69
227,338,60,71
0,0,0,0
230,329,59,64
235,323,59,70
234,323,59,70
235,322,59,71
235,323,59,70
235,322,59,70
235,323,59,70
235,323,59,70
234,322,59,70
234,322,59,70
233,323,54,70
229,323,53,71
219,326,50,69
253,311,47,71
0,0,0,0
415,316,63,77
427,342,58,74
427,343,66,74
425,344,68,77
426,344,69,77
425,343,67,76
424,341,70,79
430,341,57,78
426,344,66,76
428,352,57,67
423,341,62,76
419,299,69,77
431,186,84,84
461,151,70,66
436,205,60,59
430,232,55,52
423,227,74,60
377,215,73,60
273,191,64,61
253,173,67,55
274,167,65,58
329,215,71,59
384,251,83,66
429,290,61,65
410,307,63,68
407,309,60,71
