621,607,50,58
0,0,0,0
575,607,50,61
568,612,51,59
566,612,52,60
566,612,52,59
566,611,53,61
566,611,52,61
565,610,52,61
565,611,52,61
565,611,52,61
566,611,52,61
565,611,52,61
565,611,52,61
565,613,52,60
565,616,51,56
570,620,53,54
598,626,56,55
643,627,58,63
692,623,55,61
700,614,59,60
700,607,54,61
698,606,53,63
697,608,57,61
702,605,52,62
699,608,55,61
700,606,52,63
699,606,54,62
698,608,56,63
699,606,55,61
698,608,56,62
699,607,52,61
699,608,54,63
696,608,58,58
698,608,56,60
698,607,57,62
697,605,56,63
698,609,59,58
697,609,55,58
700,609,55,61
703,612,44,52
0,0,0,0
641,609,52,56
630,613,50,60
630,616,52,58
630,613,53,60
630,613,53,61
630,613,53,61
631,613,52,60
630,612,53,61
631,615,52,59
632,620,51,55
630,622,51,57
606,627,55,57
587,627,56,57
570,622,57,59
562,616,60,61
564,615,57,63
565,616,56,59
569,614,51,60
568,614,54,61
568,611,56,64
565,612,55,64
570,613,51,64
568,612,52,62
569,612,52,64
567,614,54,62
568,612,51,63
569,614,53,62
564,613,54,61
567,611,56,63
567,613,54,62
