954,396,28,31
951,399,35,28
951,399,35,28
951,398,34,28
951,398,35,29
951,398,35,28
950,398,35,29
951,398,35,29
951,397,34,30
951,398,35,29
950,398,35,29
951,399,35,28
951,398,36,29
0,0,0,0
0,0,0,0
0,0,0,0
0,0,0,0
0,0,0,0
0,0,0,0
0,0,0,0
0,0,0,0
0,0,0,0
0,0,0,0
0,0,0,0
0,0,0,0
0,0,0,0
0,0,0,0
0,0,0,0
0,0,0,0
0,0,0,0
0,0,0,0
0,0,0,0
0,0,0,0
0,0,0,0
0,0,0,0
0,0,0,0
0,0,0,0
0,0,0,0
0,0,0,0
0,0,0,0
0,0,0,0
0,0,0,0
0,0,0,0
0,0,0,0
0,0,0,0
0,0,0,0
0,0,0,0
0,0,0,0
0,0,0,0
0,0,0,0
0,0,0,0
0,0,0,0
0,0,0,0
0,0,0,0
0,0,0,0
0,0,0,0
0,0,0,0
0,0,0,0
0,0,0,0
0,0,0,0
0,0,0,0
0,0,0,0
0,0,0,0
0,0,0,0
0,0,0,0
0,0,0,0
0,0,0,0
0,0,0,0
951,398,36,29
951,399,35,28
952,399,34,28
951,398,35,28
952,398,35,28
951,399,36,28
951,398,35,28
951,398,36,29
951,398,36,28
951,398,36,28
951,397,36,29
951,398,36,28
951,398,36,29
951,398,37,29
951,398,36,29
951,397,36,30
951,397,36,29
951,397,36,30
951,399,36,28
