567,560,30,20
545,572,32,18
527,573,29,18
492,570,31,19
468,566,30,19
455,558,29,19
444,554,32,19
434,549,31,19
422,548,33,20
406,551,33,21
400,548,35,21
397,546,32,20
389,548,34,21
387,544,34,22
387,543,34,21
388,542,35,20
391,538,36,19
394,533,34,20
399,530,34,19
403,526,34,21
407,524,35,20
410,523,36,20
413,521,36,21
415,526,36,20
417,530,35,20
419,534,35,21
420,537,35,20
419,540,35,20
417,539,35,20
416,539,35,20
416,540,35,21
417,541,35,20
418,542,35,20
420,542,35,21
422,542,35,20
424,541,35,21
425,540,34,21
427,538,36,21
429,537,35,21
430,537,35,20
432,537,34,21
434,536,34,21
435,535,35,21
437,535,36,21
438,536,36,20
439,535,35,20
441,535,36,20
441,533,35,20
442,533,36,20
443,531,35,21
444,530,35,21
445,530,35,20
443,529,37,21
443,528,36,21
443,529,36,20
442,530,35,20
441,531,35,20
440,532,35,20
440,534,35,20
440,537,36,20
442,538,36,21
443,540,35,20
444,543,35,19
446,544,36,20
447,545,36,20
447,545,35,19
448,545,36,20
450,544,35,20
452,544,36,20
454,545,34,20
454,545,34,21
455,546,35,20
456,548,35,20
457,548,35,21
458,551,36,21
458,555,36,21
459,558,35,20
461,559,35,21
461,562,35,20
461,565,36,21
460,581,36,21
459,607,36,20
456,614,35,20
453,617,36,21
449,620,35,21
428,632,37,20
425,641,21,16
423,640,18,17
0,0,0,0
556,485,16,25
595,503,12,24
582,556,17,20
