332,248,38,39
337,256,38,41
329,254,38,38
327,258,36,40
348,255,37,41
355,261,37,41
353,258,37,41
356,265,36,41
360,271,36,41
355,272,37,41
349,260,37,42
333,258,38,43
319,268,39,39
302,262,39,40
290,262,40,42
276,252,41,40
294,264,41,41
314,268,42,38
348,261,41,39
359,222,41,40
363,209,41,39
366,255,39,39
367,258,39,38
389,251,38,37
405,263,35,39
408,269,35,42
412,270,35,41
417,264,35,43
412,269,37,43
411,272,37,43
418,253,38,43
423,243,39,43
425,237,39,43
421,231,40,45
426,233,40,45
422,239,39,45
419,234,40,45
419,236,40,45
425,232,39,44
427,231,42,43
434,226,41,46
435,235,40,44
427,226,42,45
442,223,41,46
448,222,41,45
443,222,42,47
441,228,41,46
440,229,43,45
434,211,42,45
428,209,43,45
430,213,42,44
428,214,42,44
426,219,42,45
429,223,42,45
434,215,43,47
434,225,43,46
431,213,44,47
428,199,43,47
427,206,42,48
421,205,43,46
423,204,42,46
419,197,44,46
428,194,43,47
434,195,43,46
436,203,42,47
432,207,41,46
434,211,42,45
433,223,41,46
431,227,42,45
429,230,43,45
429,230,42,46
437,235,41,44
