790,558,17,16
810,540,16,14
821,521,15,12
829,514,16,12
823,518,14,13
825,524,14,12
840,521,14,11
833,507,18,13
807,484,13,10
817,468,13,11
829,477,11,9
827,483,13,10
800,495,13,10
785,503,14,9
777,501,14,9
767,502,11,10
737,493,14,9
740,497,14,10
737,497,13,10
739,495,14,10
747,491,13,11
754,492,14,10
757,493,14,9
756,496,14,10
754,496,14,10
755,495,14,10
756,497,14,10
757,500,13,10
758,501,12,9
758,503,14,10
759,502,14,10
760,503,14,9
762,503,14,9
763,504,14,9
765,504,13,9
767,505,14,10
771,505,14,10
774,505,13,9
776,507,13,10
779,508,14,10
782,507,13,11
782,510,14,9
782,511,12,9
781,511,13,10
782,512,13,9
780,513,13,10
780,513,14,10
779,515,14,9
779,514,14,9
779,512,13,10
781,513,13,10
781,512,14,9
780,512,13,9
780,513,13,9
780,513,13,9
779,511,14,11
783,512,13,9
786,515,10,8
782,511,14,11
0,0,0,0
0,0,0,0
0,0,0,0
0,0,0,0
0,0,0,0
0,0,0,0
793,518,13,9
784,521,15,9
776,521,15,10
767,528,16,10
752,542,14,11
731,558,14,11
701,580,15,11
682,592,15,11
669,578,13,13
661,561,15,11
637,559,16,12
578,585,14,13
527,608,18,15
507,617,19,15
481,624,19,15
470,644,21,17
467,679,21,23
0,0,0,0
0,0,0,0
0,0,0,0
450,704,13,15
469,650,23,19
490,610,21,21
509,558,24,25
525,484,24,21
528,450,24,22
536,413,26,24
553,393,25,19
563,375,29,20
575,357,26,22
589,345,24,22
595,341,26,22
595,346,25,21
592,350,26,22
588,354,27,22
585,363,28,22
576,379,28,22
576,386,26,23
577,386,27,23
587,387,27,22
597,392,29,22
609,398,27,21
619,408,29,22
599,417,27,22
581,415,29,22
548,409,26,22
546,403,26,22
552,412,25,23
548,433,26,22
546,437,31,24
0,0,0,0
0,0,0,0
0,0,0,0
0,0,0,0
0,0,0,0
0,0,0,0
0,0,0,0
0,0,0,0
0,0,0,0
588,403,30,23
604,386,30,24
624,371,30,25
651,362,31,24
651,350,29,25
0,0,0,0
639,326,33,24
647,316,33,27
654,328,36,28
640,349,33,23
0,0,0,0
0,0,0,0
0,0,0,0
0,0,0,0
0,0,0,0
0,0,0,0
0,0,0,0
0,0,0,0
0,0,0,0
0,0,0,0
0,0,0,0
0,0,0,0
0,0,0,0
0,0,0,0
0,0,0,0
684,337,37,21
683,314,40,30
682,315,39,30
675,321,41,29
673,327,42,31
672,336,42,29
672,334,39,28
671,333,42,28
671,331,40,31
662,330,42,30
652,328,42,30
643,322,42,30
642,319,40,30
640,319,42,30
637,322,41,29
636,324,42,29
638,327,41,28
636,328,41,29
635,328,42,29
634,328,42,30
635,328,40,28
632,328,42,29
635,330,39,29
638,333,40,29
638,334,41,27
637,335,41,28
636,334,42,31
637,336,42,31
638,339,40,30
636,346,41,28
636,347,42,29
637,353,41,28
638,355,42,29
639,358,41,30
640,360,40,29
640,365,16,24
0,0,0,0
0,0,0,0
0,0,0,0
635,370,36,27
637,377,31,23
0,0,0,0
641,379,41,28
0,0,0,0
648,390,14,22
0,0,0,0
0,0,0,0
0,0,0,0
656,381,38,28
653,379,41,28
654,378,40,29
653,379,40,29
653,380,42,27
653,379,41,30
656,379,40,30
658,378,40,29
656,381,41,27
657,381,43,29
659,378,41,31
660,379,41,30
663,378,41,28
664,378,41,28
665,378,38,29
664,378,25,26
662,370,41,33
664,377,40,30
664,380,40,30
662,382,42,29
664,382,40,31
664,383,42,30
665,382,40,32
664,382,41,31
665,382,41,31
665,381,40,30
665,379,40,30
665,376,40,29
661,375,41,29
662,378,40,27
660,378,41,30
658,380,40,29
658,381,40,30
659,383,40,29
660,382,40,32
661,384,40,30
659,382,41,30
656,382,41,32
654,382,40,28
652,380,40,30
651,379,41,29
648,378,41,31
646,374,40,31
643,373,40,33
641,375,40,30
639,373,41,31
0,0,0,0
0,0,0,0
0,0,0,0
633,374,41,31
631,375,39,30
629,375,40,30
626,373,40,31
624,373,40,33
622,377,40,31
621,376,40,32
618,376,40,30
615,373,40,31
616,373,41,31
616,374,40,28
617,372,39,30
616,372,39,31
615,374,40,31
614,379,39,29
612,380,41,30
612,382,39,31
610,385,41,31
610,388,42,31
612,390,40,31
611,390,40,31
610,388,41,32
609,390,41,28
0,0,0,0
0,0,0,0
0,0,0,0
0,0,0,0
0,0,0,0
0,0,0,0
0,0,0,0
0,0,0,0
0,0,0,0
0,0,0,0
0,0,0,0
0,0,0,0
0,0,0,0
0,0,0,0
0,0,0,0
0,0,0,0
0,0,0,0
0,0,0,0
609,383,35,32
609,383,41,33
608,389,41,29
607,387,41,31
609,386,40,33
608,385,40,32
607,387,41,30
607,384,40,32
607,387,41,28
610,386,39,30
610,382,40,31
610,383,39,30
609,385,36,28
609,383,34,23
606,382,36,26
607,383,30,17
607,387,4,27
605,393,24,24
607,391,32,28
607,391,37,28
607,389,34,30
607,390,24,28
607,396,16,23
608,391,16,15
609,395,12,14
0,0,0,0
605,388,24,27
607,391,30,27
607,396,27,24
0,0,0,0
0,0,0,0
0,0,0,0
0,0,0,0
607,399,16,22
607,399,24,23
606,400,23,24
0,0,0,0
607,393,41,29
0,0,0,0
604,398,41,27
603,398,40,29
602,399,40,30
601,401,40,29
604,401,40,30
602,400,41,30
603,399,40,30
604,398,40,30
605,397,39,30
605,395,40,31
605,394,40,30
605,394,39,30
606,395,39,28
605,396,39,29
605,395,39,31
604,397,39,30
604,397,40,31
603,396,39,31
602,394,40,31
603,393,40,31
603,394,39,30
603,394,39,31
602,390,41,37
601,390,41,36
603,393,39,33
602,393,39,31
602,395,41,31
599,397,39,32
601,414,38,29
606,487,38,35
599,562,38,30
603,592,37,27
596,625,40,31
595,639,40,31
595,643,40,29
597,640,39,29
596,636,39,30
597,630,39,33
597,631,40,33
596,627,38,30
595,617,39,29
588,591,36,28
577,556,39,28
577,520,43,28
578,470,40,30
591,398,39,28
584,374,40,28
576,367,42,30
574,369,40,30
573,375,39,32
577,378,37,30
579,382,35,30
582,384,41,36
578,393,28,30
0,0,0,0
577,398,21,29
578,387,26,28
576,394,27,22
0,0,0,0
573,400,26,21
575,398,46,30
576,399,35,29
574,399,41,29
575,396,41,31
577,398,39,30
576,399,39,28
576,396,38,30
575,398,40,28
575,395,40,30
578,395,38,30
577,394,40,31
578,397,40,30
578,400,39,30
576,402,38,29
567,404,41,28
558,395,39,30
557,383,38,28
564,378,40,32
577,381,40,31
