600,357,24,25
576,420,25,24
551,429,21,20
516,364,22,20
484,331,27,24
450,334,32,18
420,368,22,25
397,452,14,20
422,402,22,28
446,387,16,10
459,395,18,22
0,0,0,0
580,324,21,18
657,257,20,20
0,0,0,0
777,228,22,12
826,256,17,16
836,281,17,17
832,286,17,23
817,304,15,22
799,358,16,21
770,300,18,25
735,187,19,25
699,99,15,23
655,31,21,25
620,1,13,7
565,1,22,6
509,33,24,25
449,124,27,28
389,273,26,37
337,414,24,35
357,251,30,35
381,137,34,43
422,69,27,36
458,45,33,37
510,97,32,50
564,246,31,55
632,492,25,52
703,592,24,56
756,526,51,60
815,545,49,69
882,673,35,31
827,479,61,60
772,363,36,49
784,329,52,46
802,367,58,53
794,522,55,55
846,537,40,58
857,411,36,54
855,377,35,53
852,395,40,46
871,499,31,50
