365,474,38,55
425,526,26,40
550,232,21,23
0,0,0,0
642,249,22,18
680,314,19,21
621,254,13,19
600,209,24,27
547,182,26,24
489,190,29,25
435,251,27,22
0,0,0,0
522,222,25,16
607,143,28,21
726,113,23,27
848,146,31,25
0,0,0,0
0,0,0,0
928,55,28,28
0,0,0,0
0,0,0,0
696,9,41,44
614,154,30,35
534,377,29,41
539,339,28,35
577,183,35,29
612,118,27,26
651,104,14,21
668,141,28,22
690,218,20,25
709,322,21,29
678,260,24,26
645,134,28,23
607,20,23,25
0,0,0,0
0,0,0,0
0,0,0,0
295,144,45,49
273,87,54,47
271,107,48,53
284,192,46,56
296,316,47,63
337,496,47,41
359,344,57,51
0,0,0,0
0,0,0,0
588,336,59,50
