120,101,16,28
124,28,18,28
121,1,16,11
0,0,0,0
131,33,21,30
140,139,16,34
126,122,21,13
154,354,25,40
156,197,21,31
157,119,19,23
158,82,16,21
155,80,18,22
149,112,18,26
148,177,13,24
148,265,8,19
0,0,0,0
0,0,0,0
169,165,13,21
183,87,18,25
193,32,29,27
215,3,19,24
229,15,24,32
253,96,21,30
296,250,17,47
232,201,26,45
166,19,28,43
0,0,0,0
0,0,0,0
0,0,0,0
81,1,10,18
83,58,17,27
94,150,10,22
96,249,9,18
0,0,0,0
133,196,14,21
163,98,16,27
194,24,20,24
0,0,0,0
0,0,0,0
320,7,26,31
374,110,25,29
0,0,0,0
373,254,27,27
301,106,20,25
238,36,22,23
0,0,0,0
159,23,15,25
139,61,17,21
131,127,9,21
119,215,11,21
115,289,9,14
116,191,9,21
112,93,16,18
114,5,16,28
0,0,0,0
0,0,0,0
0,0,0,0
0,0,0,0
124,37,17,32
135,180,12,33
243,138,15,20
143,219,23,28
241,145,16,16
176,99,12,18
181,97,15,20
192,128,13,19
200,174,11,18
205,238,12,20
0,0,0,0
0,0,0,0
226,209,14,21
236,150,13,14
249,105,13,19
268,88,9,10
284,96,17,25
316,189,12,10
336,318,23,40
340,256,28,23
315,163,23,32
310,133,21,23
313,135,17,25
320,183,17,25
336,263,17,25
