676,280,28,22
691,295,32,33
723,363,32,33
0,0,0,0
662,287,33,40
590,233,34,36
526,220,38,25
475,251,32,37
430,326,26,33
0,0,0,0
469,359,22,28
528,287,43,24
611,262,43,22
700,269,35,32
783,339,39,31
0,0,0,0
0,0,0,0
751,275,33,27
685,256,27,22
647,279,20,24
605,335,22,31
578,382,24,21
560,317,19,28
559,284,19,22
542,279,21,17
529,311,25,31
513,410,18,41
0,0,0,0
587,424,26,25
647,381,34,15
705,375,30,22
762,408,18,26
0,0,0,0
691,355,28,26
618,329,41,18
551,335,28,21
480,380,32,32
0,0,0,0
523,339,40,31
604,304,45,30
694,303,43,27
791,356,50,44
869,461,33,39
804,363,51,44
712,336,45,22
612,333,47,29
520,379,44,47
447,489,29,36
496,376,38,50
560,288,47,40
626,258,46,31
690,259,42,31
759,321,38,47
823,444,35,51
0,0,0,0
716,344,34,34
638,285,31,31
563,267,33,24
503,290,32,31
440,370,22,23
0,0,0,0
478,262,27,36
518,209,34,30
566,189,37,22
621,206,34,27
682,275,31,45
747,426,28,44
716,381,37,52
677,253,34,41
631,196,27,33
588,181,29,25
550,200,26,30
518,261,24,39
490,356,23,28
514,296,29,35
563,209,30,37
612,159,33,30
666,143,36,23
724,154,33,34
785,240,34,37
0,0,0,0
0,0,0,0
800,230,28,26
761,194,22,21
733,198,17,17
698,232,23,31
676,308,18,33
0,0,0,0
685,363,26,27
731,316,20,22
766,293,26,18
0,0,0,0
0,0,0,0
0,0,0,0
0,0,0,0
719,311,36,17
634,301,41,22
551,349,40,35
463,447,31,43
455,450,32,34
502,323,40,45
565,259,47,34
626,251,45,31
689,286,39,41
751,391,37,53
797,486,30,33
737,342,33,44
696,254,27,34
657,229,26,25
623,232,25,30
590,283,27,35
563,364,26,33
604,319,24,42
652,244,38,33
727,196,31,25
792,181,42,23
872,207,43,34
0,0,0,0
0,0,0,0
919,245,39,24
820,179,42,27
705,153,50,30
618,182,36,46
533,278,43,53
455,435,24,33
472,291,19,52
492,191,35,38
518,147,25,25
534,136,29,24
555,165,26,34
575,235,18,41
587,339,15,37
595,375,27,24
630,343,17,21
648,330,16,20
654,344,15,22
0,0,0,0
0,0,0,0
738,343,21,26
772,314,24,13
815,311,24,20
0,0,0,0
0,0,0,0
0,0,0,0
726,318,37,20
626,300,42,25
523,319,48,38
447,389,37,24
360,445,26,24
413,326,34,34
453,229,40,44
500,200,53,34
564,206,47,42
626,280,43,54
696,437,36,57
693,354,28,62
669,191,29,54
645,124,30,45
624,89,28,30
605,105,24,38
584,170,29,44
569,266,26,49
557,393,21,47
571,376,18,28
571,360,18,17
571,371,25,24
583,357,20,28
582,262,21,37
590,206,18,32
592,180,19,29
594,188,19,24
598,214,20,37
594,294,26,41
599,411,25,35
665,353,23,41
712,293,35,25
772,271,33,22
835,289,24,19
0,0,0,0
0,0,0,0
0,0,0,0
736,321,36,23
646,340,37,17
