252,189,15,16
0,0,0,0
171,183,19,16
151,228,16,14
139,288,11,16
0,0,0,0
0,0,0,0
0,0,0,0
202,114,15,20
0,0,0,0
234,55,13,16
0,0,0,0
267,155,14,28
0,0,0,0
0,0,0,0
236,222,20,20
217,184,13,15
199,175,12,13
185,194,12,18
183,242,15,12
0,0,0,0
0,0,0,0
0,0,0,0
0,0,0,0
218,200,10,18
219,168,10,15
216,159,14,15
220,186,12,19
226,265,14,25
234,339,20,24
215,245,16,19
204,197,12,14
196,186,12,13
187,206,11,18
178,253,12,13
174,319,11,16
169,398,11,14
0,0,0,0
0,0,0,0
206,241,12,16
223,203,14,14
245,187,15,15
269,211,16,19
298,281,17,23
0,0,0,0
258,254,13,12
213,200,16,15
183,187,15,15
160,210,13,17
143,255,12,15
0,0,0,0
0,0,0,0
137,359,11,10
147,291,11,9
153,234,19,15
176,201,14,16
189,195,18,20
213,239,20,20
236,329,28,33
194,227,19,18
161,181,16,14
137,174,13,15
120,200,13,14
108,244,12,13
0,0,0,0
0,0,0,0
103,330,13,14
132,272,9,17
152,235,10,15
170,218,13,12
187,224,15,15
209,270,12,16
0,0,0,0
0,0,0,0
211,336,15,21
185,278,11,14
165,256,16,14
0,0,0,0
0,0,0,0
0,0,0,0
129,417,12,17
0,0,0,0
0,0,0,0
0,0,0,0
0,0,0,0
0,0,0,0
0,0,0,0
183,416,17,14
202,461,12,17
0,0,0,0
0,0,0,0
233,268,12,12
229,276,12,12
0,0,0,0
0,0,0,0
0,0,0,0
0,0,0,0
0,0,0,0
0,0,0,0
0,0,0,0
305,418,20,18
0,0,0,0
0,0,0,0
203,249,15,15
158,223,16,13
127,228,17,13
106,263,11,12
0,0,0,0
0,0,0,0
0,0,0,0
0,0,0,0
167,220,9,15
196,199,11,14
223,201,16,15
247,235,16,14
272,302,16,16
0,0,0,0
0,0,0,0
276,276,14,18
262,220,13,18
252,200,13,15
244,205,12,13
235,234,10,16
222,287,10,16
0,0,0,0
196,439,10,15
191,419,11,17
0,0,0,0
0,0,0,0
0,0,0,0
0,0,0,0
182,345,15,17
183,439,18,25
192,450,13,24
0,0,0,0
0,0,0,0
0,0,0,0
0,0,0,0
0,0,0,0
0,0,0,0
0,0,0,0
0,0,0,0
0,0,0,0
138,207,12,16
127,159,18,18
120,142,17,18
121,163,22,24
131,258,19,23
159,280,22,23
201,177,18,18
217,152,13,15
215,165,14,14
206,204,11,13
198,254,9,12
191,314,9,12
184,362,8,11
0,0,0,0
0,0,0,0
191,150,11,15
198,112,11,13
0,0,0,0
0,0,0,0
0,0,0,0
269,297,15,33
0,0,0,0
0,0,0,0
198,144,9,15
182,141,15,13
176,160,12,16
170,204,12,17
166,261,9,19
163,331,9,17
156,406,8,18
0,0,0,0
0,0,0,0
0,0,0,0
0,0,0,0
0,0,0,0
0,0,0,0
255,336,12,21
278,466,14,23
234,367,15,19
194,296,14,16
172,270,13,13
158,273,12,11
0,0,0,0
147,339,13,13
0,0,0,0
0,0,0,0
0,0,0,0
249,243,9,11
