497,255,312,263
488,246,333,253
533,242,312,265
584,265,312,251
603,286,338,233
665,316,327,246
694,332,313,260
727,353,293,257
749,349,287,245
796,325,273,242
843,292,262,246
956,277,184,233
975,255,193,228
948,227,242,234
968,201,244,242
989,178,243,237
1013,156,241,235
1040,147,232,234
1081,135,198,242
1116,139,163,228
1143,147,136,234
1169,155,110,188
1194,202,85,146
1228,213,51,144
1250,221,29,69
0,0,0,0
1260,246,19,65
1186,200,93,158
1141,183,138,171
1086,160,146,220
985,122,192,216
829,98,272,216
669,76,320,228
536,57,318,251
432,49,296,254
334,36,301,258
275,1,333,273
247,1,335,265
170,1,358,231
104,1,385,226
89,1,358,266
89,78,363,248
141,146,362,252
192,172,336,264
240,185,343,258
311,197,310,247
357,203,297,261
388,204,299,266
415,199,288,272
448,195,274,273
466,190,263,278
481,188,260,277
501,184,278,278
479,173,283,265
442,162,342,254
415,154,340,252
372,158,326,238
322,165,332,238
282,174,335,237
244,191,327,231
204,209,306,220
192,224,273,225
178,238,258,228
190,243,252,231
183,251,280,243
188,261,303,236
213,256,286,228
233,221,278,238
235,200,288,235
245,194,278,244
257,195,279,233
289,192,260,222
307,170,270,224
305,166,269,229
308,152,261,224
300,147,252,231
317,153,211,232
325,152,156,219
