432,1,135,533
429,3,136,518
428,1,139,525
427,1,145,532
427,1,142,531
435,1,135,530
432,1,139,536
434,1,140,541
436,1,141,550
434,1,132,556
433,1,136,563
425,1,134,567
420,1,146,578
414,1,154,579
410,1,139,592
407,1,152,608
406,1,153,628
405,1,140,642
399,2,141,656
402,1,141,666
398,1,139,685
395,1,137,695
393,1,140,706
388,1,144,712
386,1,140,720
379,1,144,720
383,1,144,723
419,1,219,718
408,1,210,721
408,1,200,723
408,1,212,725
415,1,221,722
412,1,233,721
413,1,226,724
409,1,213,723
408,1,211,720
411,7,207,712
412,19,217,702
412,22,212,697
416,23,205,699
405,12,212,729
406,10,210,757
401,1,213,716
400,1,214,722
398,1,207,737
388,1,209,726
381,1,207,720
376,1,199,719
363,1,201,719
362,1,192,719
368,1,183,718
367,1,182,720
371,2,187,718
378,1,187,721
