877,366,327,239
868,346,345,242
867,323,345,245
863,309,342,238
852,292,346,237
859,278,331,238
824,267,352,237
824,253,342,238
833,260,341,221
840,241,334,245
856,227,319,252
847,214,322,249
872,209,290,250
887,208,271,244
904,212,258,238
925,235,238,235
921,244,244,236
930,221,239,256
941,246,202,223
1059,191,101,249
1066,153,105,260
1057,126,130,279
1079,124,120,264
1090,102,136,268
1107,97,172,256
1101,102,178,249
1094,110,185,247
1066,108,213,258
1032,91,247,261
1001,87,278,258
959,82,311,255
900,54,364,301
861,41,361,245
791,20,318,275
700,6,381,267
611,4,387,263
528,3,377,271
448,7,393,273
376,27,401,273
324,40,385,258
293,58,335,235
257,72,329,223
