1,515,197,126
23,501,208,138
74,489,210,144
119,481,206,147
162,477,200,148
205,471,203,148
241,465,209,149
292,461,210,150
330,453,221,149
366,434,227,153
410,416,221,155
450,391,222,163
501,371,215,157
530,356,224,157
582,335,228,161
623,328,223,160
652,319,229,160
684,311,230,161
717,319,225,152
750,310,222,159
783,301,221,164
809,297,218,162
837,295,220,161
871,299,208,155
899,299,216,154
927,291,217,157
948,288,227,163
982,283,222,160
1009,279,224,164
1030,272,229,171
1054,266,225,170
1081,259,198,175
1104,260,175,171
1127,258,152,170
1149,282,130,147
1176,293,103,134
