183,302,37,178
181,302,36,184
177,302,38,178
179,299,36,182
180,298,38,185
182,292,39,191
186,296,36,185
184,299,37,181
179,306,37,176
176,301,37,179
185,302,39,180
160,305,40,175
151,311,41,169
140,312,42,168
136,317,42,163
130,313,42,167
127,314,38,166
132,312,42,168
134,316,42,164
119,313,42,167
119,325,45,157
135,323,43,157
128,329,42,151
122,339,46,141
128,340,45,142
121,352,44,128
121,346,45,134
119,341,44,139
115,339,45,141
106,348,46,132
101,345,45,135
104,346,44,134
110,346,44,134
115,350,43,130
117,350,41,130
113,352,40,128
116,347,45,133
121,355,43,125
125,361,42,119
123,357,44,122
127,353,47,127
129,355,42,125
124,353,44,127
121,357,44,123
122,361,43,119
121,360,46,120
126,358,43,122
130,355,42,125
131,359,42,121
128,359,43,121
127,361,44,119
127,358,43,122
126,359,44,121
125,359,41,121
122,357,50,123
119,355,44,125
122,355,41,125
121,351,42,129
119,350,41,130
119,352,44,128
121,346,44,134
119,341,47,139
118,335,47,145
117,334,48,146
117,336,47,144
116,333,43,147
119,335,40,145
116,338,43,142
115,341,43,139
115,340,42,140
115,337,43,143
115,338,43,142
111,335,46,145
109,339,45,141
112,342,43,138
110,340,43,140
109,338,42,142
111,337,43,143
112,341,43,142
113,343,44,137
108,341,43,139
107,339,43,145
107,338,44,143
106,341,45,139
108,340,39,140
105,340,39,140
105,337,37,143
102,340,42,140
100,337,42,143
100,340,39,141
