1168,267,112,113
1146,264,111,115
1122,255,115,122
1089,256,124,116
1053,252,128,122
1026,254,135,120
992,263,145,109
953,257,135,113
907,268,160,106
865,270,168,106
831,255,179,117
808,256,152,116
766,259,165,116
729,269,161,112
694,272,159,108
657,272,173,111
642,278,159,101
603,250,165,122
567,270,169,103
526,276,167,102
494,297,157,93
464,280,150,104
420,289,155,104
378,284,174,101
342,290,172,89
318,284,178,92
295,270,157,93
286,222,174,122
274,206,145,121
242,197,160,116
231,203,171,117
223,203,162,112
205,212,180,104
192,226,175,105
176,224,161,98
143,234,162,89
124,231,164,102
102,239,174,92
79,224,173,105
57,239,173,101
40,240,174,98
28,230,178,104
30,225,180,111
37,230,174,111
45,223,175,112
55,212,177,109
75,187,139,120
84,172,137,118
