781,438,30,29
779,464,31,27
758,511,35,25
722,550,44,29
753,563,38,29
801,572,48,53
703,576,32,18
646,540,31,23
609,518,29,20
541,496,36,16
531,450,29,21
540,410,23,25
562,412,19,20
0,0,0,0
612,379,31,29
596,362,22,18
591,415,20,23
601,397,15,31
571,433,26,32
563,464,57,35
523,481,40,32
475,498,60,37
389,512,35,34
254,534,60,38
292,545,79,43
423,549,87,42
573,538,64,42
0,0,0,0
564,515,45,37
587,519,63,39
629,510,32,44
608,517,49,37
652,513,53,35
718,517,55,31
786,515,66,34
838,515,68,34
845,522,35,29
854,514,64,41
858,512,53,44
801,517,37,30
795,522,46,34
888,544,40,30
970,558,44,46
922,556,57,42
835,563,52,35
802,582,34,37
817,574,60,51
817,608,47,48
893,628,43,45
943,631,63,53
1048,677,66,43
898,696,84,24
690,646,109,63
439,607,101,55
306,562,78,59
213,520,45,43
0,0,0,0
317,473,22,21
455,448,25,26
491,432,26,23
