662,383,26,18
666,384,25,20
664,392,20,15
637,396,27,20
666,407,16,14
669,399,25,18
671,406,20,15
696,398,16,16
651,416,24,16
660,431,15,23
675,431,12,18
670,437,16,16
693,446,19,12
711,454,17,14
721,464,17,16
735,469,31,19
751,485,28,24
784,508,29,22
802,513,22,19
762,516,24,17
750,530,25,21
682,500,35,39
697,538,25,21
674,552,39,24
694,552,36,23
737,540,29,26
725,528,34,20
677,510,31,24
636,490,27,23
622,455,19,22
627,408,14,24
655,383,26,24
679,384,21,21
688,388,19,17
692,387,14,16
686,383,22,16
706,376,12,19
706,361,14,17
673,351,18,16
631,343,16,18
606,336,16,13
598,325,16,12
611,310,11,15
644,298,14,13
706,289,19,13
757,283,20,13
780,271,9,13
737,254,19,14
704,252,24,14
729,243,16,17
