362,544,56,60
417,569,48,53
442,589,52,52
543,592,64,64
705,596,62,61
831,630,62,61
849,638,77,51
807,576,50,71
0,0,0,0
570,524,73,69
708,396,66,38
655,492,63,60
779,525,51,50
772,532,68,57
747,536,64,52
710,536,67,53
670,534,67,54
659,542,68,47
786,552,27,36
890,524,72,77
923,534,67,82
946,564,64,64
866,574,70,57
786,565,62,50
782,549,68,54
832,552,70,53
837,559,72,62
768,561,76,55
599,545,60,62
622,505,56,69
662,523,57,53
588,524,40,49
475,511,53,72
574,514,64,51
673,535,42,48
668,532,28,27
707,536,41,43
786,523,52,44
738,425,67,47
718,410,50,54
644,525,43,52
697,537,40,52
723,538,55,43
676,536,61,42
582,510,53,58
618,515,67,66
626,549,68,47
604,560,71,42
565,557,66,54
543,536,60,82
624,604,77,56
632,612,75,58
579,617,67,59
731,544,77,89
810,373,68,86
750,36,65,67
0,0,0,0
372,254,75,70
457,341,47,64
546,346,49,73
585,349,60,77
635,330,43,77
0,0,0,0
495,301,51,57
506,348,61,65
672,428,44,69
760,451,62,72
726,454,42,59
675,450,32,41
509,449,49,45
400,458,58,60
572,472,53,58
775,402,58,57
0,0,0,0
532,358,76,46
520,364,44,51
699,345,68,81
773,302,38,45
0,0,0,0
333,277,67,43
489,301,66,54
688,412,71,83
624,507,53,74
464,555,61,64
410,570,51,54
388,551,44,55
458,540,41,56
571,559,48,59
662,563,72,68
634,548,49,79
674,582,56,73
628,587,46,62
603,579,44,59
583,545,69,61
472,489,72,69
354,272,77,47
351,295,82,35
668,359,70,35
758,427,74,39
704,503,49,42
659,545,57,43
623,550,57,44
578,558,67,41
545,562,77,44
523,560,85,45
527,550,74,48
544,544,72,45
599,531,57,45
638,525,60,43
683,516,58,47
731,496,52,48
698,484,61,46
611,487,65,43
0,0,0,0
0,0,0,0
0,0,0,0
0,0,0,0
0,0,0,0
0,0,0,0
0,0,0,0
0,0,0,0
0,0,0,0
0,0,0,0
0,0,0,0
0,0,0,0
0,0,0,0
0,0,0,0
0,0,0,0
0,0,0,0
0,0,0,0
913,580,77,58
930,570,70,59
884,556,53,57
821,553,68,54
815,549,67,52
811,544,64,52
794,536,58,57
763,527,40,56
688,515,49,69
700,423,48,68
690,421,24,30
701,444,12,11
731,451,24,63
778,481,55,60
898,496,63,62
935,529,67,56
960,520,73,62
979,508,75,71
982,502,79,69
993,497,73,69
