703,507,30,63
707,512,60,63
719,538,25,36
701,529,45,60
692,533,71,60
570,534,69,58
450,521,72,60
518,542,60,59
552,544,63,66
553,555,65,60
535,533,62,73
669,551,80,59
830,549,65,51
856,544,53,49
906,557,34,34
892,547,49,46
886,553,49,44
927,567,48,43
944,569,58,47
929,575,67,44
872,571,70,44
787,568,73,38
678,571,64,32
547,575,68,38
451,555,65,58
449,541,30,62
490,534,40,59
563,528,45,60
573,535,53,69
586,513,71,71
621,476,61,80
611,494,37,75
0,0,0,0
613,560,49,63
567,573,61,52
506,582,65,48
430,575,68,49
399,523,76,68
541,526,72,60
631,531,76,52
678,521,69,56
718,511,41,52
0,0,0,0
0,0,0,0
0,0,0,0
803,292,34,43
848,344,41,47
826,402,52,57
783,423,43,56
755,427,30,67
713,440,63,61
753,462,51,72
787,439,57,72
854,268,60,70
833,170,75,65
754,121,66,60
729,103,46,63
750,69,36,66
740,87,40,57
712,98,33,59
691,99,28,57
671,89,28,64
648,84,38,67
645,83,38,64
653,77,38,68
656,70,41,69
660,66,43,70
657,70,45,67
648,75,47,67
639,80,45,66
631,80,51,70
622,83,52,64
624,82,52,64
629,83,54,65
681,140,14,40
715,249,27,40
0,0,0,0
598,420,29,53
583,275,38,46
653,148,58,39
748,145,54,35
790,198,34,34
789,264,30,31
0,0,0,0
571,351,55,32
480,351,59,26
566,371,55,32
798,376,66,36
752,349,43,28
458,339,52,25
537,372,72,38
820,348,53,36
561,307,43,26
479,337,54,34
823,357,66,36
0,0,0,0
814,311,74,63
772,350,89,38
661,301,46,30
313,315,79,36
711,350,78,35
646,289,50,42
256,291,78,52
639,328,106,54
663,205,77,56
325,235,65,43
546,400,89,49
817,420,44,41
0,0,0,0
534,455,55,78
557,521,64,80
552,558,46,64
566,547,32,75
616,556,54,64
603,533,77,70
0,0,0,0
615,522,29,46
535,485,65,76
565,552,84,93
696,590,53,69
612,587,56,76
634,601,81,69
733,579,78,70
776,544,83,76
825,522,71,57
857,509,70,51
880,501,67,50
876,508,59,42
863,509,53,49
869,514,61,46
