456,581,34,73
471,598,37,70
469,606,46,74
492,608,67,75
535,587,71,69
505,531,65,80
588,509,63,76
687,550,67,58
691,556,59,55
650,537,56,56
591,532,39,46
546,535,35,45
502,544,36,43
479,541,26,46
491,548,14,29
463,534,43,47
504,519,34,48
550,515,25,45
588,522,29,46
626,528,24,43
653,529,27,43
656,531,27,47
659,541,34,43
672,547,35,40
591,537,29,37
619,440,27,50
607,412,32,31
665,436,30,43
589,479,46,48
740,479,45,47
710,431,47,28
0,0,0,0
353,388,43,27
264,452,39,41
266,498,47,40
310,506,56,39
356,515,48,37
410,518,56,47
470,527,52,45
511,535,37,43
548,548,32,40
593,562,14,45
641,571,49,47
706,553,57,53
752,502,65,65
752,473,62,65
725,469,54,65
685,537,37,43
633,508,29,60
654,493,42,38
679,420,29,31
566,352,64,44
567,382,63,59
697,426,42,66
768,469,57,72
736,488,28,49
584,457,45,62
482,458,60,58
519,494,47,50
626,545,47,64
731,520,67,73
808,500,49,72
848,502,39,66
885,554,45,64
869,590,72,61
905,587,67,55
882,570,55,45
713,558,56,40
673,557,45,36
391,555,61,41
365,555,55,49
399,559,31,56
475,567,41,56
593,571,65,52
0,0,0,0
753,564,22,43
745,549,26,48
707,543,37,52
660,544,49,40
633,543,38,39
464,556,43,47
474,571,44,57
605,591,58,55
819,600,73,46
934,578,38,44
874,555,59,56
811,550,39,50
670,550,57,50
648,564,40,47
695,567,58,48
700,563,26,57
621,568,46,49
608,581,25,56
632,596,63,49
689,585,30,59
632,583,43,53
604,596,28,53
637,604,63,60
727,600,51,63
717,594,43,58
