423,491,64,62
491,282,34,32
479,307,40,33
408,271,50,28
434,306,30,44
462,360,46,50
419,426,44,54
533,419,53,61
662,389,76,79
734,314,62,43
771,201,71,70
796,200,70,69
824,345,49,47
788,510,65,76
740,556,58,62
721,565,55,58
672,570,41,66
529,510,60,65
499,473,81,66
577,484,80,75
707,543,72,65
714,557,59,70
770,562,70,63
836,543,77,59
869,553,72,55
0,0,0,0
859,570,73,53
838,550,57,62
825,564,54,50
850,563,51,46
890,562,58,54
916,535,65,62
872,555,53,46
910,562,54,47
979,569,60,44
1056,539,85,63
1075,538,82,67
1002,538,87,71
930,492,52,79
885,488,43,79
871,494,34,75
885,482,38,77
907,478,40,76
921,463,40,70
905,499,60,65
