516,530,46,56
517,499,66,72
609,510,41,67
613,519,43,55
601,523,54,55
623,528,68,46
628,521,56,44
568,485,54,51
440,463,29,26
290,492,62,53
297,504,49,56
355,497,43,49
366,492,52,48
352,486,56,53
388,483,54,53
464,483,48,43
497,467,44,48
451,468,44,45
436,476,33,45
479,488,45,42
569,487,54,45
568,482,58,45
563,480,53,42
574,478,53,43
579,476,60,46
633,481,55,37
606,473,55,45
601,476,59,50
659,479,59,49
777,485,54,41
893,478,49,45
0,0,0,0
977,483,42,51
1098,499,41,54
1232,522,48,51
0,0,0,0
1190,539,56,56
1078,553,52,65
963,555,71,68
875,556,73,62
808,550,64,58
792,542,62,56
830,540,58,55
804,552,58,56
884,500,45,48
839,206,59,65
536,131,94,68
409,381,54,81
476,531,55,69
518,573,62,46
556,562,66,46
595,562,57,48
615,567,57,51
706,553,63,61
829,367,66,47
866,178,74,46
818,86,64,51
739,125,50,56
684,159,59,62
663,160,48,52
653,164,31,47
622,195,35,41
586,211,61,50
642,213,45,47
715,220,47,42
730,213,36,32
0,0,0,0
608,197,62,51
646,192,47,36
732,186,41,45
745,185,42,32
0,0,0,0
619,196,60,43
656,186,50,42
792,171,57,44
754,191,47,42
577,292,44,36
608,393,47,61
761,360,38,39
872,171,59,43
705,150,30,41
530,325,49,61
530,433,50,74
554,505,63,68
577,568,65,48
522,577,64,46
451,578,59,52
426,591,51,52
0,0,0,0
475,614,55,50
470,626,58,52
0,0,0,0
437,647,51,65
431,662,46,53
473,671,42,49
504,686,40,33
0,0,0,0
0,0,0,0
0,0,0,0
627,565,59,88
657,555,42,94
689,607,57,68
665,593,56,74
673,609,78,62
785,600,74,68
