855,380,25,19
864,383,26,17
873,383,28,17
872,384,30,16
865,384,27,18
858,384,25,21
849,397,16,13
846,403,14,17
837,405,12,18
813,417,14,16
807,421,13,22
796,431,13,21
775,436,15,20
744,443,18,21
738,451,15,22
750,449,24,26
750,461,18,21
756,470,22,24
807,479,25,18
857,469,17,19
811,460,24,20
813,465,29,18
875,461,25,21
933,440,16,24
911,393,16,13
0,0,0,0
830,386,23,16
832,393,17,13
825,387,12,12
806,379,14,13
778,368,16,18
758,359,19,16
738,353,18,15
707,348,19,16
671,348,20,12
640,344,24,13
626,348,22,15
615,347,23,15
607,346,25,15
583,347,26,17
561,347,24,19
550,355,24,17
541,360,22,16
533,367,23,20
535,381,19,19
552,394,21,20
572,409,18,23
592,422,20,22
615,428,16,22
663,439,10,17
694,448,20,22
728,454,30,25
758,450,19,18
767,445,21,21
796,447,22,17
838,436,20,22
834,424,19,15
809,406,13,16
796,385,13,16
780,372,12,15
746,357,16,16
709,350,17,14
676,340,16,13
650,332,17,14
605,323,14,13
574,324,10,13
573,321,10,10
611,307,10,13
639,311,14,12
671,310,13,12
709,307,16,16
722,310,10,11
712,309,9,12
708,312,14,14
716,321,12,14
711,309,14,18
684,304,16,22
646,323,14,18
606,323,15,17
596,316,12,9
607,301,17,21
631,304,13,15
594,292,14,17
583,286,14,17
569,282,11,18
532,278,17,13
534,277,15,9
545,268,16,13
543,262,13,17
541,267,19,12
