1005,573,21,14
1026,567,25,14
1049,569,22,14
1047,564,24,17
1063,541,15,20
1088,550,18,12
1089,544,22,14
1084,542,17,17
1084,544,17,15
1052,547,23,14
1036,552,25,14
1038,548,23,18
1058,529,25,25
1078,528,15,27
1085,544,15,21
1108,549,16,24
1117,565,24,19
1117,558,22,25
1070,562,25,25
984,585,19,18
985,583,22,18
986,604,17,27
993,614,18,26
982,612,18,23
893,623,24,14
792,630,25,24
787,640,29,17
795,635,25,17
796,633,21,17
797,634,14,20
796,637,16,19
802,585,15,25
816,562,15,18
825,550,21,16
842,542,15,22
901,536,24,16
899,536,25,20
929,537,27,25
1007,554,28,19
1009,558,26,16
1016,549,15,25
1060,557,32,20
1092,564,23,17
1091,566,21,14
1055,531,12,26
995,519,18,14
1000,517,16,15
984,506,21,20
920,492,20,21
886,485,17,12
893,478,14,16
901,475,21,17
904,478,19,15
906,476,17,18
968,487,12,17
1027,518,17,21
1019,518,19,18
0,0,0,0
1049,556,17,18
1042,569,22,22
1030,563,18,17
1004,566,25,24
933,591,19,19
919,598,17,22
924,603,14,20
902,627,21,32
890,649,20,23
931,670,19,31
943,682,24,28
923,691,25,29
920,679,24,29
943,665,27,27
1034,685,18,29
1121,694,16,26
0,0,0,0
0,0,0,0
1078,685,30,21
0,0,0,0
0,0,0,0
0,0,0,0
0,0,0,0
0,0,0,0
0,0,0,0
0,0,0,0
0,0,0,0
0,0,0,0
764,664,13,24
735,635,13,24
729,619,11,22
732,611,15,27
745,595,15,24
771,580,21,20
775,582,21,22
792,571,15,28
822,573,17,22
827,574,17,22
822,561,15,27
0,0,0,0
772,547,18,23
775,538,18,29
775,503,14,26
771,495,11,18
770,487,12,22
769,473,12,28
764,456,11,20
752,444,12,21
746,436,14,22
749,434,13,22
750,410,11,17
740,402,12,20
713,399,11,16
704,399,14,17
702,384,14,25
685,374,17,20
652,375,13,15
627,368,19,17
0,0,0,0
620,354,18,26
594,351,16,23
540,352,23,18
