379,511,19,15
410,507,14,15
449,491,18,25
468,504,17,16
478,497,23,12
545,493,18,18
601,498,17,14
594,497,17,14
584,497,16,13
554,502,21,15
532,515,13,15
521,514,16,13
455,487,16,23
450,484,18,28
428,482,19,19
423,464,17,17
0,0,0,0
247,508,27,16
213,516,19,19
213,517,15,16
210,507,18,27
232,503,16,25
291,529,32,18
316,535,28,18
310,539,16,12
336,546,16,18
383,561,25,16
393,576,15,18
386,571,12,13
420,582,15,16
462,595,19,16
462,608,15,17
446,607,18,16
438,606,20,18
425,611,20,19
426,608,15,24
454,632,16,16
489,646,19,19
523,665,35,18
527,679,34,20
503,679,39,18
475,672,27,22
483,678,39,20
478,689,28,18
435,693,30,17
400,676,36,24
358,640,20,20
0,0,0,0
0,0,0,0
315,551,19,37
307,529,15,18
0,0,0,0
332,505,13,19
331,468,17,24
309,447,15,25
319,424,16,18
318,414,20,18
336,415,14,13
350,409,15,14
392,388,15,17
441,357,17,19
442,365,21,14
459,355,13,18
508,354,23,15
553,340,20,22
555,349,22,14
552,349,20,11
542,347,18,12
536,347,18,12
519,341,21,14
513,341,17,16
513,338,18,14
501,340,12,12
496,329,14,16
466,328,24,13
478,325,20,14
468,320,15,20
406,345,28,14
417,356,13,13
421,346,20,22
0,0,0,0
318,396,27,14
320,409,24,18
333,405,18,24
308,412,13,23
246,466,18,17
242,489,13,19
244,483,21,26
199,492,25,20
195,532,15,17
180,535,18,17
106,551,25,18
4,566,16,28
0,0,0,0
0,0,0,0
0,0,0,0
0,0,0,0
0,0,0,0
0,0,0,0
0,0,0,0
0,0,0,0
31,586,32,29
134,589,30,16
148,583,34,16
180,543,26,28
242,511,37,20
270,511,33,14
261,489,26,24
240,451,12,25
264,436,15,22
304,431,21,18
314,423,22,12
326,408,16,21
377,408,30,16
370,410,28,14
386,398,14,20
437,406,32,15
448,399,23,20
507,395,22,15
519,399,14,15
499,377,16,23
0,0,0,0
342,362,16,23
327,374,24,14
327,374,24,15
327,374,22,13
325,374,22,10
0,0,0,0
354,379,20,16
359,389,13,18
361,390,13,15
389,394,20,14
401,398,20,14
399,397,23,16
401,396,22,18
404,398,19,14
403,399,21,13
407,391,19,18
443,380,20,14
456,371,23,15
481,365,23,15
532,354,23,20
538,362,25,12
539,363,24,10
550,354,15,18
571,361,19,13
571,357,17,14
536,344,15,18
488,343,12,10
480,340,13,12
472,331,16,15
467,336,12,9
466,334,12,11
467,333,10,12
473,328,10,14
494,331,21,12
518,334,22,13
518,334,23,15
519,334,23,14
534,339,19,18
548,343,17,18
550,342,15,20
551,339,13,18
574,396,13,14
572,395,16,19
0,0,0,0
558,431,13,22
540,491,15,16
532,489,13,21
507,545,17,23
498,553,14,27
473,598,27,34
458,628,23,36
448,632,20,34
