730,187,10,8
730,187,10,10
729,187,10,10
730,187,11,10
733,182,11,13
744,178,6,12
745,178,8,9
738,177,10,9
735,173,9,10
731,174,8,11
726,168,9,16
724,167,9,14
722,165,10,14
705,169,10,10
689,171,8,12
678,182,10,11
674,175,9,13
659,189,8,9
640,208,11,12
639,205,9,14
638,209,9,14
629,213,11,14
610,231,10,14
604,237,11,15
605,240,8,13
593,238,10,12
567,249,8,11
557,253,11,13
549,260,10,12
547,260,12,12
553,259,12,12
555,262,10,12
556,261,13,14
593,258,11,11
616,266,10,12
621,267,9,11
641,261,8,11
651,259,10,13
651,258,10,12
667,254,9,12
666,255,10,11
653,244,9,15
638,240,8,9
637,240,9,9
609,232,15,13
584,229,9,7
0,0,0,0
0,0,0,0
0,0,0,0
0,0,0,0
0,0,0,0
0,0,0,0
0,0,0,0
565,219,9,12
581,218,13,13
588,211,10,9
575,217,9,11
565,223,10,11
554,226,11,14
556,226,10,14
561,229,9,15
565,234,10,13
559,240,10,9
563,234,14,14
580,225,12,12
584,226,9,14
0,0,0,0
607,222,13,13
0,0,0,0
0,0,0,0
0,0,0,0
611,215,12,12
605,216,13,10
0,0,0,0
0,0,0,0
609,208,10,13
626,207,9,14
623,201,10,13
605,200,8,9
594,206,9,13
589,203,10,13
560,204,11,13
554,217,9,14
552,212,9,14
536,213,13,12
0,0,0,0
520,228,10,11
494,227,11,11
474,228,10,14
467,233,8,12
466,231,7,9
453,230,9,11
450,230,9,13
450,232,13,11
452,230,12,9
463,223,10,11
460,220,10,12
443,220,9,12
433,224,9,11
438,225,9,8
445,222,9,9
478,222,8,12
499,233,10,7
499,235,9,10
545,235,15,10
0,0,0,0
0,0,0,0
600,223,10,15
610,226,12,12
619,223,8,9
0,0,0,0
636,231,9,11
0,0,0,0
645,227,10,15
666,232,10,12
673,220,12,10
0,0,0,0
682,241,10,15
682,246,9,11
695,245,8,14
719,253,14,14
730,259,10,13
726,262,13,11
707,254,13,12
0,0,0,0
719,243,9,12
733,244,14,9
736,235,11,9
0,0,0,0
0,0,0,0
0,0,0,0
0,0,0,0
753,235,9,12
762,236,10,14
786,225,18,12
787,218,15,12
769,233,11,13
754,244,11,11
750,245,10,14
748,257,12,10
749,257,10,11
751,248,11,15
760,261,11,12
761,261,12,15
758,266,14,10
742,258,11,11
731,255,12,11
738,254,10,10
758,266,10,11
0,0,0,0
761,272,14,14
772,274,13,15
792,282,15,9
0,0,0,0
774,273,11,10
766,270,11,11
768,267,17,12
0,0,0,0
714,252,16,9
713,251,16,11
711,247,13,13
705,248,17,11
702,245,12,9
699,247,9,8
701,244,12,9
716,232,10,16
732,230,11,13
726,225,11,14
713,231,10,15
704,240,11,15
703,244,10,12
707,239,9,13
724,246,10,14
722,247,13,13
733,248,9,10
735,248,8,15
734,249,10,11
733,248,12,16
734,249,10,12
728,252,11,13
