455,182,10,14
454,182,11,12
454,178,11,16
461,186,11,10
460,186,14,10
456,188,17,10
456,186,17,10
482,174,18,13
501,189,16,13
483,144,20,17
544,184,17,12
577,185,14,12
572,184,19,11
550,185,10,12
540,188,14,10
542,187,13,10
542,185,18,11
537,181,12,18
594,183,15,13
593,170,19,17
646,177,21,13
668,167,13,13
0,0,0,0
0,0,0,0
0,0,0,0
728,156,14,13
736,157,13,13
738,157,15,12
735,158,16,13
738,155,12,14
737,154,12,12
0,0,0,0
0,0,0,0
0,0,0,0
747,153,11,19
750,156,11,16
749,154,15,18
752,154,13,19
759,158,11,15
755,156,12,21
751,159,14,15
754,157,11,17
756,158,14,15
749,158,9,12
752,161,10,15
753,164,14,15
754,164,10,13
773,167,17,14
782,170,13,12
783,165,11,15
775,170,10,13
770,182,12,16
767,187,13,17
768,187,12,14
773,186,13,20
774,195,13,19
774,195,14,19
783,192,13,18
801,187,14,18
804,191,15,16
820,186,15,20
861,190,11,15
864,190,14,17
866,188,9,18
849,185,18,14
839,187,13,17
837,190,19,13
821,195,14,14
806,201,13,20
811,207,9,19
807,206,14,19
786,213,15,21
742,223,14,18
720,230,14,18
720,232,13,19
721,232,11,19
722,237,13,21
722,238,13,22
723,238,13,21
722,238,12,22
722,235,11,17
733,234,14,16
767,238,12,14
771,238,17,17
779,239,12,18
776,240,16,18
789,236,13,22
810,234,15,14
825,240,18,17
832,234,16,18
836,240,15,15
823,239,12,15
797,243,14,15
789,248,14,20
790,248,11,17
787,244,15,19
785,251,14,14
784,249,13,15
0,0,0,0
789,253,16,18
798,267,15,14
819,272,10,16
810,274,14,18
783,277,16,22
778,282,12,22
777,283,14,19
776,286,14,16
771,283,14,20
761,273,12,17
750,272,21,16
751,272,17,16
750,270,20,17
750,269,19,18
749,270,18,18
720,258,18,19
0,0,0,0
0,0,0,0
0,0,0,0
0,0,0,0
687,250,15,17
677,246,20,20
666,247,20,15
667,246,19,16
666,245,18,16
685,233,15,18
710,227,14,18
724,220,12,24
736,222,16,16
716,210,20,23
670,204,24,17
676,204,15,19
650,190,12,19
563,185,23,12
535,190,15,15
532,188,16,17
515,181,14,17
480,169,20,13
475,171,20,18
476,172,12,12
461,159,14,23
436,163,16,16
425,163,11,12
423,160,12,16
422,161,16,13
424,160,13,14
421,152,13,21
411,150,16,20
414,156,8,10
419,153,6,9
419,151,7,10
