857,518,24,14
855,514,23,15
885,499,17,23
890,485,15,20
838,511,24,16
807,513,24,13
778,516,22,9
752,516,25,12
751,515,21,10
711,511,23,15
688,522,19,11
689,523,16,9
690,522,19,9
716,524,18,11
724,528,21,9
700,531,20,9
692,536,18,10
692,537,19,10
680,541,22,11
678,552,25,15
689,561,24,15
702,562,24,15
727,560,23,15
769,559,22,16
833,563,16,15
906,583,14,12
942,592,25,16
956,592,26,16
961,591,21,16
956,590,26,16
960,590,28,18
995,601,21,17
1022,619,17,17
1022,627,22,13
1021,627,20,14
1024,632,17,15
1021,629,14,19
1004,646,16,16
969,665,17,15
949,673,18,17
932,669,12,16
884,676,24,12
864,677,23,13
835,675,29,16
826,672,24,14
819,670,24,16
809,667,26,18
799,668,17,10
777,663,20,16
763,654,22,30
830,623,19,11
891,637,20,14
885,625,14,18
926,589,16,19
948,568,17,14
945,560,12,13
910,548,24,12
903,545,22,12
855,548,24,10
827,550,23,12
813,541,15,16
747,541,22,14
736,542,25,14
727,534,15,18
647,535,19,10
614,540,22,10
610,516,11,25
551,503,18,11
535,501,10,15
536,473,12,19
540,468,16,11
542,454,15,11
537,451,18,12
569,428,10,17
586,418,13,11
610,437,16,13
609,439,17,11
633,429,18,13
