830,528,17,15
817,527,13,14
815,526,12,13
0,0,0,0
781,531,10,14
777,530,7,13
747,539,14,12
753,539,16,11
769,552,16,12
769,554,16,14
798,548,14,19
832,551,13,14
842,548,18,18
878,549,16,14
905,541,17,18
923,542,16,16
937,553,16,15
936,555,16,17
924,576,25,15
925,578,19,16
907,566,12,21
899,570,18,13
860,569,18,13
802,578,16,15
811,579,18,11
771,583,12,10
695,607,20,13
681,621,19,14
683,616,19,14
680,616,19,14
694,605,11,18
748,582,13,15
774,586,14,14
783,560,12,21
0,0,0,0
0,0,0,0
853,515,19,19
862,492,15,20
867,480,11,11
864,462,21,15
864,461,25,14
863,459,22,16
839,463,26,16
843,464,25,14
835,462,25,15
802,481,22,12
799,482,21,11
768,489,22,12
749,498,24,15
749,498,21,14
724,501,16,12
722,502,14,13
722,506,14,14
721,513,14,14
732,505,14,17
808,505,13,11
877,508,24,13
878,504,15,16
900,492,13,24
0,0,0,0
1048,494,10,13
1047,494,15,12
1066,495,20,17
1100,509,26,15
1122,522,26,16
1122,520,29,19
1125,522,27,16
1111,501,15,23
1010,495,25,16
992,491,22,13
993,481,15,21
966,473,19,22
944,462,16,23
931,450,10,25
893,449,14,21
845,459,22,15
845,462,22,13
844,458,20,15
830,460,13,14
831,459,14,15
821,448,9,16
797,443,12,11
795,443,13,12
787,426,12,20
778,425,11,13
776,414,9,13
774,409,11,14
765,401,11,12
767,398,11,12
764,395,11,14
759,394,10,15
747,391,17,12
754,392,14,14
744,397,10,12
702,398,12,16
697,410,17,11
626,415,23,11
590,424,19,11
568,417,16,21
503,444,22,13
463,457,23,16
0,0,0,0
429,456,13,19
350,487,14,14
237,519,18,13
234,513,16,20
170,542,14,18
116,576,15,14
107,576,19,19
0,0,0,0
110,602,19,27
0,0,0,0
119,620,14,19
122,621,15,24
0,0,0,0
80,620,20,20
0,0,0,0
162,608,29,14
112,641,24,22
76,651,10,15
1,670,20,16
0,0,0,0
0,0,0,0
0,0,0,0
0,0,0,0
29,663,18,17
50,663,20,16
38,665,15,14
30,662,18,14
50,639,20,30
112,636,14,12
0,0,0,0
0,0,0,0
0,0,0,0
0,0,0,0
166,608,18,12
216,609,21,14
245,610,16,7
