388,577,26,14
388,568,21,18
386,567,16,14
387,574,13,15
444,566,18,16
475,578,19,15
486,579,11,17
492,592,15,19
486,586,20,18
417,584,13,17
385,565,11,23
336,561,18,17
333,564,21,14
333,559,22,16
341,548,13,15
342,541,20,11
331,545,21,14
340,528,16,24
364,504,20,21
379,500,18,16
380,492,17,21
389,468,16,20
395,458,13,14
395,447,13,16
383,445,20,13
392,432,13,17
382,435,18,11
382,430,21,14
399,418,14,20
420,414,19,17
430,414,14,14
430,413,16,12
428,412,15,14
437,401,16,21
462,407,24,13
487,406,24,14
486,407,21,13
486,407,20,11
486,402,21,13
496,399,25,13
501,396,21,15
511,397,23,13
519,397,23,12
519,398,23,12
527,391,17,16
543,392,20,15
564,394,14,15
559,394,16,13
527,398,14,15
529,401,13,14
524,402,16,16
497,414,23,15
495,421,18,15
496,427,23,16
496,430,24,14
495,431,24,13
493,435,24,13
495,444,19,11
496,439,21,13
511,431,17,12
515,427,21,14
527,432,15,13
522,422,22,19
0,0,0,0
401,404,27,17
394,404,25,13
397,398,21,19
354,400,20,14
301,392,21,11
272,394,15,11
268,391,22,15
249,395,12,12
228,393,15,18
226,395,17,16
231,395,11,19
270,395,21,11
282,395,23,14
298,388,17,23
361,395,21,11
379,395,22,12
394,387,14,19
465,397,19,12
469,399,23,11
476,398,19,13
482,405,24,14
484,409,22,12
463,414,21,15
465,411,18,22
493,433,19,14
496,430,16,23
498,443,24,16
505,447,17,22
509,466,22,17
513,469,20,16
513,452,21,17
541,428,25,17
534,455,9,13
492,490,14,22
484,502,20,15
480,516,15,13
475,513,17,17
458,531,17,13
456,530,17,14
439,532,18,15
430,548,23,14
431,551,22,13
420,554,23,13
408,558,24,11
407,557,24,12
408,556,24,13
407,556,23,12
402,537,22,23
397,526,15,14
390,526,18,14
