535,187,9,11
535,191,10,12
533,191,10,13
547,199,10,12
551,211,10,10
560,213,10,13
564,216,10,14
560,220,11,16
548,231,10,17
543,226,15,18
512,240,10,15
459,253,19,13
456,247,13,16
397,247,22,17
396,231,10,15
337,219,21,13
297,243,14,20
0,0,0,0
222,256,20,12
222,254,16,15
223,249,12,16
228,247,16,16
233,248,19,14
234,250,15,12
251,248,15,13
292,253,18,11
324,245,20,12
351,244,19,12
411,236,20,10
0,0,0,0
471,226,18,8
503,220,17,12
0,0,0,0
0,0,0,0
551,211,15,16
582,221,17,11
588,219,10,12
581,223,12,14
587,232,15,13
581,231,20,12
576,239,14,13
579,245,17,15
581,252,12,15
581,251,14,15
578,251,16,15
573,252,18,14
576,251,15,14
576,251,14,15
575,250,18,16
582,252,16,17
594,261,18,14
594,259,15,16
592,263,15,13
591,263,16,14
595,257,12,17
613,254,13,14
636,264,19,13
642,267,15,10
640,265,15,13
630,265,14,14
576,271,19,11
520,272,19,13
520,272,20,10
526,266,15,14
524,265,14,14
530,263,11,13
553,262,15,12
563,260,19,14
563,262,17,11
0,0,0,0
560,259,21,13
572,252,14,19
0,0,0,0
598,262,20,12
604,256,14,17
637,260,17,13
635,259,18,13
638,255,16,15
