533,257,111,83
532,260,111,86
534,254,112,95
537,265,112,90
541,269,109,86
537,272,115,86
532,274,119,85
531,269,120,95
527,270,125,97
533,280,122,89
531,281,127,92
532,282,130,92
539,281,129,94
538,270,131,105
536,262,137,114
535,273,140,99
535,271,138,97
540,271,138,103
544,270,140,106
544,264,150,120
546,277,147,110
542,279,153,112
537,279,158,112
534,275,158,114
530,256,168,130
533,248,165,134
535,260,167,119
538,252,169,120
540,252,171,119
545,251,169,125
547,233,170,141
554,251,167,128
555,251,171,126
557,250,175,131
560,233,179,143
570,229,173,146
577,225,173,151
581,229,178,146
590,228,175,145
596,223,177,146
601,218,184,147
609,208,182,156
614,202,192,157
620,195,198,150
621,181,215,160
620,176,227,156
619,170,239,168
615,160,255,178
609,162,269,186
607,161,279,193
604,157,296,205
600,154,314,212
602,151,333,214
606,134,358,235
612,119,395,267
649,104,419,294
607,83,530,314
592,51,633,364
571,17,708,412
523,1,759,473
410,1,874,532
177,1,1103,599
1,1,1299,621
1,1,1279,678
1,1,1285,720
1,2,1280,717
85,1,1191,722
208,1,1070,718
345,1,931,720
457,1,821,714
549,1,732,629
563,81,699,478
562,133,552,396
558,166,455,337
555,194,380,290
551,209,333,264
551,233,289,229
553,252,247,207
556,262,219,193
564,275,195,173
568,282,179,160
568,285,165,156
571,292,146,145
574,299,131,135
576,302,126,126
575,302,119,121
577,303,109,115
578,301,103,109
585,306,92,101
586,305,88,98
