482,247,127,83
491,240,132,84
501,237,135,84
507,239,138,85
508,243,141,86
505,246,144,88
501,249,145,89
492,254,146,88
484,257,144,89
470,256,150,90
458,254,148,92
446,251,149,90
439,248,148,91
436,245,148,91
432,243,147,91
430,241,150,95
434,241,147,91
434,242,149,94
436,241,152,95
442,242,153,94
442,243,154,95
443,246,155,97
444,249,156,97
443,253,157,100
443,257,158,100
447,263,155,101
446,269,159,100
448,273,160,105
453,277,162,105
459,281,163,109
465,286,165,109
474,290,163,105
479,292,164,107
481,294,167,109
485,295,168,109
483,295,171,110
482,294,173,111
477,295,177,111
477,292,172,113
470,288,177,117
467,284,180,119
465,277,185,122
465,276,188,119
468,270,192,120
472,264,192,123
475,261,195,123
481,257,194,127
477,257,201,127
479,256,206,128
482,253,209,131
487,252,209,132
486,250,214,133
486,250,216,136
487,251,213,135
482,249,216,138
474,245,220,138
466,239,221,142
472,244,207,130
483,249,184,121
488,250,168,114
487,250,164,111
480,246,161,114
475,244,156,112
468,240,153,115
462,238,149,117
456,238,146,116
453,240,141,110
455,242,136,110
459,245,131,106
459,247,134,104
461,247,132,104
457,251,137,102
457,244,137,108
452,244,141,111
450,242,140,108
446,242,147,112
439,241,154,114
435,239,157,116
427,240,164,116
420,238,171,120
411,244,181,117
405,244,187,119
402,245,194,121
398,245,203,122
397,245,208,125
397,244,214,129
402,239,214,136
402,241,220,134
405,240,227,136
413,237,230,137
422,235,233,140
432,233,238,144
436,231,246,146
442,230,246,149
453,236,243,143
461,239,242,144
460,239,248,143
468,243,242,143
468,245,245,142
476,248,240,139
487,253,232,137
489,256,232,138
490,260,237,138
498,262,233,136
501,271,236,130
502,271,239,133
502,265,246,141
497,259,258,148
490,251,270,155
475,244,286,162
456,234,303,167
436,225,317,177
411,217,340,181
396,205,355,196
379,195,384,208
370,187,412,217
362,178,441,233
354,180,475,245
340,180,520,261
333,176,565,280
329,178,622,295
332,167,683,321
335,158,754,342
340,142,842,374
348,126,882,409
352,112,925,448
363,98,915,496
408,86,870,392
472,71,807,431
575,33,703,524
687,26,591,518
834,176,444,335
