606,261,117,74
604,252,122,82
608,257,121,82
606,253,128,83
608,253,131,89
610,252,133,87
608,244,138,97
605,246,145,95
601,251,151,99
599,250,155,99
593,247,161,100
590,241,167,106
583,229,171,116
574,229,180,109
563,222,193,117
554,220,199,116
546,215,209,122
535,202,217,132
524,194,229,141
511,199,239,139
496,196,249,143
475,189,266,150
458,182,279,155
441,172,299,167
418,172,323,170
402,165,342,178
384,163,369,186
369,155,401,197
358,140,432,215
335,120,478,233
310,109,528,245
279,96,586,258
240,77,652,278
193,56,729,301
120,32,823,326
27,6,927,364
1,1,951,367
1,1,947,378
1,3,910,394
1,1,878,418
1,1,851,432
1,1,836,459
3,1,813,460
1,3,848,470
2,2,866,485
1,3,870,488
1,2,860,499
1,3,842,482
1,3,822,566
1,3,801,547
1,26,778,556
1,59,768,523
1,74,761,497
1,120,759,425
23,150,734,377
106,169,647,353
170,189,586,315
243,208,511,284
289,224,476,261
333,234,405,247
376,252,388,227
408,263,355,212
432,275,325,202
446,286,312,191
465,295,285,179
473,303,270,170
482,307,252,165
487,313,244,156
502,317,212,148
507,320,203,143
510,325,207,137
515,330,180,132
522,331,157,128
521,330,152,126
519,335,147,117
528,341,136,109
531,338,130,111
537,344,143,106
