215,224,179,289
226,188,183,299
266,160,183,288
323,178,174,265
384,200,180,241
436,192,185,231
463,175,204,229
436,151,229,233
408,127,245,242
385,122,251,257
370,100,252,288
378,92,252,312
383,96,262,329
386,98,290,318
381,99,307,311
354,99,322,346
332,111,334,351
332,108,345,347
339,151,353,338
372,211,331,297
413,167,288,317
431,162,293,317
425,147,309,324
391,123,338,329
345,78,353,341
315,43,353,352
306,27,367,351
298,33,390,347
296,38,433,361
332,32,444,363
329,37,460,366
317,77,473,430
317,94,486,425
330,135,500,420
392,181,506,377
472,217,493,364
559,240,455,395
675,189,513,437
731,170,547,456
718,174,562,464
691,160,589,475
635,149,587,488
567,102,602,499
502,23,637,526
475,1,676,529
487,19,738,476
512,1,767,525
535,1,744,627
530,1,749,637
457,1,822,583
355,1,923,491
192,1,1087,466
205,1,1074,474
327,1,952,514
426,1,853,508
418,1,861,618
307,1,973,718
131,1,1149,720
1,1,1280,719
