576,258,221,258
548,239,244,233
548,247,260,226
586,301,248,250
622,343,213,310
631,346,193,362
615,349,164,369
560,293,199,387
512,212,221,413
516,102,185,410
567,86,183,375
583,120,224,325
556,200,222,289
520,202,237,264
600,157,256,250
630,153,277,238
677,197,239,287
712,295,204,351
692,327,194,392
657,247,225,411
588,174,258,409
521,133,252,385
508,143,212,373
563,200,206,329
551,200,230,315
516,180,226,298
529,140,243,282
565,141,259,253
610,153,259,267
665,145,224,319
715,139,180,382
707,187,208,408
639,241,245,426
523,172,266,420
459,102,244,403
491,117,214,377
533,171,203,332
548,194,201,313
536,181,195,287
553,147,196,277
539,142,213,255
576,144,226,264
643,121,206,328
687,109,193,382
679,137,220,383
616,179,245,378
547,217,254,367
502,246,218,347
516,319,190,353
458,355,216,329
403,263,233,312
377,183,232,282
322,142,265,260
323,138,272,246
376,131,280,280
511,105,227,355
557,107,185,424
554,120,195,424
557,97,249,444
564,48,278,485
591,52,248,491
631,95,206,461
552,143,235,392
513,151,243,333
505,153,235,304
533,172,256,285
633,165,249,278
718,125,247,326
754,136,246,393
772,209,240,435
779,276,290,433
743,293,320,400
661,202,315,350
651,64,303,374
669,26,281,371
707,39,237,336
725,72,202,330
730,37,198,311
720,1,177,206
614,1,203,179
557,1,229,253
501,1,236,388
461,113,229,436
400,273,252,441
