162,38,110,391
159,48,110,377
156,57,107,370
162,56,103,372
154,46,112,377
147,47,116,375
139,39,125,384
139,40,123,391
145,42,119,382
144,46,118,382
143,46,121,383
133,58,135,370
80,60,227,303
44,107,271,112
21,82,339,83
18,12,339,156
18,1,313,174
18,1,303,172
28,9,293,150
34,40,295,121
29,57,306,108
29,67,308,96
27,70,307,93
26,65,312,99
22,64,313,103
18,56,315,111
15,59,315,109
18,60,314,107
12,58,319,110
11,53,318,116
15,53,312,116
9,53,318,116
12,55,313,112
10,54,316,110
13,56,318,108
8,55,319,102
17,56,311,104
10,58,318,105
9,58,319,106
5,58,319,107
9,59,321,102
7,60,322,107
8,60,321,106
7,60,323,109
8,53,324,108
10,56,317,104
7,58,319,107
11,58,319,104
12,57,321,103
9,58,317,103
10,58,317,103
6,54,323,105
8,52,322,108
12,53,316,110
