581,414,40,31
593,414,56,36
595,418,73,30
584,429,37,50
497,387,41,30
483,366,51,29
475,363,48,30
460,367,51,28
453,389,55,28
461,415,43,39
439,415,47,35
419,386,54,23
414,372,49,21
398,371,56,21
392,376,51,19
386,376,51,22
372,387,46,21
0,0,0,0
0,0,0,0
0,0,0,0
0,0,0,0
0,0,0,0
376,335,25,17
371,322,35,25
370,310,42,44
372,300,36,47
382,285,31,64
420,265,26,66
0,0,0,0
535,314,49,27
539,236,23,61
546,232,18,66
560,287,50,48
539,366,57,26
506,393,29,48
474,390,25,41
474,380,29,33
519,390,21,45
556,397,31,44
580,399,42,32
606,376,47,24
624,354,47,38
629,357,52,51
634,359,64,51
650,369,56,36
660,379,56,34
678,384,51,34
689,396,58,33
706,422,53,31
727,459,36,32
732,466,41,45
0,0,0,0
792,468,41,30
806,456,54,28
824,456,56,24
824,455,67,33
833,453,62,41
842,454,65,48
855,458,67,53
879,469,62,51
909,481,57,53
924,429,29,32
903,407,42,40
912,421,44,17
912,414,53,26
913,405,56,30
911,378,51,42
908,351,43,58
0,0,0,0
0,0,0,0
785,302,31,54
784,294,30,56
786,336,27,34
0,0,0,0
891,423,56,40
873,390,47,35
857,393,29,33
833,440,20,37
809,459,16,53
816,465,12,51
837,468,16,58
858,472,29,51
883,483,36,42
907,488,45,43
927,492,43,52
947,511,36,62
958,516,34,64
957,503,76,36
943,464,46,34
907,481,57,49
907,477,40,25
876,488,34,38
874,475,27,16
863,481,37,30
858,471,37,41
851,462,42,32
834,456,47,25
821,433,41,23
832,415,29,28
829,405,29,40
822,398,36,42
822,397,45,42
825,395,47,36
825,400,53,30
818,427,69,13
817,438,58,20
812,437,65,16
811,438,64,12
812,437,63,12
813,439,65,19
812,438,68,19
812,432,64,29
815,424,59,27
819,414,53,20
835,405,44,29
837,443,49,31
843,440,41,16
849,453,45,19
851,454,44,32
833,445,65,25
827,427,61,24
816,410,48,33
801,400,42,41
789,383,31,48
778,360,29,54
764,343,28,63
762,339,18,82
0,0,0,0
0,0,0,0
735,316,31,70
723,314,34,72
710,367,31,42
0,0,0,0
0,0,0,0
0,0,0,0
0,0,0,0
0,0,0,0
0,0,0,0
0,0,0,0
0,0,0,0
0,0,0,0
0,0,0,0
513,479,19,22
469,454,67,37
437,444,55,42
394,444,50,50
356,438,41,57
334,427,37,74
380,432,42,66
222,526,74,33
435,441,41,50
492,379,31,70
0,0,0,0
389,440,34,35
339,476,59,36
320,499,61,38
