686,446,23,23
683,448,23,20
686,452,22,19
693,453,24,24
697,454,23,24
695,455,23,21
687,452,27,21
682,443,33,20
685,430,24,13
695,432,22,16
700,455,20,21
693,454,26,22
687,454,27,20
683,445,31,13
686,432,28,16
694,447,27,14
703,461,23,26
708,459,19,27
723,454,13,28
740,435,20,13
743,387,20,32
733,376,21,34
717,420,28,14
0,0,0,0
723,376,25,24
718,368,24,34
697,429,35,17
0,0,0,0
0,0,0,0
575,449,25,18
554,446,39,17
526,440,41,21
500,436,35,21
484,442,36,20
473,459,31,21
0,0,0,0
0,0,0,0
0,0,0,0
0,0,0,0
556,510,19,32
583,509,18,22
0,0,0,0
519,488,24,19
477,460,43,21
463,439,30,27
450,438,32,27
433,474,34,20
421,502,33,19
410,506,32,18
401,506,26,19
384,518,31,25
0,0,0,0
0,0,0,0
480,531,13,13
0,0,0,0
0,0,0,0
561,540,19,38
587,520,20,26
616,523,43,23
652,525,49,24
678,520,46,31
702,503,41,24
736,456,24,41
769,460,23,49
0,0,0,0
747,481,23,36
0,0,0,0
759,526,40,49
735,520,33,47
699,507,11,30
0,0,0,0
0,0,0,0
688,501,63,22
719,495,58,23
752,465,45,31
780,435,30,48
757,404,50,52
880,340,23,47
902,383,23,56
911,439,40,56
876,515,29,40
860,534,26,38
830,537,19,53
782,531,28,60
737,537,23,32
615,508,61,18
551,483,47,23
528,483,41,30
527,459,27,55
0,0,0,0
0,0,0,0
0,0,0,0
553,551,16,30
567,477,12,19
647,490,35,26
650,518,52,36
0,0,0,0
582,495,46,28
522,488,52,22
514,478,40,30
533,453,30,63
548,547,50,33
0,0,0,0
0,0,0,0
655,540,47,36
621,541,76,30
0,0,0,0
527,490,31,39
498,469,40,24
461,462,58,31
422,453,45,32
417,451,31,26
0,0,0,0
0,0,0,0
0,0,0,0
543,499,12,24
0,0,0,0
0,0,0,0
0,0,0,0
0,0,0,0
639,536,26,36
688,526,59,16
734,444,27,71
0,0,0,0
784,602,30,40
760,555,41,44
753,540,61,49
784,526,25,74
777,509,25,47
735,520,26,42
650,520,28,25
602,517,35,28
561,490,46,28
506,467,57,32
450,453,38,27
409,468,53,22
372,507,54,19
351,518,44,24
345,521,38,35
341,524,35,48
348,493,41,64
400,545,54,55
441,527,29,39
0,0,0,0
513,577,43,79
555,585,30,64
593,555,25,39
0,0,0,0
513,495,34,27
451,481,33,25
