756,481,77,44
745,458,69,38
739,441,69,43
733,424,66,39
729,411,61,31
724,408,59,33
726,398,53,36
730,383,50,34
725,368,47,29
728,371,38,29
726,380,33,29
724,357,31,30
717,365,29,30
720,372,24,21
710,353,26,23
695,349,32,24
686,349,29,20
692,344,26,19
681,351,27,20
681,350,24,23
687,357,25,17
690,358,23,17
693,360,21,17
693,358,22,18
690,352,24,18
694,357,19,17
695,361,22,16
699,357,26,22
0,0,0,0
0,0,0,0
703,357,20,25
695,356,19,20
695,355,19,22
698,360,17,26
695,360,20,26
695,361,21,20
0,0,0,0
686,350,16,18
672,356,32,20
681,354,30,21
694,355,26,21
702,355,23,22
710,348,17,21
0,0,0,0
0,0,0,0
0,0,0,0
752,345,9,28
756,345,12,26
756,346,12,27
755,344,11,28
