697,501,51,51
794,526,55,37
931,542,63,39
0,0,0,0
823,538,63,60
790,497,51,64
778,496,35,66
761,482,23,71
739,456,18,71
0,0,0,0
0,0,0,0
722,508,20,22
0,0,0,0
784,491,61,32
795,501,58,40
841,518,57,32
889,543,56,47
0,0,0,0
0,0,0,0
954,585,69,11
0,0,0,0
876,494,64,30
830,501,31,23
744,492,31,22
0,0,0,0
607,464,45,27
589,463,40,22
0,0,0,0
0,0,0,0
0,0,0,0
0,0,0,0
0,0,0,0
634,446,25,25
680,418,14,21
722,413,42,23
747,406,59,26
775,391,50,34
787,364,43,39
785,397,49,20
0,0,0,0
717,388,18,19
722,369,15,19
707,350,22,24
676,354,12,24
0,0,0,0
0,0,0,0
0,0,0,0
482,359,49,49
497,335,20,48
523,351,39,47
410,386,53,34
0,0,0,0
0,0,0,0
0,0,0,0
0,0,0,0
0,0,0,0
0,0,0,0
472,406,21,16
436,385,47,53
0,0,0,0
368,497,23,15
408,499,31,16
454,477,29,20
0,0,0,0
415,463,57,37
0,0,0,0
0,0,0,0
0,0,0,0
0,0,0,0
0,0,0,0
431,364,38,49
429,365,27,54
470,346,22,60
476,430,24,28
509,459,24,18
487,443,42,25
496,401,53,33
523,398,60,22
558,406,31,23
0,0,0,0
0,0,0,0
505,374,31,17
478,383,52,31
437,411,50,20
413,432,52,26
395,448,45,29
386,474,20,24
376,479,16,21
0,0,0,0
0,0,0,0
0,0,0,0
0,0,0,0
0,0,0,0
0,0,0,0
0,0,0,0
0,0,0,0
0,0,0,0
0,0,0,0
0,0,0,0
0,0,0,0
0,0,0,0
443,389,48,49
412,380,45,43
0,0,0,0
420,428,17,40
415,409,35,19
0,0,0,0
0,0,0,0
0,0,0,0
513,462,20,29
486,439,46,18
455,399,50,36
430,372,26,32
401,400,45,41
399,412,29,36
399,437,23,27
403,454,12,30
390,460,16,40
362,448,33,46
366,430,23,66
0,0,0,0
474,444,30,34
0,0,0,0
0,0,0,0
0,0,0,0
548,445,22,22
577,435,61,25
585,434,55,40
0,0,0,0
0,0,0,0
0,0,0,0
483,357,16,11
468,367,16,10
460,372,32,12
464,365,26,14
463,366,18,10
0,0,0,0
424,363,28,41
392,360,36,34
363,358,38,15
350,363,29,15
343,365,20,12
365,345,35,27
351,346,55,40
350,344,50,57
355,346,29,70
