748,494,65,26
759,491,58,25
769,493,68,24
782,494,54,39
770,479,66,24
790,441,28,35
810,407,34,48
819,365,49,64
826,424,58,31
684,430,55,33
830,408,30,28
830,438,55,29
768,497,55,31
0,0,0,0
596,460,29,30
0,0,0,0
572,492,22,21
516,468,55,41
490,442,57,57
484,423,29,56
502,419,26,79
442,496,40,32
0,0,0,0
0,0,0,0
0,0,0,0
617,508,26,24
633,508,25,29
651,490,25,33
671,484,24,28
681,472,25,33
724,420,47,35
743,370,28,51
747,392,47,38
762,382,41,37
768,352,39,56
0,0,0,0
704,413,44,19
0,0,0,0
819,394,47,23
791,359,43,49
0,0,0,0
651,436,31,24
560,428,64,25
490,429,54,32
438,408,44,44
467,386,30,67
0,0,0,0
0,0,0,0
0,0,0,0
0,0,0,0
549,478,30,20
608,486,37,21
665,501,45,13
683,514,54,31
718,511,41,21
715,466,69,22
734,406,42,57
682,367,38,62
709,408,27,49
619,459,35,38
617,489,44,40
0,0,0,0
0,0,0,0
0,0,0,0
0,0,0,0
0,0,0,0
582,481,21,29
0,0,0,0
0,0,0,0
586,493,20,34
0,0,0,0
503,447,28,24
458,442,62,27
461,453,59,37
495,464,43,59
553,465,25,78
570,463,55,36
575,463,59,18
581,464,46,49
584,467,11,44
583,468,16,47
584,460,30,54
584,465,36,45
580,466,36,51
0,0,0,0
566,455,22,80
577,461,18,60
580,464,24,52
588,466,30,52
586,468,33,53
582,465,16,50
576,471,18,62
576,475,18,60
575,478,20,57
578,470,16,66
575,469,18,67
577,471,18,63
573,471,24,63
575,473,19,60
582,472,10,19
