383,452,68,23
362,461,51,25
334,475,30,32
287,467,63,23
313,445,61,31
338,415,57,28
346,416,71,27
409,403,27,30
0,0,0,0
547,449,14,37
577,460,49,44
593,461,67,57
611,463,43,33
626,467,23,15
648,485,7,10
633,473,28,22
618,481,9,9
0,0,0,0
0,0,0,0
676,518,60,37
731,512,73,39
737,520,78,52
749,545,65,60
776,556,51,52
813,493,46,48
840,434,45,76
860,442,43,80
919,630,59,50
851,607,14,6
849,586,90,81
816,556,21,79
773,536,17,58
738,517,21,65
700,513,33,42
688,498,9,12
0,0,0,0
543,465,15,19
474,456,57,31
407,429,74,36
350,405,38,28
335,398,46,44
366,409,16,29
0,0,0,0
307,458,48,27
0,0,0,0
0,0,0,0
0,0,0,0
0,0,0,0
0,0,0,0
0,0,0,0
524,466,55,64
528,467,49,66
531,471,43,56
0,0,0,0
416,440,73,31
369,420,76,38
348,400,48,36
318,371,56,51
341,363,27,59
0,0,0,0
0,0,0,0
0,0,0,0
488,396,28,21
499,454,10,21
513,478,22,23
542,467,13,45
