656,460,87,28
678,470,61,32
676,461,33,40
0,0,0,0
0,0,0,0
805,501,77,36
850,439,54,70
0,0,0,0
928,536,32,37
939,551,70,43
910,537,65,68
847,511,43,74
0,0,0,0
0,0,0,0
0,0,0,0
597,448,47,29
514,444,64,12
477,445,57,35
459,419,45,63
485,374,37,91
317,540,48,23
405,538,48,46
417,459,56,33
451,441,52,38
522,470,17,8
0,0,0,0
650,446,34,33
666,456,68,28
689,459,63,29
708,465,57,40
713,470,61,51
0,0,0,0
810,422,67,29
835,300,32,76
0,0,0,0
747,457,43,43
706,455,35,19
0,0,0,0
767,450,17,48
763,441,14,53
747,457,13,41
0,0,0,0
566,372,37,22
481,360,25,11
455,345,44,35
474,325,21,56
406,412,48,21
0,0,0,0
461,353,25,15
0,0,0,0
555,328,12,24
585,365,29,19
596,383,28,19
613,402,48,23
625,418,40,35
625,444,44,54
686,509,28,33
709,486,48,53
735,486,54,60
775,520,62,49
820,464,69,39
850,403,71,52
859,384,69,56
0,0,0,0
0,0,0,0
0,0,0,0
0,0,0,0
823,460,70,36
722,504,30,85
720,496,34,53
0,0,0,0
0,0,0,0
0,0,0,0
567,400,55,47
483,375,65,44
450,391,62,57
405,455,78,28
424,470,60,29
441,462,52,44
0,0,0,0
0,0,0,0
0,0,0,0
0,0,0,0
623,520,79,74
621,499,54,63
0,0,0,0
0,0,0,0
0,0,0,0
0,0,0,0
524,455,16,29
513,444,24,34
0,0,0,0
687,443,71,30
733,380,42,41
720,339,30,79
703,337,69,63
909,343,55,68
0,0,0,0
0,0,0,0
0,0,0,0
0,0,0,0
744,472,20,33
0,0,0,0
550,388,59,28
498,397,33,31
485,448,53,50
462,456,54,62
449,483,34,75
488,485,35,81
542,490,67,52
577,450,57,39
590,423,20,58
569,394,34,65
0,0,0,0
0,0,0,0
694,468,18,34
708,481,77,53
681,481,51,66
0,0,0,0
578,452,19,27
