481,360,47,47
485,349,33,32
495,343,22,29
497,354,23,36
497,361,22,50
497,362,24,53
494,364,28,51
493,362,27,49
480,360,32,38
459,347,42,29
441,332,49,29
426,326,52,31
419,335,59,29
411,362,63,27
404,374,55,26
395,371,48,27
0,0,0,0
317,327,66,44
329,323,63,42
370,267,51,51
404,224,33,61
422,211,26,62
413,228,34,49
301,321,76,33
355,308,63,37
351,346,71,35
336,382,73,44
331,383,62,55
302,391,72,43
261,410,68,33
216,429,47,32
94,422,87,34
95,418,86,34
128,367,82,35
148,325,73,33
128,300,74,43
93,307,62,60
1,439,29,40
0,0,0,0
1,425,53,18
1,399,50,34
1,395,46,35
0,0,0,0
0,0,0,0
0,0,0,0
0,0,0,0
0,0,0,0
0,0,0,0
0,0,0,0
0,0,0,0
1,71,62,102
25,151,70,102
18,351,110,90
0,0,0,0
0,0,0,0
37,317,52,71
177,319,110,42
255,326,88,34
305,365,64,60
315,346,62,97
348,347,54,99
401,356,41,94
454,347,41,81
499,344,43,45
524,335,46,17
545,353,43,10
550,367,54,50
557,371,31,58
598,368,40,50
616,341,39,31
619,327,49,23
0,0,0,0
559,353,29,24
532,330,40,26
523,332,52,26
533,357,46,26
567,376,29,44
591,374,16,44
588,374,19,47
580,375,23,47
574,366,24,40
568,361,26,28
568,361,29,32
569,362,29,34
572,355,38,38
572,366,32,41
0,0,0,0
0,0,0,0
578,374,23,36
586,375,21,41
