405,453,69,65
0,0,0,0
0,0,0,0
412,481,25,13
424,508,32,29
0,0,0,0
0,0,0,0
0,0,0,0
582,485,18,59
0,0,0,0
0,0,0,0
0,0,0,0
0,0,0,0
0,0,0,0
714,505,40,27
755,421,39,54
0,0,0,0
0,0,0,0
0,0,0,0
774,519,32,52
743,520,23,48
0,0,0,0
697,508,31,47
0,0,0,0
0,0,0,0
0,0,0,0
528,476,48,37
513,459,45,53
0,0,0,0
0,0,0,0
0,0,0,0
0,0,0,0
0,0,0,0
595,525,14,44
601,518,18,49
598,512,11,24
0,0,0,0
532,512,18,19
456,486,34,25
424,491,51,32
404,501,38,33
391,487,31,48
378,486,32,63
344,506,60,29
396,618,16,83
401,660,16,38
0,0,0,0
0,0,0,0
0,0,0,0
0,0,0,0
0,0,0,0
0,0,0,0
0,0,0,0
693,523,56,44
0,0,0,0
0,0,0,0
789,554,54,34
791,562,30,29
0,0,0,0
0,0,0,0
0,0,0,0
701,455,25,45
0,0,0,0
0,0,0,0
694,548,25,39
684,525,19,53
661,495,15,39
666,490,22,28
686,496,33,37
711,470,55,29
752,485,53,24
783,487,50,28
799,516,62,32
806,530,64,31
797,532,42,46
798,510,37,28
821,461,55,31
834,407,45,56
0,0,0,0
734,432,41,53
0,0,0,0
0,0,0,0
0,0,0,0
0,0,0,0
0,0,0,0
0,0,0,0
0,0,0,0
0,0,0,0
443,495,49,18
414,508,42,26
387,503,36,39
379,501,32,46
358,512,39,35
0,0,0,0
0,0,0,0
415,582,45,31
