270,248,519,401
278,252,495,345
276,249,482,347
275,252,466,353
278,257,473,365
309,236,372,484
326,221,357,499
263,220,425,500
168,215,519,505
171,212,519,508
229,226,468,494
277,218,421,502
372,211,328,509
375,211,324,509
371,209,325,511
362,205,355,515
352,203,407,517
344,205,378,515
340,205,344,515
344,199,323,521
346,203,322,517
350,202,329,518
352,205,324,515
352,205,326,515
353,206,325,514
349,207,328,513
346,210,329,510
343,217,331,503
343,214,333,506
342,212,332,508
337,211,336,509
333,212,342,508
335,210,341,510
336,214,343,506
337,212,342,508
355,238,359,482
353,248,360,472
352,252,366,468
354,257,365,463
353,265,364,455
360,265,363,455
369,266,361,454
377,268,358,452
386,276,358,444
395,266,350,454
398,267,403,453
396,264,396,456
397,265,344,455
395,262,342,458
394,260,337,460
391,264,339,456
388,264,345,456
388,264,344,456
