59,139,192,122
79,153,230,100
111,148,206,158
80,150,226,134
29,164,254,92
28,184,275,84
69,168,276,103
44,174,292,89
46,174,270,94
58,173,239,115
69,221,219,104
68,260,104,66
81,272,188,108
90,284,166,114
115,310,133,105
111,344,137,85
101,316,156,125
95,85,229,96
95,1,197,51
117,112,158,46
110,171,141,37
110,180,133,29
121,180,104,68
128,181,95,77
129,182,98,85
135,183,96,71
136,178,97,71
129,179,90,83
135,183,72,82
139,178,71,83
139,182,76,84
140,185,70,84
138,176,71,92
142,180,60,89
151,182,59,87
149,186,60,84
151,182,59,93
153,188,58,84
152,190,62,87
151,188,59,89
155,186,62,89
165,177,50,103
162,175,58,104
137,176,137,66
112,150,138,44
107,71,156,63
86,1,197,70
107,169,169,70
121,278,99,98
140,267,107,96
141,260,118,88
142,253,91,76
143,247,86,77
146,251,75,82
139,234,83,104
140,227,74,105
140,224,80,99
137,218,81,105
142,216,80,103
127,198,95,116
100,160,123,166
108,153,88,180
110,156,90,182
110,156,105,174
116,137,85,194
