482,167,302,371
468,163,318,373
466,160,312,374
443,138,331,386
446,130,327,394
437,127,332,392
431,122,344,389
422,108,358,368
420,110,370,361
428,108,358,351
412,120,377,368
421,109,356,362
411,114,370,379
412,112,361,368
408,117,372,369
409,118,372,370
408,117,375,370
338,139,525,331
286,174,617,271
288,169,611,281
306,146,582,309
306,144,581,313
320,134,579,325
343,124,531,328
273,139,618,240
254,148,637,216
327,151,532,333
500,378,256,161
531,505,187,114
523,568,195,73
534,606,170,67
537,605,160,96
539,605,155,115
535,605,165,114
534,607,168,112
534,605,168,114
537,607,170,112
533,608,174,112
534,607,173,111
534,609,174,110
536,605,173,114
536,605,174,115
534,609,173,110
537,608,171,111
534,607,175,112
536,608,171,110
535,606,172,113
537,608,171,111
536,606,174,113
535,607,170,112
537,605,172,115
536,605,172,115
535,604,173,116
537,607,172,111
535,607,172,111
535,607,173,111
533,607,174,112
531,605,175,115
533,605,176,114
536,605,173,116
532,608,175,112
536,607,171,112
534,605,176,114
532,606,179,114
533,605,173,115
532,605,176,116
532,605,178,115
545,605,164,114
544,608,163,111
544,609,165,111
545,607,162,112
545,605,164,114
545,607,163,111
543,606,164,112
544,607,164,114
547,607,162,112
546,606,162,112
547,606,160,110
544,606,165,110
544,609,166,110
546,606,161,115
546,607,160,114
545,605,162,115
545,608,161,111
543,607,162,112
543,606,166,113
544,607,164,112
538,608,169,112
533,613,174,106
530,606,176,114
536,609,172,111
534,609,175,109
533,606,174,112
531,607,177,113
532,606,176,113
538,604,170,116
538,608,171,110
541,609,164,112
536,608,171,114
537,605,170,116
535,608,174,110
536,605,172,113
537,610,168,109
539,607,170,113
539,608,168,110
541,607,166,112
536,607,170,113
537,608,169,111
537,607,169,112
536,607,173,112
537,605,170,115
535,607,174,112
536,606,171,111
536,605,172,113
538,606,169,114
536,607,172,111
537,607,169,112
535,608,174,112
539,606,167,112
539,605,168,113
535,607,172,110
540,605,167,114
532,604,177,103
564,414,144,292
574,357,135,345
570,306,135,401
580,246,134,461
551,187,164,518
517,175,202,529
520,196,191,509
529,198,179,505
537,201,165,504
556,215,141,490
561,214,139,488
565,216,136,488
544,194,160,511
547,207,154,500
549,220,152,488
551,219,150,485
553,217,147,484
550,212,154,419
548,214,300,278
545,211,361,275
545,214,279,291
542,213,174,262
542,216,163,261
545,216,197,344
543,214,209,361
554,211,277,373
551,215,276,386
548,215,289,391
546,212,296,394
551,215,292,384
556,214,304,385
559,217,324,389
562,217,315,388
560,217,310,387
557,215,288,385
558,214,297,384
559,213,309,387
561,214,305,385
556,213,303,387
557,217,301,385
554,219,312,379
555,218,316,382
555,220,319,383
556,220,312,381
553,221,313,383
556,220,309,387
558,212,305,394
560,215,296,391
553,211,298,398
550,214,298,395
544,210,303,399
546,194,303,416
547,179,308,427
548,177,301,429
548,184,304,426
550,187,300,425
548,186,309,424
563,218,226,427
565,217,218,467
555,211,228,487
553,212,226,486
550,211,230,486
547,212,232,485
545,213,234,485
543,215,236,479
547,218,234,475
549,216,228,481
566,212,212,483
565,210,211,485
558,209,222,487
556,212,223,481
556,204,217,490
550,208,225,485
549,206,226,484
547,204,226,489
552,207,222,483
554,210,216,482
552,211,222,478
547,209,227,482
546,214,227,476
544,215,230,476
545,209,228,481
543,214,230,476
542,215,232,477
543,211,228,480
546,210,228,479
553,212,223,479
552,213,217,478
556,213,213,479
557,215,202,471
556,216,209,474
555,215,218,446
552,215,215,476
553,215,218,475
551,214,222,478
553,214,218,477
545,218,225,470
549,212,223,480
548,212,222,477
547,217,225,473
549,212,219,478
549,213,223,475
547,213,222,474
550,218,218,471
552,213,217,478
555,218,214,474
541,208,232,481
540,189,231,499
578,201,190,488
565,211,197,478
574,224,189,464
538,242,227,446
582,200,185,489
604,111,162,578
587,78,181,609
605,44,175,647
572,27,205,660
578,40,211,645
607,43,194,645
593,36,207,650
593,32,208,653
595,34,207,652
597,40,204,646
600,55,198,632
611,64,187,618
609,66,187,618
611,73,188,609
612,71,185,614
605,66,193,617
613,66,186,617
621,66,177,616
623,68,175,615
623,73,173,610
616,87,179,595
609,91,185,589
608,92,190,590
608,93,188,588
440,142,321,341
414,184,359,332
418,253,325,313
437,266,277,299
441,233,273,323
424,223,305,342
432,210,297,347
435,235,275,347
437,203,273,344
398,136,348,348
355,117,438,329
337,115,474,310
313,121,550,287
289,127,593,284
291,132,571,307
341,124,492,330
372,113,413,329
387,119,397,342
386,152,419,356
388,155,407,353
395,137,399,351
396,139,407,349
380,139,433,346
380,139,429,346
384,139,430,348
376,128,428,339
338,123,474,315
329,197,507,308
328,217,479,273
387,168,439,414
321,231,516,469
351,262,496,456
370,269,465,451
378,280,456,441
385,280,447,437
386,283,469,426
385,282,483,422
386,280,480,423
381,283,486,418
383,284,483,420
381,283,490,421
379,282,487,423
375,281,492,423
376,282,489,424
373,279,493,424
373,279,494,424
368,281,500,424
365,282,502,423
362,282,506,423
361,278,503,426
361,276,505,427
371,273,493,429
384,279,483,426
390,281,473,424
396,279,469,424
393,279,472,426
392,279,472,425
337,255,431,338
292,305,486,313
279,356,497,252
285,362,492,249
287,345,488,267
282,354,491,261
282,355,491,257
290,384,471,224
327,287,422,300
344,208,405,351
324,216,430,353
308,305,458,294
306,306,460,290
