622,393,186,58
622,394,188,59
621,396,189,58
617,400,195,53
614,404,200,49
609,410,207,42
598,412,227,30
603,400,231,26
646,324,184,147
728,291,33,213
727,340,26,119
722,372,18,36
0,0,0,0
711,318,30,157
704,285,54,218
730,315,11,18
706,170,33,217
652,280,45,194
652,286,39,154
683,302,11,12
653,289,47,32
624,285,79,36
649,294,52,82
680,294,15,21
664,313,37,17
655,285,50,55
657,309,43,54
673,289,10,21
669,284,9,16
674,291,10,16
633,331,64,66
684,275,47,258
692,526,99,28
613,434,185,48
579,453,69,29
614,411,108,78
556,287,119,226
592,293,79,131
620,291,141,129
576,272,178,208
718,281,87,255
700,518,141,32
606,420,208,33
557,395,134,88
607,361,188,123
607,270,71,196
675,277,86,179
646,344,52,98
637,375,22,116
703,463,35,54
712,522,30,35
637,424,122,33
628,413,43,86
641,241,54,240
593,253,187,157
664,289,54,75
694,291,113,209
777,370,15,113
736,335,82,163
770,436,29,15
784,382,22,190
799,230,11,239
746,257,75,249
668,235,185,51
606,137,190,222
472,363,186,224
490,300,193,212
699,570,130,29
687,496,166,90
625,380,154,75
0,0,0,0
551,309,283,35
585,289,285,62
641,344,271,61
598,278,274,64
790,379,61,19
788,395,64,32
727,402,118,30
597,402,226,54
740,440,22,19
715,153,120,289
446,208,283,95
529,163,161,300
532,169,176,295
462,243,273,225
462,337,333,134
637,584,337,35
670,556,320,43
738,366,194,173
607,294,204,195
600,537,39,32
370,564,323,18
366,513,218,49
448,374,325,57
564,328,298,32
699,325,59,16
581,295,167,38
808,360,109,47
638,294,270,17
639,324,215,49
633,357,68,130
632,429,27,112
661,464,15,32
657,460,18,26
649,422,19,69
650,394,16,97
650,392,14,101
613,485,22,25
584,367,73,130
624,228,104,111
636,214,116,20
583,164,188,114
556,182,158,362
711,24,295,334
623,148,173,380
659,146,135,300
649,40,145,404
678,406,48,162
680,423,74,157
674,415,69,161
669,448,63,57
562,378,141,124
569,217,73,333
508,160,172,275
496,59,228,322
555,244,316,126
548,148,104,162
521,22,131,364
493,159,245,244
584,263,274,135
504,128,125,276
566,162,85,292
703,91,117,216
478,155,165,247
567,180,85,275
707,42,231,364
480,215,342,289
640,79,151,385
583,221,371,205
578,275,400,132
565,302,407,82
540,328,379,17
591,322,173,23
539,313,358,27
577,330,126,24
595,276,285,78
531,280,197,130
601,310,306,76
719,276,52,194
682,245,106,265
684,98,74,237
695,291,180,192
0,0,0,0
592,572,136,18
585,557,43,30
651,340,54,160
681,225,47,322
682,433,17,163
0,0,0,0
702,377,11,34
711,365,8,11
710,334,15,48
704,370,51,21
639,365,61,12
693,392,12,10
703,416,11,16
702,402,14,18
702,390,14,21
703,390,10,14
687,385,31,21
0,0,0,0
0,0,0,0
0,0,0,0
0,0,0,0
0,0,0,0
0,0,0,0
0,0,0,0
0,0,0,0
697,405,9,24
697,399,12,27
689,403,17,10
636,367,226,16
675,331,232,36
751,311,160,43
691,318,299,19
737,314,252,40
806,323,130,43
586,328,296,38
634,302,164,52
788,271,17,11
542,208,288,56
539,185,279,89
618,247,273,110
435,361,315,15
509,316,232,93
631,235,291,94
578,293,298,50
680,291,150,28
563,297,202,15
742,322,211,17
809,329,33,11
804,311,80,58
585,324,261,145
664,247,74,293
610,293,203,163
648,228,139,231
570,186,193,236
494,300,285,122
560,272,227,192
656,244,123,291
593,264,237,98
444,290,286,78
590,298,289,134
495,217,284,188
577,332,293,101
532,344,280,165
619,168,228,265
638,256,47,214
671,148,91,294
599,287,258,187
537,281,293,191
633,298,309,120
450,304,280,142
562,310,288,77
534,311,289,134
665,309,37,66
