196,16,476,603
163,148,513,442
141,336,534,255
61,413,620,170
1,509,684,56
1,506,703,105
1,484,738,101
1,463,765,32
1,357,773,134
138,89,504,441
724,1,484,350
173,224,1107,416
150,250,1117,397
740,191,540,233
656,1,410,339
522,1,123,559
530,1,268,521
515,356,765,259
502,417,778,199
490,257,790,344
498,1,782,569
504,1,537,567
496,1,515,578
488,1,623,585
503,1,640,581
503,1,598,579
509,1,603,563
492,1,675,577
492,18,712,556
511,9,746,553
507,1,550,567
490,1,99,702
1,78,756,591
1,178,826,458
1,52,871,612
208,1,587,718
549,1,186,623
560,479,720,150
564,522,716,106
546,443,734,171
550,309,730,282
546,205,734,381
545,161,696,423
580,191,700,390
629,207,651,360
632,163,630,407
642,165,574,394
644,209,521,357
645,235,478,324
646,223,451,335
645,192,443,360
661,206,425,328
651,231,427,305
649,246,434,292
645,227,436,310
644,192,426,342
637,177,413,356
631,187,394,351
627,186,355,350
614,177,301,383
616,164,238,413
619,146,190,439
626,143,151,441
624,160,130,426
622,177,106,419
606,132,55,474
374,1,278,616
190,1,519,673
57,1,705,719
27,1,741,719
129,1,596,720
351,1,240,719
460,1,258,721
502,1,575,540
525,96,729,435
217,153,1035,541
517,136,751,403
524,26,752,508
517,44,763,512
518,2,762,558
516,1,751,569
505,1,664,570
502,1,721,563
499,74,781,470
510,166,770,373
508,214,772,330
237,265,1043,376
517,282,762,274
541,283,739,268
525,280,755,274
496,235,784,319
503,110,777,422
499,1,755,516
509,1,703,511
512,14,764,495
212,65,989,618
198,88,985,601
207,84,993,600
214,83,1006,592
500,80,728,439
499,30,726,497
500,1,511,535
487,1,392,575
501,1,380,582
509,1,349,620
524,1,353,589
529,1,378,578
520,1,472,581
516,49,458,523
510,31,340,504
477,106,262,444
474,188,247,374
458,187,196,357
454,209,161,340
458,209,144,347
465,220,151,346
477,232,159,327
484,238,173,319
489,241,180,317
497,286,230,271
482,186,415,370
440,1,626,572
405,1,626,592
421,66,689,470
1,385,923,306
1,516,753,89
1,530,683,46
1,524,865,35
1,543,796,59
1,562,703,35
1,565,716,27
1,568,720,22
1,539,698,40
1,471,649,74
1,325,718,228
473,220,311,156
1,382,676,201
1,395,702,188
1,382,730,202
1,370,755,215
1,341,797,260
1,219,857,475
628,26,235,232
423,1,310,572
481,1,151,689
558,1,35,720
580,1,57,719
573,86,79,634
561,150,102,570
572,160,105,560
584,169,98,551
581,187,98,533
579,193,97,527
585,182,89,538
584,172,86,548
575,173,91,547
574,181,92,539
571,180,97,540
554,190,110,530
536,214,124,506
571,224,84,496
624,233,33,487
632,223,50,497
639,206,57,514
648,204,55,516
652,203,39,517
643,204,32,516
638,202,38,518
633,197,43,523
632,183,38,537
625,137,32,583
596,86,42,634
562,1,119,719
489,1,105,720
305,1,349,719
174,1,491,657
292,1,266,616
429,1,45,655
377,1,258,649
399,1,479,554
422,51,582,465
1,261,911,459
1,379,816,265
1,447,747,112
1,435,774,119
1,360,881,234
1,362,872,268
348,416,387,96
484,477,109,28
370,535,89,24
403,547,89,20
429,511,93,26
1,478,441,74
1,445,570,172
1,456,549,168
1,437,585,190
1,440,586,185
1,444,588,180
1,432,585,197
1,420,541,211
12,419,481,187
1,418,526,192
1,353,596,290
1,194,684,526
1,319,608,348
1,368,613,268
1,363,636,281
1,358,656,294
1,344,700,328
1,305,779,415
133,271,740,449
579,199,366,301
604,135,421,386
608,104,512,490
652,27,510,588
660,1,441,716
688,1,320,719
710,1,218,719
709,1,132,719
697,1,55,719
676,1,35,720
654,1,59,719
635,1,79,719
616,1,99,720
604,1,109,720
574,1,130,720
522,1,165,719
446,1,220,719
388,1,259,720
462,1,818,720
552,1,667,719
603,1,574,719
629,1,539,720
645,1,514,720
660,1,476,719
667,1,422,720
661,1,369,719
669,1,311,719
676,1,236,719
663,1,164,720
636,1,100,720
595,1,32,719
491,1,82,720
419,1,109,720
402,1,101,720
411,1,85,720
417,1,84,720
431,1,94,719
457,1,95,720
482,1,88,720
478,1,99,719
477,1,103,719
446,1,120,719
435,1,134,720
427,1,141,719
424,1,140,720
430,1,126,719
442,1,110,719
442,1,105,720
432,1,114,720
436,1,116,719
439,1,117,720
446,1,120,719
458,1,124,719
469,1,133,720
484,1,141,720
474,1,167,719
142,427,1118,198
145,415,1122,209
133,404,1127,222
122,395,1129,230
110,396,1128,232
92,408,1130,217
75,418,1133,202
57,447,1131,135
28,485,1129,73
1,436,1089,153
1,415,1031,134
1,348,1012,213
1,369,999,181
1,416,866,100
1,319,662,135
1,302,708,92
1,350,769,53
1,385,1028,123
1,273,1192,435
1,285,1148,376
1,353,1136,142
1,205,1120,352
1,8,1011,632
1,350,935,228
1,483,982,80
1,458,1120,133
1,338,1191,346
1,282,1172,436
1,348,1187,343
1,480,1204,163
1,564,1213,38
1,558,1208,78
1,564,1180,63
1,526,1166,85
1,504,1163,115
1,492,1169,129
1,468,1177,158
1,455,1187,138
1,493,1220,29
1,435,1235,68
1,340,1226,142
1,237,1252,355
143,232,1126,280
1,394,1085,67
1,384,948,98
1,408,868,95
1,332,975,310
1,283,1119,403
322,292,883,261
410,303,790,245
410,393,733,132
1,410,997,64
1,380,955,52
364,367,820,63
360,359,814,125
343,367,837,142
363,392,815,149
321,412,855,200
319,405,846,289
249,414,904,277
19,480,1067,145
1,534,951,166
1,531,961,33
1,537,968,55
1,534,971,66
1,533,974,68
1,534,973,66
1,531,975,40
1,514,980,39
1,520,1059,41
1,518,1068,53
1,502,1083,77
1,468,1125,163
178,448,1069,178
386,393,876,241
370,410,872,199
90,469,1078,143
1,421,1000,299
1,385,1084,309
64,239,1108,481
74,125,1120,595
113,116,1127,503
91,277,1189,150
27,139,1252,412
187,1,917,647
447,1,480,568
684,242,213,288
226,207,732,357
1,315,1115,208
1,353,1223,88
22,209,1146,251
92,1,1074,632
902,563,47,157
915,546,36,174
877,587,65,133
746,549,204,171
751,565,185,155
832,556,111,164
420,460,537,260
1,388,1209,134
1,405,1279,168
1,431,1279,104
1,413,1280,149
1,312,1280,212
311,1,737,720
684,1,52,720
474,1,678,699
437,333,843,202
476,388,803,145
522,410,758,134
501,455,779,48
442,374,838,99
0,0,0,0
1,270,576,154
1,324,605,115
1,358,611,86
1,379,613,69
1,377,613,70
1,180,606,281
397,1,228,696
534,1,51,719
519,1,42,719
497,1,74,720
557,1,41,719
530,1,118,720
520,1,161,719
536,1,107,720
543,1,69,719
534,1,48,719
335,1,248,616
115,1,495,596
79,1,620,593
266,1,517,538
327,1,518,540
137,1,693,547
1,73,759,476
1,28,711,513
99,1,666,580
324,1,447,592
441,1,368,599
319,1,592,637
409,385,506,253
761,606,121,114
1,136,878,470
143,1,784,601
114,1,830,578
1,1,982,575
724,539,207,73
1,479,984,93
1,200,975,336
1,188,928,308
1,148,936,352
327,1,556,497
821,140,459,357
801,269,479,227
757,1,483,498
1,192,788,313
1,371,886,158
1,387,893,140
1,361,911,179
1,332,935,213
1,288,904,247
1,207,911,322
1,166,917,361
1,200,921,326
1,279,916,251
1,368,912,165
1,426,908,112
1,434,902,103
1,397,894,140
1,355,943,191
1,309,969,238
1,290,1010,252
1,307,1044,238
1,312,1043,245
1,308,1013,253
1,318,986,237
1,348,960,205
1,389,943,171
1,416,933,140
1,431,936,121
1,447,933,104
1,444,929,111
1,445,924,111
1,459,930,83
1,452,1020,82
1,362,1116,231
1,307,1276,324
177,291,1103,300
323,291,957,226
312,312,968,183
142,412,1138,73
1,433,1167,97
1,439,846,32
1,383,835,93
1,373,840,102
1,373,886,111
1,362,922,146
1,359,903,191
1,373,842,287
535,389,281,331
794,379,94,341
783,373,98,347
679,371,126,348
458,288,421,148
468,348,397,83
618,324,215,117
671,362,159,72
758,408,61,83
792,403,48,201
795,435,87,167
790,409,63,115
782,377,194,81
737,374,74,159
378,359,531,71
559,354,343,86
582,357,322,100
653,298,198,113
803,262,477,117
337,304,545,94
411,373,505,107
504,385,399,179
600,401,289,111
713,408,145,43
626,345,234,106
782,403,76,48
817,424,39,149
706,373,139,85
696,393,121,183
613,344,283,111
624,356,249,104
610,329,263,134
598,323,278,142
581,312,294,157
597,307,277,174
715,439,152,62
844,506,38,214
845,515,60,205
847,513,67,207
849,512,69,208
845,497,52,223
741,457,114,263
399,399,527,321
50,340,979,251
33,308,1106,77
384,77,500,414
507,456,388,37
456,456,435,68
317,404,577,259
299,205,685,515
232,319,709,43
704,371,130,243
728,377,116,200
407,341,525,273
448,192,529,528
152,138,918,582
36,150,960,258
679,373,164,217
785,366,61,249
605,360,257,217
207,254,783,466
82,252,1000,275
205,13,722,462
632,382,206,334
746,397,134,320
777,401,113,68
802,352,121,144
674,167,230,316
624,30,215,351
664,82,263,400
733,301,177,169
696,300,225,178
661,287,265,213
675,340,283,252
615,284,362,377
552,101,451,619
523,7,475,713
483,1,516,720
414,1,595,719
335,1,688,719
282,1,773,719
238,1,835,720
208,7,868,713
191,36,888,684
263,39,820,681
423,108,592,589
493,145,563,575
534,186,505,534
585,193,437,527
664,195,324,525
693,194,281,526
742,203,249,517
770,217,247,503
801,233,239,487
827,234,230,486
833,223,230,497
814,217,243,503
780,220,265,500
746,237,285,483
717,267,302,453
719,306,296,414
743,329,267,391
772,341,229,379
801,332,190,388
827,314,162,406
842,303,150,417
846,299,148,421
836,310,163,410
818,326,183,394
799,341,202,379
782,343,219,377
769,343,233,377
757,349,243,371
745,356,254,364
734,356,263,364
725,351,273,369
716,352,280,368
710,358,284,362
713,363,283,357
711,371,290,349
706,374,294,346
691,375,307,345
673,388,328,332
664,381,339,339
666,367,341,353
668,377,335,343
681,403,322,317
710,427,297,293
751,439,259,281
795,446,220,274
847,453,176,267
903,446,135,274
928,440,119,280
916,435,136,285
887,434,169,286
796,377,277,343
683,291,404,429
614,263,483,457
602,215,502,505
600,191,506,529
608,194,498,526
616,187,481,533
606,188,460,532
598,190,444,530
583,201,455,519
570,217,487,503
556,214,517,506
581,188,487,532
625,160,436,560
645,159,404,561
642,165,405,555
648,167,399,553
640,177,411,543
623,192,439,528
620,202,448,518
616,191,448,529
1,530,993,101
1,449,1034,223
130,313,965,407
278,221,869,499
241,190,971,530
1,399,1280,223
35,206,1245,480
244,73,908,647
371,73,665,647
451,50,459,670
495,1,289,719
515,1,157,720
555,1,58,720
555,1,108,660
558,66,162,396
566,285,106,435
552,135,48,585
551,1,44,720
537,1,62,720
465,1,170,608
604,184,55,536
468,1,165,349
110,53,1095,624
481,150,661,570
892,1,69,719
673,1,568,718
346,185,934,534
821,1,179,719
508,1,499,719
616,407,589,313
880,18,164,702
571,1,487,720
242,154,1038,335
242,1,1038,550
500,1,294,693
328,1,460,636
1,412,820,174
465,38,358,682
323,54,442,531
184,382,592,323
562,1,264,719
333,1,433,719
1,475,779,117
465,145,334,575
246,57,485,661
1,409,686,243
461,1,274,720
224,1,604,720
25,386,1255,311
741,1,239,720
134,31,1142,634
379,1,901,719
593,1,259,719
1,74,1204,624
1,304,1235,325
1,250,1216,410
1,224,1201,436
1,216,1205,461
1,164,1244,533
1,186,1230,523
1,284,1212,398
1,306,1208,370
1,342,1213,320
1,401,1222,237
1,447,1231,171
1,447,1239,173
1,434,1235,187
1,452,1232,164
1,496,1223,112
1,551,1215,43
1,551,1209,44
1,518,1206,87
1,491,1210,121
1,478,1220,140
1,485,1228,133
1,508,1233,101
1,536,1231,58
1,552,1222,36
1,555,1198,44
1,549,1167,72
1,536,1153,102
1,541,1166,83
1,540,1199,47
1,528,1237,46
40,520,1226,57
74,505,1206,73
88,493,1192,85
97,469,1183,109
58,407,1222,102
16,384,1264,48
32,354,1248,117
37,367,1243,85
45,337,1235,111
69,250,1211,211
83,251,1197,188
88,327,1192,101
83,381,1197,69
78,368,1202,116
76,384,1204,85
79,422,1201,35
57,438,1223,126
36,455,1244,164
33,490,1247,141
35,507,1245,126
11,491,1269,128
1,470,1280,157
40,470,1240,161
58,482,1222,144
45,510,1235,111
14,523,1266,72
1,529,1280,51
1,541,1280,39
1,531,1280,48
1,520,1279,58
1,518,1279,64
1,516,1279,66
1,499,1280,80
1,463,1279,91
1,424,1279,80
1,444,1280,46
1,465,1280,100
1,414,1280,196
1,325,1279,267
1,287,1279,344
21,350,1259,370
140,366,1140,354
1,370,1279,350
1,413,1279,268
1,467,1237,138
1,515,1221,38
1,488,1246,68
1,480,1259,78
1,488,1254,64
1,501,1246,49
1,507,1252,60
1,490,1247,90
34,481,1197,106
76,495,1155,81
128,532,1124,45
156,521,1124,89
173,527,1107,83
165,531,1115,52
153,510,1127,48
136,497,1144,62
110,506,1133,47
235,1,599,719
238,1,505,719
239,1,418,719
246,1,369,720
258,1,378,719
260,1,418,719
266,1,417,720
284,1,377,719
388,1,251,719
519,1,107,719
569,1,74,719
475,1,226,719
256,1,513,702
1,171,798,404
1,306,843,235
1,285,865,269
1,201,873,355
1,102,821,460
43,1,663,571
429,1,115,634
444,1,529,562
417,52,863,507
400,198,880,365
394,280,886,289
395,317,885,260
400,345,880,242
403,392,877,198
402,428,878,167
413,494,867,111
47,512,1233,124
45,501,1235,140
44,478,1236,165
42,469,1229,178
34,494,1232,150
24,470,1245,175
30,462,1250,154
21,475,1245,128
29,487,1244,111
33,480,1247,121
39,481,1241,115
36,479,1244,118
36,471,1244,134
43,475,1237,139
49,506,972,122
57,508,977,125
63,509,984,120
62,502,983,111
10,461,1251,127
1,451,1210,116
17,471,1263,81
430,481,662,50
79,499,1000,107
66,500,977,146
70,504,973,141
63,504,977,138
56,502,966,140
57,500,969,146
56,496,970,152
58,498,964,147
62,495,968,146
68,497,965,144
76,502,963,139
76,501,963,135
77,503,961,126
74,499,969,116
83,500,971,92
84,496,972,77
83,497,973,77
89,500,973,77
96,497,971,71
98,496,971,63
101,498,977,39
113,440,988,84
129,390,986,132
572,398,543,133
550,355,730,250
740,445,540,73
599,296,681,222
9,369,1271,267
16,477,1263,42
1,448,1280,51
388,418,649,95
744,490,536,39
536,475,715,245
703,565,542,155
1,504,1209,119
1,503,1219,83
1,519,1243,59
673,570,607,150
721,589,272,117
38,459,1242,202
72,549,955,47
711,566,569,77
497,496,783,224
66,425,1214,226
54,530,1226,48
426,528,632,48
555,489,725,72
454,416,826,150
721,448,559,77
8,486,1272,38
1,471,1279,72
21,489,1259,41
31,404,1249,121
412,375,467,106
376,376,511,161
345,378,507,199
329,378,449,197
324,396,561,270
1,238,877,461
1,236,888,475
1,256,867,440
1,315,853,368
7,358,862,277
21,364,857,285
9,372,880,274
1,425,942,204
1,523,1037,36
1,572,1176,70
42,501,1158,177
82,490,1174,177
111,487,1169,170
87,501,1173,142
42,554,1188,55
9,550,1200,33
1,513,933,33
23,485,971,27
7,477,975,37
1,457,1060,55
1,483,838,30
1,476,1180,58
50,469,1228,98
82,454,1198,129
80,432,1200,203
76,436,1204,190
75,453,1006,85
76,447,1015,82
70,449,1013,81
58,445,1006,79
27,446,1253,92
1,501,1200,35
1,516,1102,95
1,533,1013,59
1,539,947,71
1,538,907,88
1,535,896,110
1,529,885,128
1,520,886,145
1,524,887,123
1,521,889,112
1,523,901,104
1,526,908,83
1,528,916,74
1,531,907,46
1,532,906,34
1,531,930,39
1,530,1006,26
1,506,1070,57
1,503,1123,48
1,485,1143,64
1,501,1069,45
1,472,956,104
1,506,894,51
1,520,867,53
1,519,858,67
37,531,809,54
27,531,810,67
15,529,815,72
14,524,813,84
11,523,812,88
11,518,790,115
6,518,820,72
1,479,616,74
1,437,1114,109
916,454,364,92
1155,489,125,46
1174,603,106,45
1189,629,91,50
1138,572,142,61
302,374,978,190
198,406,1083,178
112,451,1168,181
56,547,1213,31
26,543,1208,78
4,544,1168,54
202,382,1035,338
325,320,872,281
280,342,966,210
262,349,994,209
274,360,997,181
298,362,982,190
337,384,943,169
381,423,899,117
398,454,882,82
396,453,884,94
410,438,869,112
414,433,866,104
405,436,875,106
400,443,880,89
409,443,871,99
418,454,862,88
710,484,570,75
705,484,575,78
685,489,595,92
642,496,627,109
622,506,606,107
582,508,698,124
254,467,1026,173
243,471,1037,180
247,467,1033,199
252,456,1028,232
253,452,1027,252
256,448,1023,266
265,438,954,282
277,420,818,300
275,385,797,335
265,324,755,396
268,262,664,458
525,456,183,264
532,477,56,244
456,325,193,394
242,494,436,131
144,1,518,716
327,1,290,720
342,1,265,720
326,1,298,719
312,1,311,720
284,1,347,720
265,1,388,719
261,1,419,720
267,1,436,720
413,1,360,719
384,1,390,720
362,2,386,718
371,6,338,714
389,4,300,715
401,1,273,720
421,1,235,719
449,1,190,720
484,1,149,719
519,1,127,720
531,1,136,719
535,1,156,719
527,1,186,719
513,1,224,719
490,1,283,720
470,1,329,719
426,1,373,719
380,1,402,719
336,1,431,719
295,1,480,719
242,1,537,719
199,1,602,719
209,10,642,710
228,32,678,688
244,61,708,659
244,89,754,631
240,125,807,595
227,167,864,553
183,245,990,475
139,321,1137,399
122,347,1158,373
110,362,1170,354
110,369,1170,347
125,424,1155,259
132,456,1148,195
128,483,1152,142
222,528,1058,49
118,516,1162,67
126,503,1154,95
132,506,1148,83
134,516,1146,61
135,524,1145,50
130,523,1150,70
121,506,1159,112
114,482,1166,162
94,465,1186,153
283,495,997,36
36,413,1243,134
1,357,1279,74
1,205,1231,272
1,199,1219,310
1,364,1245,123
1,309,1064,276
1,388,1065,104
1,297,1104,268
1,316,1120,250
1,355,1133,179
