146,524,512,59
162,459,504,125
328,368,342,177
334,445,365,105
317,476,370,66
299,518,373,41
276,495,361,82
310,315,307,241
425,224,232,110
339,143,370,165
435,101,311,218
533,127,204,143
534,149,331,82
498,143,361,51
332,147,386,98
189,190,423,57
211,169,479,184
256,128,426,258
304,113,368,282
404,199,305,139
471,194,414,74
514,196,465,16
0,0,0,0
434,307,287,83
643,230,300,78
846,364,270,69
858,399,328,218
759,357,397,249
764,345,373,260
755,353,389,241
757,390,420,176
740,405,422,172
721,394,423,168
691,379,421,178
680,369,418,182
677,364,419,183
669,362,419,183
672,361,421,183
677,362,422,183
679,366,425,182
684,373,422,178
690,377,425,178
699,386,424,173
689,391,424,171
735,398,336,166
665,278,360,277
634,147,296,322
528,16,337,299
413,56,360,78
461,1,125,273
502,1,52,290
443,1,214,375
491,214,424,114
465,124,427,106
327,102,443,99
289,118,441,40
294,122,440,29
301,128,439,23
309,136,444,35
335,154,449,34
359,159,434,39
635,164,114,150
491,337,156,24
519,302,221,95
829,173,231,111
621,170,330,97
518,159,378,147
0,0,0,0
0,0,0,0
797,180,132,107
768,238,271,87
545,229,436,59
612,256,100,122
522,156,214,385
551,127,182,306
543,130,417,251
541,1,252,390
399,173,420,241
495,141,273,282
575,168,228,258
566,140,390,273
591,126,94,249
427,213,222,28
574,130,209,305
611,283,35,107
542,246,300,103
573,198,400,243
669,23,70,415
558,217,261,221
564,183,427,100
503,187,174,126
557,189,419,233
517,199,326,162
548,258,432,107
452,245,263,111
571,175,349,256
444,84,166,182
584,201,398,244
508,30,343,369
633,170,313,276
673,25,76,451
697,179,106,260
669,163,117,136
594,127,272,35
687,26,360,337
654,48,395,56
634,51,377,55
592,88,375,41
573,187,382,64
571,174,167,136
629,181,62,193
401,260,381,144
426,240,371,160
423,226,376,172
381,212,284,76
376,173,356,39
416,23,299,279
503,1,196,360
527,43,260,378
545,46,245,380
558,35,231,395
521,86,296,337
458,256,400,131
788,429,53,16
637,486,162,54
459,67,212,368
605,1,44,81
0,0,0,0
0,0,0,0
0,0,0,0
0,0,0,0
0,0,0,0
0,0,0,0
0,0,0,0
0,0,0,0
0,0,0,0
538,13,376,199
499,230,424,110
543,137,201,263
537,207,253,156
576,291,296,107
614,254,442,91
474,320,303,27
440,156,166,235
328,303,339,42
614,78,34,340
0,0,0,0
540,120,31,350
516,318,262,203
551,189,340,247
523,192,253,254
550,280,61,74
566,246,101,39
459,252,385,17
478,349,289,32
445,219,350,100
366,267,296,86
512,284,326,30
712,330,34,46
697,218,33,168
726,216,10,176
737,223,13,168
739,224,9,165
735,264,29,124
723,293,57,108
675,278,116,149
657,277,141,157
652,272,149,155
642,270,160,141
640,266,167,139
645,260,168,140
654,255,169,141
660,254,167,140
664,253,154,125
693,255,10,8
0,0,0,0
596,332,270,31
569,276,263,106
555,246,215,85
480,157,297,207
582,76,227,251
455,278,331,202
562,319,167,14
516,318,216,39
497,329,241,40
523,311,210,27
513,278,210,23
552,281,169,12
614,245,73,36
643,228,55,53
654,223,51,61
659,223,48,60
659,225,47,59
653,222,49,63
616,247,77,55
460,308,286,98
449,294,307,225
653,346,12,18
610,187,198,185
612,47,151,342
623,21,66,382
632,22,29,388
640,24,26,387
629,23,46,384
577,26,118,361
601,1,91,365
685,1,32,368
682,1,66,369
681,2,73,368
669,9,79,370
625,48,114,372
660,70,70,375
681,73,31,379
682,73,26,380
659,80,85,377
641,87,144,367
641,95,178,354
646,91,186,351
664,85,168,362
