574,122,308,127
533,200,148,43
557,252,397,62
526,209,380,47
387,195,383,54
563,231,268,168
654,340,146,71
668,352,134,107
608,338,286,70
591,276,327,89
645,262,252,103
663,257,248,118
684,251,254,111
693,238,256,107
686,235,257,109
638,238,259,109
592,244,290,109
509,240,312,76
418,227,366,93
370,198,341,88
485,276,14,50
0,0,0,0
0,0,0,0
213,171,295,92
315,166,51,42
478,110,123,127
251,335,388,100
251,418,386,29
245,395,384,22
245,365,397,16
0,0,0,0
245,298,368,13
243,190,246,196
262,118,81,168
267,111,78,178
267,111,75,177
264,111,75,176
290,137,49,141
318,207,59,138
306,255,108,83
304,290,174,78
405,215,30,212
338,162,278,274
623,274,78,35
534,113,27,124
438,125,268,66
458,128,332,183
646,231,140,245
0,0,0,0
658,370,422,38
668,264,176,82
1006,107,48,137
816,89,383,400
863,130,291,369
932,229,319,316
817,243,464,215
796,278,485,205
1026,246,127,106
608,115,476,151
801,38,45,99
582,103,473,247
912,375,171,31
744,438,346,53
766,411,344,72
774,401,313,102
744,404,319,83
730,406,336,64
656,293,417,213
769,334,42,77
701,129,76,370
676,133,69,238
748,159,79,378
790,131,40,86
752,40,13,262
709,110,45,177
697,145,52,146
691,189,58,116
698,230,56,64
628,214,229,124
621,302,327,29
702,310,220,12
663,301,347,18
578,284,419,21
818,350,380,56
638,136,299,66
533,204,476,150
859,300,285,107
543,127,186,149
638,132,116,284
462,277,274,63
446,145,397,286
422,137,372,394
399,28,280,566
590,14,64,349
342,77,363,312
485,165,280,383
384,217,466,289
0,0,0,0
374,402,165,178
478,414,297,52
533,305,331,44
358,279,618,96
754,330,449,90
445,9,637,186
756,50,460,286
716,174,302,225
652,218,461,116
678,206,330,105
608,144,459,327
782,67,63,463
759,335,97,46
701,240,17,119
538,179,294,308
0,0,0,0
0,0,0,0
781,125,126,134
893,153,13,79
909,394,78,18
908,442,80,11
899,447,65,10
903,446,62,9
902,446,60,12
908,448,58,11
924,455,62,10
934,467,86,11
837,337,261,152
864,118,110,402
880,189,151,31
847,261,307,130
790,253,164,203
733,302,122,173
658,205,84,134
435,258,484,31
457,242,306,38
621,316,474,27
0,0,0,0
559,221,139,24
0,0,0,0
387,303,366,19
386,234,204,137
348,152,214,298
395,179,177,256
529,111,95,321
626,1,86,202
620,47,52,314
500,28,111,272
526,334,205,115
507,326,302,61
469,209,305,20
474,159,257,32
494,192,263,25
505,257,173,48
580,263,214,71
751,143,191,90
812,1,185,217
758,1,122,318
658,76,108,187
576,191,94,255
603,69,179,281
726,51,136,272
744,320,273,203
698,567,391,21
633,442,500,34
745,267,89,134
647,145,205,266
763,399,242,89
753,86,82,279
587,387,340,90
725,401,428,84
239,175,462,209
533,231,56,29
601,224,26,46
525,231,469,51
0,0,0,0
605,269,210,38
599,1,106,397
563,287,245,127
769,69,68,427
762,495,216,20
828,469,452,37
992,345,289,65
908,246,373,80
866,196,414,168
875,217,406,160
876,228,405,150
878,234,403,140
879,232,402,139
880,234,401,137
852,250,429,150
830,178,442,222
811,101,231,274
636,1,255,338
554,127,311,349
703,215,346,125
512,1,121,273
363,222,428,123
442,220,437,125
580,276,453,51
638,253,435,95
642,289,449,60
541,391,426,15
477,347,428,29
454,294,351,50
443,265,244,41
434,235,276,51
498,217,342,63
766,198,301,113
792,127,418,203
1021,201,217,99
1008,207,273,15
814,306,467,19
0,0,0,0
1237,264,44,18
1236,285,45,35
1105,338,175,271
919,354,270,335
828,337,250,357
731,328,244,363
699,334,253,357
705,335,253,355
712,338,249,357
734,349,250,355
747,355,247,358
760,359,249,354
703,297,259,401
674,119,94,530
578,48,206,465
633,326,134,52
673,152,19,441
582,135,245,438
528,240,409,107
641,126,221,336
572,128,254,380
544,131,225,368
577,169,288,166
618,1,57,396
639,137,64,332
778,252,144,35
654,118,240,253
735,114,96,397
571,111,262,338
558,110,84,377
575,47,65,311
680,87,31,148
797,106,84,134
808,121,42,220
614,113,27,191
639,121,51,250
750,109,110,159
625,117,161,288
741,101,59,171
662,112,138,386
578,127,71,173
553,233,52,43
668,83,148,156
766,184,142,122
681,198,118,28
550,87,282,271
601,255,122,25
487,230,127,26
469,230,346,55
190,319,372,16
502,158,266,69
301,179,330,95
392,221,266,158
0,0,0,0
255,195,264,137
182,204,265,90
275,246,173,85
309,214,235,145
342,253,235,99
408,197,130,203
353,203,176,125
383,174,167,219
320,208,182,238
224,175,149,251
123,171,324,143
141,228,233,14
230,255,92,106
130,176,126,184
1,269,258,22
1,290,217,56
1,352,219,18
1,348,190,15
1,333,186,22
1,326,209,26
7,325,346,36
102,323,337,36
197,334,332,28
290,344,325,13
317,318,347,45
365,211,221,154
329,173,296,144
538,174,54,53
418,154,280,162
430,159,236,185
471,166,137,167
446,161,195,153
410,141,280,145
527,173,63,54
402,141,111,45
486,150,293,45
556,77,321,165
471,45,234,95
621,57,18,50
541,133,181,66
383,254,347,68
511,274,194,52
480,328,287,20
463,324,336,54
470,253,324,175
439,278,370,134
359,260,444,99
313,197,454,106
313,97,418,103
347,85,358,141
