681,393,232,100
736,455,191,92
766,459,135,90
778,452,113,85
777,452,117,81
771,462,123,49
729,463,200,17
689,418,310,83
655,428,394,46
638,392,394,69
642,339,368,110
623,332,382,96
591,350,415,58
587,377,410,23
653,399,317,17
673,399,256,40
670,394,180,45
625,387,146,39
615,365,76,20
625,318,34,31
631,309,59,24
617,313,64,22
607,316,66,21
0,0,0,0
0,0,0,0
465,141,3,8
0,0,0,0
754,294,33,36
752,277,148,32
756,270,232,16
785,251,312,28
785,247,379,38
781,256,422,40
782,266,453,35
750,253,484,75
729,203,412,221
688,136,291,411
679,133,94,462
515,135,151,454
314,150,316,332
215,138,433,208
189,132,489,80
224,49,464,89
425,1,251,133
566,1,133,146
659,1,81,174
742,1,19,264
702,1,208,389
645,411,435,21
614,423,437,99
612,427,453,60
623,419,457,55
630,424,458,48
634,426,456,44
641,427,449,38
654,426,439,44
675,424,416,55
692,418,387,50
702,413,356,23
701,389,316,13
683,353,310,53
665,342,320,90
656,354,308,97
640,366,307,112
625,366,277,133
602,353,254,151
595,347,211,141
581,348,204,126
570,350,191,97
549,356,169,50
529,344,110,25
509,313,51,43
468,321,97,12
450,326,121,19
458,338,109,49
477,336,100,37
507,327,86,51
480,329,106,61
472,330,118,59
469,327,134,74
477,328,124,74
474,327,118,74
472,329,112,69
483,329,112,68
494,328,114,70
498,328,115,70
499,327,111,66
500,327,114,66
513,331,115,68
541,346,78,40
0,0,0,0
0,0,0,0
0,0,0,0
534,269,44,62
546,245,39,64
575,239,50,61
548,200,133,89
549,192,188,87
559,197,228,85
609,207,235,76
819,254,78,19
923,314,355,28
1010,219,269,117
698,43,176,204
389,76,404,54
364,42,441,151
596,1,237,390
800,169,235,396
738,482,428,111
687,553,418,25
664,553,416,27
667,576,423,23
692,568,428,19
679,558,432,32
648,543,432,25
614,533,435,15
586,524,435,14
592,502,442,16
581,466,448,13
575,449,449,15
573,444,456,20
587,444,458,17
610,430,464,19
622,406,462,48
623,377,461,85
601,355,453,113
579,342,448,138
577,333,443,164
599,337,440,187
632,329,438,201
635,335,452,178
617,347,462,129
599,353,459,91
578,358,456,47
526,344,460,27
458,291,460,82
374,289,490,70
382,286,494,38
431,278,493,14
455,262,488,19
457,254,482,22
439,252,475,29
422,253,475,30
408,236,474,30
397,231,476,31
427,257,458,43
459,304,436,121
467,328,403,175
460,326,402,205
449,324,410,209
445,332,429,179
459,339,453,123
495,308,476,84
499,300,499,83
487,312,504,78
468,316,495,55
464,287,481,53
458,237,499,61
482,200,487,58
494,190,485,53
493,204,486,39
476,224,484,32
466,228,482,24
452,233,479,28
429,246,479,26
427,266,469,18
431,268,466,18
424,259,465,28
409,239,462,39
393,225,465,49
379,220,466,58
396,221,459,82
456,231,403,97
482,239,282,118
484,254,123,126
423,242,65,137
292,238,198,140
179,262,247,105
106,257,299,113
47,253,343,107
13,222,441,128
12,221,452,123
40,235,428,113
92,236,370,118
142,231,310,124
192,232,225,118
280,196,162,126
389,150,115,142
517,129,14,125
518,128,13,14
511,145,182,57
509,157,242,22
524,157,284,27
548,145,295,43
527,134,329,69
518,136,344,78
525,126,347,97
535,96,359,129
562,74,371,158
578,92,384,175
587,131,393,182
585,141,402,174
579,159,415,140
574,179,428,106
573,181,431,89
554,180,429,89
540,180,415,90
555,176,394,86
559,181,391,84
560,181,409,78
563,197,406,62
565,207,413,52
566,214,416,41
564,212,418,41
559,209,419,40
561,206,416,42
561,201,414,43
569,200,403,45
572,205,400,46
570,209,402,44
566,206,402,46
563,211,406,42
560,225,407,35
569,212,405,52
578,175,408,105
582,174,407,117
591,255,379,54
621,317,60,194
270,332,361,224
363,304,231,53
543,246,88,12
662,202,40,37
674,197,65,30
679,170,187,46
678,173,202,37
673,172,106,48
0,0,0,0
488,195,163,78
290,293,346,19
288,306,352,157
584,300,69,226
651,279,279,199
656,271,385,145
655,262,435,122
648,254,439,137
642,259,432,155
637,260,409,175
627,270,363,213
617,275,317,237
609,277,252,263
608,273,173,281
620,272,75,288
587,267,28,292
469,264,106,302
414,327,123,240
367,336,156,241
338,329,182,234
318,321,201,228
302,336,227,218
265,271,334,281
235,268,366,261
222,272,385,222
250,273,359,167
313,265,298,105
414,256,206,42
552,229,79,32
0,0,0,0
0,0,0,0
0,0,0,0
0,0,0,0
0,0,0,0
540,238,94,23
365,270,241,95
272,286,337,201
535,274,128,260
638,291,285,149
619,306,460,126
610,309,463,123
615,309,444,141
632,294,446,184
648,298,451,212
670,295,470,199
669,294,488,152
644,308,502,120
615,303,507,116
606,291,507,158
626,294,506,186
644,329,507,200
634,370,528,112
623,389,542,18
676,400,542,22
702,422,533,32
676,471,519,26
631,501,508,36
611,479,506,35
609,419,497,65
588,368,488,111
546,353,478,81
422,320,494,60
326,222,484,95
326,201,501,87
350,263,510,30
400,279,329,129
223,304,239,166
1,301,499,17
203,220,344,16
479,135,109,13
627,84,84,70
626,79,304,111
664,61,383,160
657,8,441,251
710,1,320,256
744,1,244,246
755,1,217,235
762,23,215,214
771,121,119,112
665,265,91,47
411,317,310,198
420,285,366,157
539,259,237,39
680,174,80,65
761,115,25,78
743,1,126,226
713,1,119,239
678,1,87,242
653,1,29,245
606,1,46,264
560,1,69,285
543,16,52,282
530,251,112,70
456,303,395,140
418,294,526,150
421,284,511,114
419,291,447,96
367,305,436,107
322,306,456,118
309,330,493,64
329,299,506,86
386,212,479,191
450,228,490,193
476,348,514,116
483,480,512,36
462,506,535,37
465,526,528,15
484,511,526,17
520,512,527,20
532,503,528,16
484,519,528,17
462,505,518,45
487,452,490,105
508,404,481,160
521,385,483,159
496,350,493,91
487,292,511,13
524,207,472,91
546,162,471,117
585,262,412,27
502,350,127,145
380,258,333,89
649,175,114,17
826,47,65,113
881,9,209,196
881,1,396,279
717,300,209,120
0,0,0,0
1000,87,278,119
980,73,298,109
911,93,367,110
836,140,433,95
776,174,430,81
713,161,420,106
665,145,409,119
635,125,405,125
608,104,401,141
572,119,406,134
551,143,407,115
547,190,416,96
523,215,407,92
475,254,315,79
0,0,0,0
180,323,403,170
692,327,158,112
730,280,224,18
460,262,236,107
320,245,259,188
433,196,149,247
468,198,99,272
524,187,38,287
551,186,17,264
562,182,14,248
555,171,25,255
528,167,55,277
496,172,94,291
471,180,128,292
465,180,138,289
421,179,175,286
311,189,290,156
296,20,305,207
579,1,29,261
595,21,284,178
580,156,312,196
572,177,301,209
564,221,329,61
562,165,305,68
563,45,275,181
568,1,145,219
562,1,68,228
569,1,17,213
546,1,39,223
508,1,89,247
420,1,198,287
266,161,368,213
247,373,394,67
267,443,318,16
266,483,313,44
265,490,311,43
270,494,312,38
276,497,313,38
279,493,312,37
279,487,314,39
277,487,313,39
276,490,311,38
278,491,310,37
285,465,404,65
290,468,300,68
294,442,293,96
297,405,301,128
303,384,301,121
284,349,349,98
254,325,368,84
301,317,243,58
521,243,68,79
551,125,187,211
543,60,303,270
539,47,381,292
535,99,441,223
537,203,473,107
544,283,463,22
552,282,420,90
583,269,350,118
594,288,322,94
598,294,309,87
599,288,316,83
610,279,324,75
611,282,342,52
623,295,339,17
607,277,378,36
614,252,348,55
624,235,362,49
636,258,305,21
674,242,309,16
720,107,375,149
763,1,26,289
276,135,509,58
509,124,257,461
388,143,451,268
453,10,442,238
903,1,14,383
883,143,335,320
822,395,407,94
779,430,406,57
752,440,404,53
736,445,402,51
736,446,400,51
730,448,405,54
732,453,403,52
