105,90,235,113
113,82,225,128
388,314,111,203
577,359,159,12
647,287,123,12
644,273,132,24
641,274,123,25
573,264,135,12
535,241,99,15
389,53,261,93
219,1,201,49
340,1,169,62
447,54,54,177
446,104,76,168
257,272,42,180
489,234,54,41
506,169,93,134
539,198,102,115
551,198,53,63
568,197,69,73
536,177,66,93
539,180,69,89
543,180,67,85
575,222,49,42
293,360,115,125
311,277,27,256
255,421,181,253
511,1,135,83
420,37,238,22
489,51,72,86
220,139,141,151
358,463,241,100
577,442,85,102
549,529,15,98
210,455,162,75
103,108,238,116
443,20,137,167
542,304,124,208
598,403,14,31
616,372,14,7
612,354,47,10
608,350,35,12
610,343,35,15
606,342,34,16
582,267,20,81
550,206,30,105
0,0,0,0
547,499,62,74
483,224,23,218
434,35,63,121
532,207,67,159
539,226,78,24
559,112,25,161
593,410,18,26
405,334,205,245
266,155,205,101
307,76,187,132
342,71,167,131
360,78,156,125
369,85,150,119
377,88,139,117
382,68,121,129
429,90,84,153
496,191,174,57
297,1,64,143
336,26,219,100
107,12,282,49
427,114,25,149
262,157,119,238
0,0,0,0
446,177,123,94
501,139,78,97
535,153,51,82
571,163,63,82
572,164,62,83
566,157,58,85
557,157,61,83
549,156,62,81
541,161,62,77
324,318,258,60
264,298,16,274
292,370,38,111
417,161,69,170
461,1,67,212
501,1,49,156
552,1,48,159
465,1,25,166
243,2,222,202
225,99,303,219
481,309,79,56
519,326,156,127
560,382,96,119
520,347,20,31
357,49,142,317
337,1,131,381
327,48,133,430
359,439,63,19
373,448,49,95
374,448,48,95
372,448,50,95
372,448,49,95
373,449,48,94
373,448,48,96
372,448,50,95
373,448,48,95
372,448,49,95
374,448,46,95
373,450,47,93
374,448,47,95
374,451,46,92
373,448,47,95
373,448,49,95
374,448,46,95
373,449,48,94
372,448,48,95
373,449,48,94
373,448,46,95
372,448,48,95
373,448,49,95
373,448,49,95
373,448,47,95
373,447,49,96
373,448,49,95
373,448,49,96
373,448,49,95
373,448,49,95
373,448,48,96
373,448,50,95
373,448,48,95
372,448,49,95
373,448,48,95
373,448,47,95
372,447,49,96
372,448,48,95
373,448,47,95
373,448,47,95
373,448,48,95
373,448,48,95
373,448,47,96
373,448,48,95
373,449,48,94
372,448,49,95
372,448,49,95
372,448,49,95
373,448,48,95
373,448,47,95
373,448,47,95
372,448,47,94
373,447,47,96
373,448,48,95
373,448,47,95
373,448,48,95
372,448,49,95
372,448,48,95
373,448,49,95
373,448,48,95
373,448,47,95
372,448,48,95
372,448,48,95
373,448,48,95
373,448,48,95
373,448,49,95
373,448,48,95
373,449,49,94
372,448,50,95
373,448,47,95
373,449,48,94
372,448,48,95
373,448,49,95
373,448,47,95
372,448,49,95
373,449,48,94
373,448,49,95
372,448,50,95
373,448,48,95
373,448,47,95
372,448,49,95
373,449,49,94
373,447,48,96
372,448,48,95
373,448,48,95
373,448,48,96
373,447,48,96
372,447,48,95
372,449,50,93
373,448,47,95
372,448,49,95
374,447,47,96
372,447,50,96
373,448,48,95
373,447,47,95
373,448,48,95
373,448,48,95
373,448,47,95
373,448,48,95
373,447,49,96
372,448,48,95
373,448,47,95
372,448,49,96
372,447,49,96
373,447,49,96
372,448,47,95
373,447,48,96
372,447,48,97
372,448,48,95
372,449,48,94
373,448,48,95
373,449,49,94
373,448,48,95
373,447,48,96
373,448,49,95
373,448,48,95
372,448,48,95
373,448,48,95
373,448,47,95
373,448,48,95
373,448,47,95
372,447,49,96
373,447,47,96
372,447,50,96
372,447,49,96
372,448,49,94
372,447,49,97
372,447,49,96
372,448,49,95
373,448,47,95
373,448,49,96
372,448,49,95
373,448,48,96
372,448,49,96
372,447,48,97
373,448,48,96
372,447,49,97
372,447,49,96
372,449,47,94
373,447,47,96
371,448,50,95
372,447,49,96
372,447,48,96
372,448,49,95
374,448,46,95
373,448,48,95
373,447,47,96
372,448,50,95
372,447,49,96
373,448,48,95
372,447,49,96
372,448,49,95
373,448,48,95
372,447,49,96
373,447,47,95
373,447,48,96
373,448,48,95
372,448,49,95
372,448,48,95
372,447,49,96
372,448,47,95
372,448,48,95
373,448,47,95
373,448,48,95
373,448,48,94
373,448,49,95
372,448,49,95
374,448,45,95
372,448,49,95
373,448,48,95
373,447,47,96
372,448,50,95
373,448,47,95
372,448,49,95
373,449,46,95
373,448,47,95
372,448,50,95
