640,96,351,82
641,99,363,37
635,79,375,36
627,24,369,96
623,1,358,126
610,1,261,139
593,27,345,122
582,173,328,29
524,127,254,258
423,581,219,20
705,391,24,27
757,361,210,276
750,7,133,401
701,1,75,260
669,243,373,194
486,552,303,57
476,462,318,89
766,137,138,311
756,327,47,12
621,210,201,116
669,206,186,102
550,208,85,300
457,322,138,271
634,561,41,34
575,505,243,128
535,181,153,263
466,344,183,98
458,298,165,157
499,247,18,51
606,346,46,26
510,169,299,135
484,181,52,122
495,313,65,86
492,368,292,49
544,313,164,58
590,334,212,22
507,282,172,135
746,445,87,35
752,272,39,76
744,240,171,175
758,254,75,249
731,296,41,217
638,384,101,55
623,585,50,17
617,554,74,31
553,376,150,154
642,400,21,22
646,573,64,23
625,515,98,83
576,356,135,87
616,269,89,236
635,343,38,111
620,321,62,186
671,363,23,201
607,527,53,12
647,419,49,24
685,367,118,81
690,331,192,72
601,367,174,20
787,392,107,27
646,351,269,26
461,351,288,31
529,403,274,23
565,402,143,9
575,329,77,141
572,284,130,238
497,283,253,154
469,365,228,147
677,83,124,240
487,251,207,222
578,295,128,83
640,385,95,53
626,417,96,127
635,438,100,123
640,443,102,130
641,445,100,123
641,446,101,121
638,446,98,119
635,449,97,117
640,449,98,121
650,443,112,112
667,405,94,32
632,142,49,313
577,288,110,255
690,325,14,59
699,135,21,313
695,369,13,12
668,270,91,295
634,306,169,71
582,221,113,174
725,327,12,60
687,269,73,244
557,233,158,151
723,137,75,313
619,318,228,91
599,286,155,290
733,198,84,216
559,91,98,321
664,315,245,179
547,231,292,193
737,353,127,78
550,335,382,45
737,358,133,30
380,326,442,50
635,164,285,263
517,439,430,70
361,243,217,205
369,53,241,349
304,28,321,401
525,62,127,446
544,198,131,248
723,701,25,19
653,616,130,104
479,356,317,247
435,210,151,232
359,387,177,50
400,401,330,221
706,510,29,13
831,336,246,156
573,251,384,163
713,137,78,178
283,324,311,125
0,0,0,0
379,195,285,41
0,0,0,0
403,248,102,43
671,175,21,162
494,1,167,387
473,217,481,92
410,226,205,55
519,204,404,94
724,162,58,16
343,264,348,70
896,202,29,48
863,162,275,104
721,220,274,32
538,295,475,56
566,398,401,58
504,437,410,43
488,455,418,16
480,446,417,17
473,424,424,14
452,337,466,45
509,274,428,32
530,249,404,23
518,242,409,35
510,237,404,46
504,234,404,59
512,232,398,66
510,231,392,70
530,231,385,71
545,229,380,73
548,227,377,76
542,226,371,77
544,224,365,84
539,222,358,91
565,225,355,91
569,227,354,93
568,229,355,93
560,230,362,94
565,230,359,101
570,230,352,107
560,229,362,110
518,280,429,23
534,84,380,382
599,32,184,445
442,152,374,308
530,156,181,318
593,147,138,326
566,172,300,103
492,39,130,310
625,202,31,196
746,196,182,134
551,139,303,282
731,196,37,90
607,299,389,55
677,49,85,440
577,289,137,197
574,243,134,52
574,236,104,106
728,226,130,94
713,203,66,285
607,33,186,440
500,183,130,428
533,1,75,357
579,221,226,318
475,146,272,288
503,60,334,125
506,119,47,74
461,16,157,319
473,173,52,305
395,282,321,170
418,338,232,123
567,204,193,130
593,1,93,238
707,174,75,307
631,301,228,57
612,582,90,15
0,0,0,0
598,326,181,113
747,331,96,282
637,192,143,218
653,251,28,169
657,293,83,46
558,271,89,298
522,197,79,268
469,287,176,234
647,568,121,40
585,478,192,113
563,336,107,120
531,367,129,135
559,352,207,250
550,114,46,320
563,270,121,195
560,112,85,228
667,285,52,81
671,183,141,255
697,181,105,262
686,228,47,220
663,349,30,22
587,538,51,29
572,524,61,36
0,0,0,0
442,300,169,200
522,322,61,146
641,572,20,14
650,556,62,34
692,532,60,63
708,477,48,121
707,391,47,190
697,357,46,181
670,327,85,124
677,392,18,98
692,370,14,125
693,372,23,131
695,378,19,118
693,381,14,114
694,382,17,116
692,381,14,115
691,381,16,114
687,380,16,114
682,377,15,117
679,379,15,114
680,379,13,117
675,380,13,118
671,381,13,118
664,383,15,118
659,386,12,117
658,388,12,116
661,386,16,119
639,288,31,171
697,193,46,282
631,306,227,146
567,343,267,13
542,304,276,34
547,304,292,29
548,304,282,32
582,299,280,81
630,303,190,191
605,367,88,40
664,320,20,120
658,280,106,185
642,339,179,126
632,405,192,40
637,406,141,73
676,407,12,12
672,353,107,81
680,366,20,46
690,356,39,36
683,321,84,19
685,310,52,21
675,299,60,34
631,296,110,91
625,383,73,23
654,398,18,32
661,408,15,29
663,410,18,30
669,405,16,34
672,402,16,35
670,399,17,36
668,399,14,34
654,402,14,32
655,402,13,32
658,405,14,33
659,406,13,34
660,408,14,33
662,408,15,36
657,408,27,36
656,401,29,38
560,383,193,35
666,347,72,39
577,320,116,37
637,243,145,148
544,372,218,67
560,360,185,35
569,320,227,76
541,304,255,76
543,303,255,73
549,304,254,69
551,307,252,66
552,310,250,61
558,302,247,62
559,274,244,72
547,254,198,92
629,338,40,80
642,362,25,101
644,353,12,132
643,351,14,138
643,358,13,129
644,360,13,128
644,361,13,130
