551,40,26,421
529,416,227,269
414,69,141,357
612,285,28,13
637,159,92,305
587,90,23,77
545,279,258,130
543,569,60,24
0,0,0,0
655,178,78,304
632,389,53,78
670,345,55,21
528,226,25,134
460,326,132,189
531,283,28,62
650,170,58,171
651,373,25,95
616,204,81,176
569,363,153,39
700,409,108,88
460,258,173,62
642,237,160,189
645,279,29,176
577,382,50,30
608,543,118,11
636,464,66,18
670,414,31,30
592,218,123,226
483,188,160,169
677,370,34,29
661,527,111,23
663,501,113,44
684,398,58,101
566,375,161,177
656,456,110,89
618,303,110,201
536,334,215,45
601,391,110,107
617,386,187,41
605,376,193,23
547,378,244,15
544,344,124,21
551,339,199,20
450,330,247,44
605,373,13,8
544,322,198,68
607,253,60,209
554,330,205,72
573,281,183,115
519,265,260,56
523,267,223,38
580,190,54,238
469,287,255,153
523,366,325,39
533,254,188,276
522,349,257,25
529,319,217,32
601,275,38,193
594,308,205,216
502,435,340,69
553,264,34,259
0,0,0,0
615,263,90,260
545,305,94,71
614,285,223,132
0,0,0,0
442,125,238,90
629,139,320,54
506,165,211,275
742,362,43,186
620,510,327,70
671,310,201,226
632,357,61,21
375,528,318,34
391,448,227,46
559,347,117,44
473,335,263,28
625,253,248,68
713,251,89,43
482,338,146,58
645,296,101,63
458,320,252,111
645,268,45,36
643,302,151,92
614,312,192,118
609,274,278,160
616,362,260,19
574,384,301,13
563,387,307,18
547,373,310,27
544,371,310,23
538,367,310,25
529,367,309,21
531,366,310,17
536,366,309,14
534,369,309,9
531,372,309,10
534,377,307,11
526,379,309,12
529,383,308,9
534,385,310,10
538,380,310,9
539,368,318,26
541,352,314,19
544,325,303,17
538,313,299,20
523,298,296,53
552,331,124,140
511,230,60,219
391,206,281,137
517,155,131,180
405,261,126,107
572,281,115,99
581,265,78,111
382,395,158,52
401,396,218,55
387,395,222,57
379,386,224,55
381,397,230,61
369,401,197,91
345,347,237,87
566,143,141,246
515,235,94,271
455,134,211,251
511,301,289,44
405,311,225,156
624,128,50,185
576,250,37,258
435,185,239,181
513,319,176,66
445,195,179,144
507,255,135,132
512,293,238,214
0,0,0,0
347,292,236,51
498,274,178,249
641,95,87,210
493,314,301,41
643,225,237,219
629,357,306,28
678,322,160,20
523,146,208,222
384,283,230,95
381,369,257,13
598,339,248,137
614,103,54,289
651,290,25,81
616,278,221,68
626,135,50,266
555,201,72,231
528,209,98,220
530,201,109,230
537,193,100,235
546,187,88,246
563,176,70,262
557,175,77,268
494,292,141,175
482,427,206,101
536,227,91,232
585,1,38,236
0,0,0,0
0,0,0,0
0,0,0,0
0,0,0,0
0,0,0,0
0,0,0,0
0,0,0,0
0,0,0,0
872,14,265,150
942,344,152,197
991,501,235,31
1039,473,242,77
1010,501,271,25
973,558,281,24
914,540,314,32
841,539,304,29
767,530,307,22
