670,258,224,91
689,259,156,91
694,261,127,92
695,256,109,105
686,251,98,118
674,251,101,118
665,258,120,109
646,265,168,98
603,277,256,79
559,294,362,55
594,345,330,41
745,397,60,26
414,358,349,108
570,319,211,152
560,198,174,133
0,0,0,0
223,319,474,77
604,295,65,73
630,70,342,293
734,251,251,127
399,256,505,24
893,238,357,41
577,202,464,46
283,179,549,166
442,287,385,120
528,125,225,483
493,157,452,297
666,1,174,439
440,202,411,63
581,49,99,498
442,278,285,76
581,98,55,530
435,69,347,259
338,31,222,310
527,120,42,190
537,161,254,203
503,48,262,366
706,154,43,72
537,284,387,57
611,82,53,395
552,159,137,483
519,1,226,404
488,171,151,256
714,267,176,58
537,59,241,362
629,165,171,448
543,70,249,440
516,253,67,231
417,1,128,401
642,169,170,127
530,240,356,219
477,376,87,109
465,1,210,414
590,170,12,106
627,109,63,177
525,177,263,218
590,77,77,137
648,153,182,297
683,269,120,160
641,316,25,286
644,599,45,14
716,341,105,173
790,365,32,232
770,367,33,113
559,114,173,174
755,346,178,56
650,577,45,32
677,568,46,17
734,284,114,228
794,361,40,206
762,381,31,81
509,251,269,142
633,93,130,226
573,370,17,74
571,353,30,80
653,431,114,176
609,142,90,323
760,221,62,79
624,318,66,131
599,334,43,241
624,317,56,143
580,204,170,77
645,200,123,84
593,237,91,249
658,298,50,140
722,582,36,18
660,524,133,65
609,221,47,283
0,0,0,0
615,395,158,199
582,453,15,13
515,373,47,9
522,351,271,23
665,348,151,60
610,341,19,12
712,224,31,112
649,238,46,147
712,447,49,28
729,283,133,136
729,238,144,177
759,263,49,227
740,308,22,182
726,301,16,139
697,550,29,15
703,549,10,9
707,499,10,50
707,463,9,87
0,0,0,0
688,386,53,35
624,554,69,14
623,541,69,27
638,477,38,54
608,410,33,13
670,377,39,10
616,381,197,57
663,426,187,97
681,335,41,24
751,282,139,96
658,270,103,109
586,332,216,22
616,438,224,39
654,433,51,53
706,413,58,61
688,410,15,14
577,368,162,115
778,381,149,46
647,337,181,107
657,289,33,46
606,358,218,108
672,329,70,150
714,376,14,17
617,389,174,30
535,383,279,10
532,391,246,79
600,414,152,96
651,278,124,311
739,475,48,140
730,243,20,141
610,400,300,42
773,351,57,92
618,196,77,151
631,317,93,168
493,315,416,71
511,178,373,237
624,294,39,49
680,210,233,431
652,330,370,136
681,274,333,164
622,229,321,328
685,210,123,345
626,351,320,106
739,98,171,229
544,1,207,224
624,113,38,378
627,288,207,37
635,214,105,446
473,683,298,18
373,618,306,81
344,480,266,31
367,425,231,31
453,334,345,115
778,321,81,224
724,453,281,62
858,406,111,38
0,0,0,0
671,294,211,36
528,220,266,41
606,287,368,57
370,380,376,74
580,426,158,70
670,403,50,53
656,385,63,30
638,403,80,22
630,414,86,52
623,406,88,54
613,398,91,61
593,399,118,107
572,412,146,136
574,415,154,132
575,416,157,132
575,417,162,133
575,418,162,132
570,417,164,134
567,419,166,133
564,418,168,137
560,418,169,141
559,419,174,139
564,420,177,136
575,420,179,137
598,442,166,147
613,458,147,166
616,438,132,159
624,395,127,75
631,177,136,180
662,1,122,324
654,1,162,324
612,45,201,376
502,170,322,264
463,265,379,151
459,295,384,119
451,294,373,139
369,253,304,156
258,298,343,29
273,264,365,79
322,211,325,149
384,270,362,159
389,267,360,153
308,295,246,31
337,272,221,55
390,171,241,251
366,138,274,282
277,234,362,140
265,316,295,13
308,295,351,19
357,222,220,74
391,150,263,205
409,127,256,250
424,171,244,202
441,347,366,72
519,409,338,194
446,295,252,175
537,1,47,305
0,0,0,0
0,0,0,0
0,0,0,0
0,0,0,0
0,0,0,0
0,0,0,0
0,0,0,0
0,0,0,0
0,0,0,0
0,0,0,0
0,0,0,0
446,1,238,195
435,152,324,206
453,125,295,270
448,158,294,270
459,127,226,333
505,96,76,378
377,142,238,306
353,321,335,86
556,405,336,56
525,387,368,119
0,0,0,0
516,186,50,296
409,231,337,190
650,316,48,102
356,195,154,100
584,202,191,247
551,155,223,270
441,365,290,195
427,388,305,176
383,333,352,55
528,153,295,273
534,223,85,238
442,157,247,300
529,237,305,205
544,256,171,335
406,249,320,218
495,91,148,209
521,306,361,165
376,271,356,186
583,107,136,379
556,241,152,279
462,197,221,139
573,251,70,84
586,100,130,377
466,259,361,163
773,258,355,223
583,196,375,194
504,297,406,93
735,333,29,29
566,257,286,57
586,439,364,219
352,354,306,188
548,382,51,61
507,350,186,29
462,358,388,12
673,370,163,45
209,314,376,87
670,285,162,109
516,163,216,173
298,318,341,122
538,339,334,139
602,286,255,56
642,300,30,37
537,371,347,44
702,411,245,11
0,0,0,0
701,561,176,14
742,506,238,54
767,470,130,28
689,414,95,45
546,364,256,56
557,340,233,19
662,311,23,35
596,352,275,47
620,353,57,22
619,327,262,88
735,292,87,39
611,254,226,125
648,361,237,82
667,324,188,61
616,337,180,24
594,267,153,71
545,330,188,14
589,325,52,24
752,354,164,28
480,299,207,46
585,280,194,135
0,0,0,0
714,366,152,91
681,377,96,52
694,384,49,28
622,383,129,14
522,373,251,10
561,373,250,11
710,391,79,14
471,389,120,23
499,410,71,10
491,413,74,7
506,409,73,7
542,390,120,64
618,437,157,38
625,445,159,34
605,445,179,35
604,442,175,39
605,439,175,42
605,437,179,45
604,438,179,44
608,437,172,46
619,432,154,39
582,414,179,33
590,375,156,29
671,299,11,46
649,206,93,224
656,293,56,171
661,326,34,133
669,331,36,129
672,326,35,136
677,330,26,129
654,355,25,112
626,387,57,108
628,392,52,118
628,387,50,126
619,381,48,133
610,378,54,136
603,380,53,132
603,381,55,130
598,381,54,131
601,380,52,132
604,378,53,133
606,374,54,131
599,332,52,136
617,262,53,150
647,213,60,147
614,257,187,139
