430,294,286,89
470,308,279,74
469,321,283,59
464,297,283,94
493,279,233,142
469,247,192,147
473,318,38,53
471,355,226,130
514,249,192,183
588,238,23,14
554,273,256,48
491,278,269,154
578,420,15,43
562,420,25,50
565,411,33,55
564,403,32,59
548,399,35,50
578,296,68,115
462,301,279,92
522,226,169,249
542,246,105,208
586,287,25,104
586,342,12,13
589,278,11,66
513,238,169,163
508,314,99,89
554,300,119,86
526,237,175,233
495,252,122,165
0,0,0,0
657,171,49,270
573,379,152,24
617,417,20,14
597,206,41,192
595,136,64,212
589,159,73,216
586,303,81,186
581,407,77,90
575,437,70,54
570,445,64,22
573,411,53,17
557,397,46,46
578,360,14,16
522,270,195,72
515,243,171,200
645,100,188,246
622,309,54,19
596,331,97,91
597,428,68,110
607,421,53,51
585,153,57,289
478,356,132,40
640,300,79,36
641,294,30,176
567,100,93,274
603,272,28,154
625,174,51,202
555,285,84,78
624,294,72,92
591,287,146,223
569,284,73,224
630,313,48,118
349,193,258,171
591,162,105,178
593,376,174,24
529,312,336,27
546,390,179,18
325,294,331,15
518,262,189,12
507,150,195,349
358,329,227,256
546,128,34,386
567,127,17,391
0,0,0,0
635,667,36,53
579,554,85,138
458,103,134,402
541,47,105,387
678,1,105,290
499,300,100,72
612,587,177,90
535,414,99,12
517,394,73,77
568,469,237,197
506,236,167,321
0,0,0,0
341,422,227,168
463,353,180,89
571,324,25,72
486,317,348,105
706,333,46,19
491,328,194,27
0,0,0,0
687,294,301,200
575,302,259,58
588,249,193,147
504,358,335,14
543,321,306,62
549,363,273,31
536,299,280,102
614,205,153,200
579,242,151,209
457,370,104,17
380,312,270,78
0,0,0,0
543,270,95,242
530,317,109,152
541,319,65,67
480,390,161,117
522,317,92,221
608,359,85,232
676,434,101,53
553,365,170,159
618,289,50,210
431,352,227,61
443,368,193,48
534,147,190,153
601,208,27,80
584,306,212,67
426,536,216,17
413,461,169,74
587,351,78,45
632,174,75,182
567,324,203,118
407,500,234,26
666,405,27,10
575,371,90,50
673,364,37,32
660,325,65,70
661,291,30,103
509,275,94,72
548,295,67,149
419,498,217,30
504,337,137,56
508,212,103,180
505,221,108,197
440,306,204,46
563,522,222,22
567,468,225,63
570,304,85,114
593,300,68,170
471,475,23,32
0,0,0,0
540,288,198,136
547,365,88,26
671,338,17,13
571,271,13,13
549,246,157,62
674,346,209,37
389,340,197,46
558,201,151,93
566,226,176,66
559,272,56,52
524,297,165,128
606,435,107,80
520,342,224,94
560,429,9,21
459,335,128,56
644,479,43,21
650,457,213,22
685,360,204,73
696,338,212,8
622,308,216,82
628,358,157,66
619,181,41,235
605,348,159,34
606,365,230,62
633,326,182,60
637,366,222,34
628,384,226,38
552,376,240,78
474,429,237,19
482,424,241,33
482,416,243,32
485,412,243,29
488,411,244,30
491,412,242,30
491,413,244,27
483,412,244,28
471,411,245,29
460,412,246,29
457,413,244,30
453,416,245,29
449,417,244,29
449,419,244,29
450,417,245,30
449,407,245,28
440,384,242,26
461,365,230,48
540,328,194,122
613,291,211,115
625,293,222,98
592,286,210,123
576,267,179,158
588,250,162,172
567,244,171,174
561,247,178,154
562,260,198,133
550,261,211,143
550,265,213,142
569,252,176,161
617,168,139,186
617,113,159,178
620,111,147,186
611,173,135,209
556,345,218,129
539,457,231,32
648,216,93,212
654,1,73,139
0,0,0,0
0,0,0,0
0,0,0,0
0,0,0,0
0,0,0,0
0,0,0,0
0,0,0,0
467,1,165,28
486,156,136,137
483,262,194,72
646,166,123,218
648,300,15,49
530,233,156,153
530,372,154,72
543,368,156,27
519,298,196,96
0,0,0,0
519,353,245,25
469,374,213,18
463,334,198,48
562,329,40,55
0,0,0,0
522,336,188,107
602,324,17,100
590,323,16,105
529,342,145,145
506,294,49,65
493,343,197,47
602,260,28,176
573,346,135,145
623,300,45,54
641,310,143,61
494,321,170,57
552,340,171,56
523,375,70,115
584,254,47,188
606,298,20,156
640,244,83,97
461,320,159,79
533,326,52,176
602,327,29,93
538,319,104,29
594,289,54,213
527,229,151,189
475,342,157,90
614,371,95,27
545,291,125,55
590,278,46,232
543,222,182,169
644,142,78,202
464,325,219,106
606,330,180,62
598,213,156,146
558,280,124,211
409,269,223,68
505,225,156,109
458,350,99,69
490,271,102,232
582,514,95,35
609,459,84,95
617,387,66,111
604,394,97,14
583,373,107,80
572,364,94,108
564,365,92,111
565,362,90,115
582,357,85,113
613,348,85,114
598,332,105,113
549,235,163,179
597,251,23,130
477,356,215,87
468,390,223,28
451,337,212,101
457,330,198,115
487,319,140,126
576,339,15,115
