306,302,434,405
307,282,466,423
316,274,494,439
319,271,527,449
301,260,580,460
285,260,614,460
243,251,648,469
203,228,677,491
175,195,679,525
144,165,750,555
126,148,771,572
104,137,803,583
72,108,863,613
34,68,929,651
29,51,956,667
40,34,947,685
54,19,942,701
68,16,944,704
74,29,923,689
78,40,862,679
86,55,757,666
91,96,785,625
95,98,787,621
94,92,801,627
89,93,803,626
137,117,725,603
165,124,692,595
186,147,664,574
212,159,620,541
219,168,598,522
205,175,608,528
198,183,619,523
198,187,625,519
201,191,649,506
198,188,658,501
194,186,651,501
199,185,627,502
205,187,628,500
213,197,611,482
217,214,589,472
225,209,580,469
222,184,596,486
220,164,615,500
221,159,615,507
226,162,622,508
223,169,621,505
215,174,633,503
0,0,0,0
212,178,641,497
213,179,642,495
207,175,649,497
205,173,650,498
212,177,654,497
208,178,661,495
195,179,660,495
178,182,687,492
167,182,707,490
166,178,696,491
172,174,678,495
180,181,661,489
188,190,644,477
189,187,612,478
179,173,596,484
168,166,608,493
157,159,624,503
141,142,656,519
141,134,667,531
147,134,670,530
151,135,675,525
151,136,672,523
148,137,669,524
147,136,675,525
133,144,685,523
130,152,683,516
128,156,683,505
126,161,677,496
110,156,688,494
94,155,694,492
88,149,701,485
81,138,714,480
68,126,731,475
64,126,742,470
61,132,756,463
73,152,698,445
86,161,687,436
93,161,694,435
93,140,721,452
94,119,752,471
97,105,778,488
105,91,783,505
105,79,794,519
108,75,794,521
126,110,786,489
138,142,774,457
145,119,722,480
142,94,734,504
147,65,739,536
144,64,734,541
145,65,732,547
147,68,726,549
146,69,716,554
140,66,714,558
141,62,709,559
147,59,705,561
147,58,695,559
147,68,696,546
142,78,702,535
140,80,703,533
139,70,702,543
146,72,708,542
149,71,715,541
153,74,722,540
153,80,727,540
153,84,739,537
151,85,744,535
151,84,737,526
176,86,700,515
204,85,665,511
216,81,639,505
227,76,639,508
229,80,651,511
227,76,652,524
241,71,657,534
266,67,653,540
296,58,660,541
317,50,665,540
317,50,666,548
334,60,673,543
344,69,674,545
346,86,678,553
336,105,688,554
339,121,694,563
336,132,710,573
343,134,729,584
342,133,737,587
329,105,759,616
285,50,845,669
220,1,927,718
181,1,1036,719
140,1,1124,720
98,1,1180,721
103,1,1177,719
112,1,1168,723
29,1,1251,720
1,1,1282,718
1,2,1280,717
1,1,1280,717
2,2,1278,717
2,1,1278,719
2,1,1279,721
1,2,1277,717
1,2,1278,718
1,4,1278,715
2,1,1277,719
1,1,1277,719
1,1,1280,721
2,1,1277,718
21,1,1257,719
67,1,1213,717
110,1,1168,696
142,1,1137,688
126,1,1153,707
125,1,1155,719
133,1,1145,718
158,1,1121,718
182,1,1097,718
199,1,1079,719
215,1,1064,718
255,1,1024,718
285,1,995,703
313,10,966,677
349,47,912,623
381,184,896,482
402,189,878,472
401,158,878,515
393,111,887,580
383,97,898,606
373,90,908,620
362,75,917,635
353,66,927,641
352,45,927,662
345,29,935,681
332,33,947,682
310,88,968,628
302,141,977,578
300,109,976,599
295,90,984,617
295,93,983,618
294,99,985,611
291,108,987,598
294,117,984,585
299,126,981,574
290,119,990,572
275,113,1005,572
266,110,1012,565
262,95,1018,572
251,143,1029,519
238,158,1041,500
223,102,1056,553
202,87,1078,568
175,94,1105,559
148,57,1129,598
128,27,1146,622
113,8,1161,629
110,12,1169,625
120,32,1158,611
132,51,1147,599
137,66,1140,590
142,74,1136,576
140,79,1138,564
140,74,1140,555
141,69,1139,552
144,51,1135,582
154,63,1125,582
169,121,1110,512
181,121,1097,508
183,74,1097,562
172,11,1108,638
161,1,1118,650
160,1,1119,659
171,1,1108,664
187,1,1092,676
207,22,1071,650
224,29,1056,642
237,47,1044,635
240,65,1040,624
234,84,1044,602
233,87,1046,598
224,77,1055,611
216,71,1064,620
213,77,1066,614
219,76,1059,625
221,78,1058,634
225,93,1051,608
237,170,1041,535
242,122,1036,553
243,39,1037,633
171,1,1107,709
116,1,1162,720
68,1,1211,720
24,1,1255,720
1,1,1279,717
1,2,1277,716
1,1,1280,720
2,2,1276,717
2,2,1277,719
2,1,1276,716
2,2,1278,717
3,1,1276,718
2,3,1277,717
2,2,1276,716
1,2,1277,715
2,2,1276,715
1,2,1278,716
2,2,1275,715
1,3,1276,714
1,2,1273,714
15,1,1264,717
4,1,1275,717
1,1,1279,720
1,1,1277,718
1,2,1277,715
1,2,1277,715
1,3,1277,714
2,1,1275,716
3,4,1274,714
3,3,1274,715
2,1,1275,716
4,1,1274,720
1,1,1278,720
21,1,1256,718
35,1,1243,720
48,1,1230,720
70,1,1208,719
89,1,1189,718
114,1,1165,719
118,2,1160,715
109,1,1168,720
95,1,1182,719
102,1,1176,716
102,1,1175,720
76,1,1201,720
75,1,1204,718
69,1,1209,719
70,1,1207,717
69,1,1207,716
86,1,1192,717
110,1,1168,718
137,1,1142,718
190,1,1088,718
228,2,1050,717
240,1,1037,720
196,1,1083,720
170,1,1108,717
222,1,1055,718
272,1,1005,717
281,3,998,716
248,1,1031,716
182,7,1097,710
103,1,1176,717
50,1,1229,720
3,1,1276,720
2,2,1275,714
3,2,1274,718
2,2,1275,714
2,4,1276,714
4,3,1273,713
1,1,1278,720
2,1,1275,718
1,1,1279,717
3,1,1276,720
4,1,1272,717
4,1,1273,717
1,4,1278,713
1,1,1279,718
2,1,1276,719
3,2,1276,715
4,1,1273,717
1,1,1280,719
2,1,1276,719
1,1,1275,716
1,3,1278,714
2,1,1276,717
31,1,1247,717
98,1,1181,720
127,1,1144,719
166,1,1113,718
166,2,1113,715
152,1,1127,718
129,1,1145,719
104,1,1175,717
77,1,1202,719
72,1,1199,718
105,1,1173,720
181,1,1093,718
264,1,1011,720
278,3,1001,716
204,1,1075,720
150,1,1128,718
124,1,1156,721
128,1,1149,717
202,1,1074,719
214,1,1063,720
144,1,1135,719
149,1,1128,718
216,1,1061,719
264,2,1013,717
276,9,1003,710
208,3,1071,715
206,1,1073,715
209,1,1070,716
214,7,1064,711
243,37,1036,681
262,63,1017,656
284,76,995,641
306,91,972,627
315,100,962,619
317,112,960,607
342,102,898,616
363,141,882,578
375,139,903,580
372,135,906,583
368,131,911,588
366,129,913,590
361,133,918,586
343,130,936,588
326,134,953,585
309,146,968,573
285,154,994,565
274,156,1004,562
246,138,1022,579
219,123,1026,595
207,121,1025,598
185,96,1039,623
173,86,1032,632
167,77,1024,642
158,83,1035,636
146,86,1039,633
136,84,1044,636
133,87,1044,632
131,94,1047,626
127,86,1041,633
115,73,1031,645
110,63,1044,657
111,65,1052,654
103,72,1063,648
99,74,1059,646
104,78,1051,642
106,76,1058,643
120,78,1060,642
124,78,1064,642
143,66,1051,652
151,54,1078,665
172,56,1092,665
208,60,1070,660
258,51,1021,669
258,30,1021,689
246,3,1002,717
238,4,1010,713
247,1,1018,720
258,2,1021,716
274,3,1003,716
281,3,998,717
282,11,994,709
275,28,1004,692
287,33,993,687
304,42,973,677
300,50,980,669
298,63,981,656
288,60,989,656
274,54,1006,665
270,59,997,661
270,70,995,650
272,66,997,654
271,64,1005,655
261,59,1014,660
245,57,1025,663
237,52,1029,669
233,54,1030,664
236,61,1025,656
231,66,1028,653
220,64,1033,654
219,66,1028,654
212,75,1032,644
213,80,1031,640
214,83,1031,634
215,75,1055,644
229,110,1051,610
240,84,1037,635
244,36,1034,683
242,1,1037,718
250,2,1029,717
264,1,1014,720
273,1,1004,718
285,1,995,718
290,1,989,718
292,1,984,718
299,1,978,720
313,1,965,717
310,1,967,718
315,1,964,720
311,2,967,716
301,4,978,713
305,1,973,717
299,1,979,719
293,1,987,718
296,2,983,717
292,3,988,715
290,3,989,716
276,2,1002,718
248,2,1031,716
228,1,1051,695
221,1,1058,692
231,2,1047,687
234,1,1044,698
222,1,1056,717
196,1,1045,718
178,1,1008,719
187,1,1055,690
189,1,1091,672
191,1,1087,671
191,1,1087,684
181,1,1098,686
176,1,1104,680
180,1,1098,676
182,1,1097,676
188,1,1090,686
192,1,1086,701
195,1,1075,709
194,2,1082,701
194,1,1084,701
189,1,1088,707
181,1,1097,703
187,3,1091,698
194,2,1084,690
205,1,1067,686
223,1,998,693
246,7,980,683
257,1,1009,685
262,1,1016,694
248,1,1027,694
247,1,1032,699
249,1,1029,696
254,1,1025,698
245,1,1033,704
232,1,1046,702
223,1,1056,716
224,1,1055,718
226,1,1053,720
225,11,1053,708
223,1,1055,716
209,1,1068,718
195,16,1084,699
191,6,1087,713
178,1,1102,719
175,1,1103,717
179,1,1099,718
177,1,1101,717
172,1,1107,718
151,1,1127,718
154,1,1096,720
146,1,1097,718
153,2,1103,719
173,1,1105,719
209,1,1069,720
173,1,1106,718
125,1,1154,718
75,3,1205,714
50,4,1228,716
32,1,1248,719
32,4,1248,716
4,1,1276,719
3,3,1274,715
2,1,1277,720
3,2,1276,716
1,1,1277,719
2,2,1276,718
1,2,1279,718
1,4,1279,716
2,1,1278,720
1,2,1279,717
3,1,1276,719
2,4,1276,716
2,3,1278,717
2,1,1277,716
2,2,1276,717
3,1,1277,719
3,3,1277,717
1,3,1279,717
1,1,1279,719
2,1,1275,717
2,1,1278,720
2,1,1278,720
2,1,1278,719
2,2,1278,718
1,4,1280,701
1,1,1280,719
1,1,1280,716
1,1,1280,720
3,1,1277,719
