96,194,264,253
94,180,205,303
69,177,199,291
26,162,215,272
1,163,194,271
23,146,205,269
57,154,201,281
77,177,203,321
80,182,214,325
79,201,218,308
75,211,216,288
56,221,231,278
51,239,235,260
51,228,225,250
16,158,228,174
53,194,175,139
49,204,173,112
46,229,176,129
40,222,181,260
32,229,238,236
24,228,323,301
15,224,314,236
13,232,315,240
2,225,316,241
1,223,305,242
1,226,299,238
1,222,309,240
2,229,312,237
12,243,301,224
29,255,241,158
54,234,155,123
41,328,29,21
231,256,128,179
84,234,277,199
1,242,359,196
1,223,355,203
16,216,343,204
11,224,349,184
64,223,293,164
135,255,222,127
197,348,161,97
227,338,132,90
216,335,141,81
200,296,159,92
189,274,170,90
174,270,185,91
163,267,196,92
145,266,213,100
141,264,216,113
130,260,228,119
130,261,226,117
130,263,229,114
118,266,243,112
113,267,245,115
110,268,253,113
113,270,244,114
113,268,246,115
124,267,235,104
135,280,229,100
131,298,228,122
