885,418,12,31
881,418,12,30
879,420,10,28
873,419,12,30
870,420,8,27
864,421,14,29
859,419,14,30
855,417,14,32
851,416,14,32
847,416,12,31
840,416,11,29
836,410,13,34
829,408,10,33
823,405,12,35
817,406,13,32
813,403,15,33
806,394,14,42
803,400,11,35
796,396,11,38
789,392,15,40
783,395,17,37
779,394,15,39
775,390,13,43
769,392,14,41
765,392,12,41
757,388,16,45
751,386,17,45
748,387,16,45
744,384,15,48
736,385,18,47
734,384,16,49
727,382,15,52
724,383,17,51
720,382,17,53
717,379,15,57
708,381,21,57
705,380,23,59
699,379,20,61
692,378,23,63
685,374,23,68
679,371,24,72
670,369,24,74
655,368,35,78
653,364,28,82
643,363,28,86
629,360,37,92
620,358,38,96
613,354,33,104
592,353,42,110
581,345,41,125
565,346,44,130
542,342,57,147
515,335,65,163
493,328,60,181
