97,144,57,18
111,148,44,14
111,145,39,13
105,142,40,15
102,144,41,13
102,145,40,11
98,147,47,11
102,146,49,11
114,143,44,15
124,139,36,14
126,141,33,14
125,144,37,13
129,145,35,12
131,144,30,14
131,146,30,14
130,148,30,13
133,151,31,11
138,150,30,13
142,156,29,12
144,159,29,12
143,163,31,11
141,165,37,12
138,167,42,13
98,172,78,14
111,184,58,10
76,189,92,10
116,193,49,9
118,196,48,10
120,196,51,11
116,199,57,11
120,203,55,12
127,206,53,10
130,208,54,10
134,206,55,9
141,203,49,10
144,200,44,11
142,196,46,11
147,192,45,13
151,191,47,10
156,193,44,11
163,194,40,13
165,198,42,14
143,195,65,20
152,203,56,16
164,204,44,15
162,206,44,15
161,202,40,15
160,196,40,17
