390,225,86,12
405,227,84,13
415,236,84,10
414,236,85,10
409,236,96,12
426,239,84,10
429,243,85,9
430,242,84,11
430,242,81,12
427,238,84,14
424,235,83,14
422,235,84,13
422,234,84,14
424,232,83,13
426,232,80,14
431,231,78,17
435,232,76,16
441,232,74,16
446,232,74,15
445,231,74,13
445,231,76,11
447,232,73,10
448,233,72,9
448,233,71,9
448,233,70,10
448,234,70,9
451,235,69,10
451,234,69,10
447,235,71,9
445,236,74,10
452,235,67,9
451,236,68,6
454,237,66,6
457,237,65,6
462,236,62,7
467,238,61,6
468,239,61,5
470,239,60,3
474,238,57,3
476,238,56,5
475,237,58,6
477,237,58,7
478,237,55,7
478,239,57,7
482,238,56,9
486,235,50,13
490,233,47,15
490,233,48,16
490,235,49,16
488,237,52,15
485,239,54,13
483,242,54,11
486,245,53,8
492,247,49,6
489,247,54,6
495,245,51,6
498,244,50,7
497,243,51,7
490,243,58,6
489,243,61,4
492,242,55,6
494,242,56,6
493,241,57,7
494,240,56,6
494,240,53,5
493,241,55,4
492,240,55,5
493,240,55,5
494,240,51,4
493,240,54,4
492,241,56,4
492,239,55,5
494,238,53,5
495,239,53,4
495,238,54,6
499,239,53,5
501,239,53,4
503,239,54,4
506,240,52,4
507,241,53,4
508,242,51,4
510,243,52,4
510,244,51,4
508,245,52,3
508,245,53,3
510,245,50,4
513,245,48,4
513,245,48,4
516,246,47,3
517,245,47,3
518,244,46,3
0,0,0,0
522,242,44,3
520,241,46,3
517,240,47,4
512,241,47,3
508,241,52,3
510,241,52,3
513,241,50,4
516,242,51,3
520,243,51,3
524,244,47,3
0,0,0,0
528,246,43,3
527,246,45,3
525,246,46,3
523,246,45,3
0,0,0,0
525,244,42,3
526,243,42,4
526,240,42,6
526,238,42,8
525,235,43,10
524,233,42,10
527,233,40,11
530,234,40,11
532,235,41,11
535,234,39,12
526,231,49,14
522,230,55,15
524,228,55,17
526,228,55,18
526,226,56,18
530,227,54,17
535,227,52,17
533,226,53,16
540,227,45,14
541,226,43,14
533,223,51,16
531,223,53,15
530,223,53,14
529,222,54,13
529,222,53,12
529,223,54,12
530,223,54,12
531,225,52,12
531,224,54,12
532,224,54,12
532,225,53,11
534,226,52,10
535,227,52,11
534,228,51,11
533,229,50,11
531,229,49,10
530,230,46,9
526,229,50,10
524,232,52,8
524,233,51,8
522,233,51,8
521,231,50,8
523,232,50,8
526,233,45,7
526,233,48,7
524,233,50,7
525,233,48,7
524,233,50,6
523,233,48,7
524,234,44,7
525,234,47,7
528,234,43,6
529,235,43,6
529,234,43,5
531,234,41,5
532,234,39,5
534,234,39,5
533,235,39,5
532,236,38,3
531,235,40,4
532,234,37,5
534,234,36,5
535,236,35,4
538,236,34,3
539,236,31,4
