228,296,69,85
359,665,116,55
957,455,69,74
916,153,41,52
508,141,60,53
216,372,53,74
394,683,106,37
942,364,46,85
0,0,0,0
265,253,72,74
204,637,83,78
786,550,99,92
891,189,61,69
493,124,74,51
182,362,56,89
394,671,95,49
965,442,63,97
0,0,0,0
360,211,66,71
185,590,59,105
760,613,101,76
868,189,63,70
447,137,68,44
164,373,51,85
368,700,90,20
863,461,68,78
872,172,52,64
0,0,0,0
222,232,69,79
195,536,72,58
730,508,99,73
889,232,49,65
608,108,59,42
262,233,74,73
272,610,89,69
931,441,81,95
804,130,67,54
330,186,72,59
160,512,57,84
670,583,83,63
956,265,42,77
659,107,61,47
300,187,64,59
164,463,51,75
631,537,102,60
957,253,35,77
0,0,0,0
334,142,64,67
112,420,49,91
515,662,127,48
977,292,42,92
640,123,56,40
221,231,88,85
133,634,74,70
730,552,108,86
848,171,61,76
437,118,56,53
106,333,56,77
262,642,131,63
827,370,68,101
0,0,0,0
348,65,77,56
66,307,60,80
386,608,104,59
927,264,38,81
644,43,47,58
210,120,83,89
171,514,96,79
856,389,87,84
840,53,58,53
361,61,74,67
127,351,51,90
482,561,98,65
896,344,54,74
821,108,58,70
0,0,0,0
140,271,73,78
316,602,146,73
903,340,46,83
635,90,34,48
211,171,94,90
132,575,119,82
759,542,109,80
847,168,72,78
419,110,67,53
76,334,59,91
309,662,117,58
916,351,54,89
0,0,0,0
226,162,85,82
108,552,94,78
740,524,107,79
847,150,69,65
410,91,76,54
108,367,49,88
455,652,113,61
958,314,48,91
0,0,0,0
260,145,90,76
74,515,67,92
671,605,113,80
915,186,63,84
0,0,0,0
80,285,75,90
