263,572,75,120
312,657,103,45
742,654,108,48
855,535,56,61
529,512,78,54
312,586,35,84
0,0,0,0
960,527,52,60
597,509,104,69
342,593,44,78
707,668,118,34
939,534,31,27
582,491,97,61
341,556,36,69
710,637,67,65
882,504,27,27
501,468,75,54
363,568,72,71
0,0,0,0
751,452,74,74
427,453,89,39
435,540,134,64
960,499,18,16
710,438,93,52
403,481,51,55
673,589,95,76
860,464,79,41
508,459,86,51
361,557,53,72
0,0,0,0
834,457,63,45
507,448,74,62
340,536,24,90
641,560,89,60
810,475,45,61
570,453,67,52
368,500,34,66
545,556,110,61
0,0,0,0
687,452,81,34
401,492,63,53
519,561,111,58
0,0,0,0
652,457,57,34
343,521,53,85
515,612,121,73
858,514,9,13
577,480,76,47
