252,347,22,23
453,320,20,21
327,269,15,14
230,345,20,21
483,316,21,19
287,270,13,16
273,356,21,23
492,303,18,19
259,284,16,18
241,397,26,25
479,312,17,20
298,289,15,18
134,414,26,30
477,402,25,25
453,310,21,23
235,335,19,23
0,0,0,0
494,445,27,29
464,337,25,25
198,358,19,31
0,0,0,0
523,423,30,32
0,0,0,0
143,371,31,33
0,0,0,0
400,321,23,25
79,453,28,27
0,0,0,0
656,383,28,28
0,0,0,0
193,423,26,26
0,0,0,0
597,377,29,24
463,310,20,22
328,312,19,20
241,356,23,24
527,336,25,22
0,0,0,0
271,310,23,25
495,329,21,22
380,262,18,19
182,306,20,22
187,366,23,24
355,330,22,21
183,270,15,20
158,369,21,25
322,268,15,20
97,290,15,20
38,399,25,27
302,375,24,26
359,312,18,22
179,317,13,21
30,436,26,26
273,463,31,17
422,383,24,26
319,342,18,23
0,0,0,0
486,415,29,33
136,381,25,26
0,0,0,0
0,0,0,0
495,346,22,24
332,311,13,11
190,349,25,24
414,439,28,32
574,286,19,20
297,318,20,19
311,412,28,32
538,364,24,26
447,271,18,20
267,290,18,20
212,345,22,22
350,347,23,23
372,246,16,19
131,303,19,21
310,340,19,23
434,288,18,19
310,274,13,16
137,322,20,19
211,379,22,25
409,368,21,25
399,316,19,21
24,365,27,28
0,0,0,0
322,347,21,22
101,369,22,26
1,469,16,11
0,0,0,0
0,0,0,0
0,0,0,0
547,455,29,25
0,0,0,0
370,430,23,23
0,0,0,0
0,0,0,0
326,371,24,28
0,0,0,0
0,0,0,0
494,374,19,23
219,384,22,23
0,0,0,0
0,0,0,0
421,350,22,21
135,377,22,19
362,458,29,22
