1076,320,59,51
728,220,38,46
868,167,39,39
1084,289,34,53
737,240,45,63
834,144,36,33
1117,259,35,52
892,330,69,48
771,171,45,54
1072,202,50,57
1165,377,47,38
822,229,35,58
1011,171,20,26
1247,309,33,58
956,340,84,61
878,162,43,50
1202,220,42,66
1191,394,59,58
855,215,34,72
1029,151,43,24
1247,291,33,55
961,332,85,58
789,152,37,56
1035,178,45,40
1143,343,49,55
785,227,41,68
917,129,61,41
1187,258,40,60
980,342,88,55
806,159,40,69
1108,197,56,61
1224,415,56,46
837,244,46,70
970,168,44,39
1159,306,46,80
811,318,78,56
732,146,40,58
1033,187,41,66
1007,360,70,47
685,189,32,53
874,157,18,15
1115,307,39,78
752,256,57,73
814,114,45,38
1151,255,39,79
864,333,87,56
803,128,53,60
1135,202,43,68
1055,362,79,38
769,153,29,68
1051,122,19,40
1251,287,29,64
928,255,69,67
872,88,61,61
1169,146,53,50
