477,440,30,35
483,577,39,46
147,476,37,40
359,425,17,24
551,457,24,35
486,620,28,11
137,531,40,38
330,432,25,26
537,468,25,35
535,614,42,15
157,565,41,41
289,430,25,26
521,456,23,33
465,617,37,12
137,495,36,34
381,408,15,27
552,470,29,37
460,601,41,31
169,512,40,36
331,413,12,22
542,439,25,33
595,550,39,49
247,580,40,43
209,447,29,32
408,418,26,27
574,497,34,38
322,598,48,32
203,442,34,36
445,434,27,29
573,542,40,44
220,614,37,15
225,424,27,28
478,442,28,29
549,532,35,43
0,0,0,0
137,545,43,41
255,448,29,30
458,449,25,33
512,614,41,17
117,519,41,38
399,419,26,29
577,509,37,41
203,612,44,18
242,416,27,30
508,431,24,32
568,540,33,41
0,0,0,0
174,546,36,42
233,430,25,33
396,428,25,26
524,475,26,35
425,545,39,38
194,518,39,41
200,460,31,32
359,428,16,26
544,505,34,41
176,525,42,41
264,398,21,27
526,431,28,31
423,608,40,21
97,508,39,32
370,412,25,25
538,492,32,37
363,620,23,10
155,477,36,32
381,396,21,28
545,454,33,35
534,562,38,42
192,545,37,39
256,428,25,28
454,411,25,27
577,491,30,39
314,577,40,42
200,440,26,31
430,415,25,26
578,495,33,43
336,597,44,34
192,454,31,35
412,422,25,24
577,481,27,36
496,621,38,11
164,517,41,35
0,0,0,0
553,448,29,32
620,574,42,47
0,0,0,0
167,508,37,41
328,442,28,24
495,454,27,32
589,561,42,50
320,621,14,9
182,516,38,39
304,454,16,27
503,471,30,35
344,535,65,37
136,503,40,37
456,437,29,32
601,543,42,49
0,0,0,0
184,484,36,34
413,431,27,27
574,488,32,41
0,0,0,0
179,580,43,43
270,443,27,28
489,437,23,32
599,522,33,42
0,0,0,0
149,524,38,38
300,448,29,24
488,457,26,33
574,582,40,50
0,0,0,0
180,473,33,33
