780,475,33,38
456,430,36,39
198,605,49,56
0,0,0,0
902,558,41,49
621,431,28,38
248,540,43,54
0,0,0,0
877,511,39,34
494,406,39,40
210,574,48,53
0,0,0,0
896,508,42,40
580,397,44,38
288,532,43,48
0,0,0,0
910,524,37,38
577,408,34,37
246,558,44,45
0,0,0,0
879,537,44,42
558,421,27,36
228,537,46,46
0,0,0,0
820,642,47,49
700,447,35,36
377,453,37,42
130,654,51,55
0,0,0,0
767,495,36,43
445,436,37,41
176,629,52,58
730,703,59,17
733,458,36,39
350,463,38,40
0,0,0,0
850,657,50,50
702,445,35,39
349,468,37,41
238,694,65,26
786,702,55,18
798,484,36,41
478,432,36,41
186,581,48,54
0,0,0,0
857,613,44,53
652,462,39,41
242,548,49,50
0,0,0,0
857,560,42,47
509,439,39,44
206,623,53,62
0,0,0,0
878,555,42,47
556,444,37,42
222,619,49,55
0,0,0,0
830,513,43,44
430,456,42,39
0,0,0,0
882,699,50,21
0,0,0,0
277,531,45,49
0,0,0,0
943,660,52,56
747,446,36,37
415,465,42,41
0,0,0,0
0,0,0,0
909,524,43,47
581,447,42,39
288,611,49,56
0,0,0,0
834,474,39,38
428,462,39,46
0,0,0,0
908,700,49,20
0,0,0,0
222,597,52,63
0,0,0,0
0,0,0,0
0,0,0,0
0,0,0,0
0,0,0,0
0,0,0,0
0,0,0,0
0,0,0,0
0,0,0,0
0,0,0,0
0,0,0,0
841,514,89,83
1,408,30,83
0,0,0,0
1112,93,91,92
0,0,0,0
0,0,0,0
0,0,0,0
0,0,0,0
175,1,95,37
0,0,0,0
0,0,0,0
1097,78,84,82
395,9,77,76
0,0,0,0
0,0,0,0
1029,91,77,78
286,54,70,78
0,0,0,0
0,0,0,0
1217,279,63,83
549,88,73,70
0,0,0,0
0,0,0,0
1249,520,31,92
0,0,0,0
50,348,91,89
0,0,0,0
1112,525,84,88
0,0,0,0
224,366,67,62
0,0,0,0
932,634,70,72
811,397,46,46
381,428,55,49
0,0,0,0
969,645,53,59
0,0,0,0
306,534,46,49
0,0,0,0
1014,707,46,13
869,461,42,43
526,445,44,39
341,657,53,61
0,0,0,0
922,519,40,42
575,471,36,38
354,632,46,49
0,0,0,0
0,0,0,0
957,580,42,43
589,557,41,45
0,0,0,0
0,0,0,0
926,597,48,48
559,487,45,35
263,624,43,53
0,0,0,0
952,645,42,53
697,490,39,37
