1093,269,74,90
0,0,0,0
186,228,76,86
475,395,134,98
1100,268,83,90
704,198,39,57
244,234,70,74
329,385,135,108
1063,346,91,91
889,245,58,60
437,226,79,57
117,316,78,90
510,437,139,98
1025,344,89,99
782,250,67,63
269,246,87,66
218,397,128,95
1042,334,94,98
789,231,67,59
250,252,94,73
92,407,129,103
1011,351,107,106
867,237,69,62
377,242,91,67
25,334,90,93
438,448,148,104
1099,351,91,95
886,259,63,63
0,0,0,0
70,357,92,98
815,430,151,104
1053,271,91,73
615,234,67,54
156,294,75,78
347,437,144,102
1150,326,98,100
912,224,65,64
467,214,63,60
123,287,84,80
416,396,124,96
1077,324,99,100
938,227,64,67
500,213,64,55
103,312,91,100
977,337,125,96
925,206,72,59
373,212,87,63
78,333,96,99
862,371,112,94
1020,236,67,71
572,218,57,53
106,288,79,87
486,411,142,104
1085,291,84,82
0,0,0,0
234,255,89,72
140,380,143,104
977,377,111,93
946,251,68,66
458,235,40,49
102,336,94,100
917,396,110,95
999,258,68,61
519,238,49,66
123,305,74,84
507,425,120,95
1132,325,86,90
838,248,58,55
346,248,79,72
134,364,101,105
893,409,116,100
1035,276,77,67
610,234,77,63
144,290,71,84
416,432,127,95
1107,334,87,87
832,245,57,68
360,256,80,68
129,351,85,91
666,447,114,94
1106,340,87,88
805,258,71,69
