538,106,316,99
614,121,314,102
639,121,302,126
641,124,297,120
635,124,302,121
678,129,283,106
736,160,299,105
796,202,278,104
792,224,283,112
833,250,216,135
881,270,175,146
898,285,147,131
902,287,150,122
885,281,149,116
878,277,118,111
795,276,209,127
725,292,303,117
638,306,338,103
563,318,362,99
524,320,355,123
504,327,354,122
501,366,183,112
409,409,156,83
330,388,179,106
289,368,222,120
283,365,202,85
282,357,211,89
283,357,200,85
281,357,203,74
286,357,203,76
288,351,209,72
299,349,204,94
325,345,174,72
340,347,171,71
368,347,164,68
