905,222,35,41
911,212,32,43
920,203,29,43
927,197,45,44
937,188,50,45
939,171,49,44
920,161,48,47
886,163,23,40
822,166,23,32
820,250,33,22
0,0,0,0
845,105,18,36
898,188,18,21
964,198,15,34
991,210,19,38
963,187,15,35
0,0,0,0
874,176,25,29
914,266,31,33
983,252,34,14
0,0,0,0
883,130,33,31
986,168,35,30
1067,187,26,35
1138,208,40,36
1165,221,42,35
1128,215,24,31
0,0,0,0
1006,209,29,23
0,0,0,0
0,0,0,0
706,177,21,22
668,209,29,21
689,218,20,23
751,168,22,28
0,0,0,0
0,0,0,0
0,0,0,0
990,134,20,26
949,106,25,25
0,0,0,0
0,0,0,0
0,0,0,0
657,125,14,19
