381,210,194,140
381,209,195,140
390,208,188,137
394,205,190,137
412,202,178,139
416,176,189,161
420,157,191,171
438,105,209,178
468,61,251,216
527,68,296,261
550,129,340,280
565,183,358,300
549,221,368,309
511,224,377,327
437,215,384,341
413,212,382,336
407,202,385,333
429,183,379,333
431,173,353,319
344,260,379,296
330,273,398,307
374,227,402,379
485,241,402,387
479,211,397,390
473,196,390,402
476,215,394,387
459,239,322,366
470,206,232,423
533,244,144,410
460,226,263,340
422,216,399,378
458,222,391,361
493,227,364,378
514,231,358,403
490,279,379,374
488,319,389,351
497,336,383,330
448,345,372,308
432,336,377,290
448,331,366,284
442,311,377,293
445,319,365,304
467,297,369,300
474,312,391,313
485,316,389,297
508,326,371,281
491,328,374,269
499,330,375,246
504,331,379,258
507,338,378,271
510,344,382,284
503,339,398,326
493,319,415,360
473,339,396,366
485,350,382,368
523,343,394,350
528,356,381,346
552,351,341,338
552,342,306,305
532,308,263,297
540,353,259,269
548,369,266,275
559,338,234,281
571,336,209,258
569,326,195,252
565,320,232,275
563,308,263,309
595,332,265,311
593,338,270,317
585,364,270,326
570,338,283,335
589,285,280,349
589,273,296,348
570,276,311,385
576,293,337,411
601,296,375,416
591,286,415,423
537,266,478,453
550,296,440,424
525,297,453,417
450,258,467,435
414,174,501,474
426,172,421,507
425,217,548,494
381,244,476,476
349,242,484,468
342,237,447,459
315,247,414,449
346,269,428,448
350,266,340,453
358,277,335,443
340,298,323,422
324,293,340,427
310,302,337,418
299,289,343,431
291,270,354,450
290,288,361,432
290,298,412,422
317,291,360,429
317,325,321,395
282,370,396,350
216,375,350,345
249,380,354,340
209,371,388,349
251,233,395,435
297,229,399,424
323,218,392,411
321,202,394,409
325,192,387,402
343,182,369,400
368,195,376,403
352,180,347,424
351,208,297,415
323,225,345,425
292,264,361,413
263,274,361,420
255,296,354,400
280,284,336,404
289,266,337,411
315,275,329,419
342,266,339,410
323,259,335,386
303,248,335,397
311,261,345,400
309,265,346,404
299,261,328,408
303,262,363,404
308,252,344,404
309,255,361,404
316,240,353,413
328,245,349,418
330,249,349,415
342,249,335,414
346,259,351,408
365,255,370,408
366,250,381,413
369,252,345,406
364,246,343,405
354,245,358,398
354,240,340,391
375,240,340,397
383,242,338,397
386,234,336,407
382,231,339,410
374,225,346,405
348,231,357,404
369,244,360,375
377,285,373,240
360,360,275,115
364,350,345,253
351,354,334,291
333,323,326,294
338,306,320,306
339,322,323,343
384,344,305,292
394,414,328,191
357,430,314,198
364,449,319,210
354,421,290,233
355,424,290,229
374,373,290,253
418,376,228,295
397,395,261,281
391,363,323,262
408,371,316,290
399,354,318,304
394,375,320,338
377,400,350,320
378,420,359,300
387,356,317,364
378,332,325,388
375,212,332,348
443,229,370,405
413,291,406,397
366,304,437,365
368,297,432,391
380,307,440,398
395,318,445,395
393,314,448,383
457,263,450,377
522,268,434,362
490,301,423,364
454,324,427,370
450,255,423,414
420,305,408,373
402,289,427,382
421,257,401,389
419,268,405,378
419,250,399,407
406,285,409,395
469,256,304,390
417,247,343,352
391,217,408,378
408,212,408,378
391,191,412,369
370,181,411,366
372,171,410,375
338,186,426,378
317,227,393,345
306,204,375,359
297,208,368,376
299,224,375,372
277,227,402,364
319,291,398,318
335,297,380,321
383,296,377,312
418,322,359,302
459,342,347,273
458,380,356,293
437,350,363,305
448,353,372,281
462,314,401,324
505,382,393,254
534,408,375,236
556,411,374,236
566,368,370,254
587,342,372,251
575,355,403,300
605,351,391,321
673,356,324,326
679,313,310,364
648,323,360,337
623,305,371,316
571,319,388,313
562,309,390,299
590,339,384,306
613,353,380,292
618,370,397,311
633,368,388,304
605,349,409,301
571,326,388,295
556,291,378,295
625,266,293,310
555,281,363,301
548,322,415,273
597,308,366,295
609,284,367,278
608,277,359,260
526,280,421,271
521,282,419,280
571,280,339,281
554,288,349,263
505,308,409,247
481,318,420,259
523,289,409,286
531,290,407,289
564,296,375,263
597,209,286,301
613,146,266,336
645,85,238,415
632,49,240,417
603,31,228,436
558,42,226,434
560,76,345,450
604,146,410,399
633,197,416,359
631,222,416,344
628,224,406,349
644,226,390,353
612,207,416,376
625,222,414,372
620,221,418,376
621,215,423,391
601,195,425,405
604,180,435,425
653,182,459,427
657,184,456,422
669,185,452,416
704,173,472,422
730,132,488,474
706,130,505,484
575,76,479,480
567,49,489,507
513,43,460,467
438,36,436,454
396,37,448,465
375,50,453,465
327,98,472,485
316,134,471,433
338,153,475,413
425,181,468,385
469,186,468,390
474,155,492,409
477,165,506,419
470,169,506,429
468,169,505,418
474,158,501,422
468,164,499,415
461,167,504,423
479,164,484,383
473,157,421,342
428,235,412,325
409,223,382,359
411,205,410,401
441,162,442,438
485,162,440,452
478,176,430,446
472,183,416,448
444,141,379,486
412,156,363,495
