439,391,13,12
0,0,0,0
311,501,16,18
442,329,20,19
547,221,17,13
603,177,12,11
641,158,10,11
664,156,13,10
680,163,11,11
686,137,8,9
681,104,10,12
685,94,10,11
0,0,0,0
0,0,0,0
726,183,13,17
741,263,14,14
777,405,13,20
807,411,12,11
844,417,13,13
0,0,0,0
682,263,16,15
592,196,11,16
527,167,13,13
494,168,13,12
474,154,11,10
464,118,11,13
459,97,6,10
487,94,8,9
531,112,10,10
567,148,10,12
604,208,11,12
651,294,13,13
707,411,11,18
753,464,17,13
0,0,0,0
740,314,12,18
699,237,12,12
679,199,12,15
667,181,10,16
659,183,10,11
657,143,11,13
660,117,10,13
664,104,8,11
662,107,11,11
0,0,0,0
671,174,11,11
680,238,10,11
689,327,13,14
704,449,14,19
714,452,12,12
721,469,16,13
639,304,14,17
596,218,13,10
571,168,11,14
556,153,11,11
544,150,10,10
538,147,11,13
534,100,10,12
534,86,10,11
547,94,11,10
0,0,0,0
583,164,13,12
611,235,11,19
649,369,11,16
678,391,14,15
712,402,12,12
704,377,16,18
0,0,0,0
548,190,11,12
507,156,12,10
491,147,12,13
483,110,14,12
488,90,10,14
491,86,13,12
498,88,13,16
513,119,10,12
527,158,10,15
542,228,14,13
564,315,12,16
588,390,13,15
603,365,14,15
627,369,13,12
647,318,14,15
672,255,12,12
692,214,12,13
717,195,11,13
744,196,12,12
