602,243,10,8
528,212,14,11
488,169,10,8
465,114,12,13
486,115,11,12
524,152,8,9
563,219,15,11
612,333,15,12
667,483,14,10
703,418,16,19
690,249,14,14
0,0,0,0
684,123,12,12
683,117,12,9
0,0,0,0
685,156,9,10
684,132,12,11
681,94,12,11
704,122,11,11
731,185,12,16
757,293,13,19
786,375,11,13
817,397,12,13
851,461,13,17
754,316,19,18
678,211,11,13
633,170,14,11
604,162,13,10
587,148,10,11
580,110,12,10
599,142,10,9
0,0,0,0
655,194,11,9
686,279,10,14
717,387,12,12
751,382,10,11
786,408,15,15
803,387,13,16
774,244,14,13
762,191,13,11
760,176,11,11
755,144,12,14
753,112,14,12
755,101,11,11
753,129,11,14
