285,259,102,114
278,256,103,114
273,254,104,114
266,251,105,115
267,247,105,116
269,243,105,116
268,239,107,118
268,234,138,203
270,227,140,204
276,221,144,208
283,215,145,207
292,209,144,210
298,204,143,207
308,200,140,210
323,196,140,213
335,195,136,209
347,194,134,213
364,194,122,217
376,195,117,214
388,197,110,217
405,200,105,213
416,203,106,212
427,206,104,214
441,209,102,218
451,210,101,220
462,212,100,217
477,213,99,222
487,214,98,221
496,214,98,222
493,214,110,223
492,215,115,224
490,214,122,223
488,217,133,219
489,217,135,218
483,214,149,221
485,214,152,223
484,214,156,222
479,210,164,227
481,206,160,230
480,202,165,230
484,196,164,235
481,191,169,239
483,189,161,236
486,186,163,240
487,178,160,242
490,174,159,246
489,170,157,247
490,168,155,244
499,163,150,243
498,157,155,248
513,156,147,235
518,156,151,225
521,157,160,242
531,165,168,236
537,174,176,224
544,185,186,211
548,213,207,188
552,246,222,169
552,289,236,140
541,356,246,94
525,405,246,101
495,450,246,111
447,463,218,153
416,443,151,184
382,407,47,193
229,347,214,114
234,235,246,97
