671,341,61,62
675,361,51,85
716,377,28,31
624,508,65,56
609,512,81,46
585,505,74,36
550,506,77,25
536,505,56,23
536,480,37,23
542,459,25,16
0,0,0,0
614,440,21,24
635,399,37,64
658,374,37,78
698,352,34,86
709,369,44,106
671,537,21,69
642,361,60,73
445,467,81,86
494,529,53,47
450,539,87,44
451,539,94,16
468,518,83,26
486,506,51,49
490,502,37,38
492,511,17,16
492,536,24,27
509,508,16,17
0,0,0,0
512,493,22,14
531,436,39,67
525,387,47,104
553,361,37,121
503,396,60,129
327,595,84,75
477,435,124,59
163,478,128,87
165,566,87,79
161,591,116,41
193,577,116,28
253,524,84,59
307,525,49,20
368,536,20,16
414,553,31,21
451,534,26,27
0,0,0,0
480,501,19,21
380,543,76,50
255,549,141,62
123,508,103,75
1,428,37,79
0,0,0,0
0,0,0,0
0,0,0,0
0,0,0,0
0,0,0,0
0,0,0,0
0,0,0,0
0,0,0,0
0,0,0,0
0,0,0,0
0,0,0,0
0,0,0,0
0,0,0,0
0,0,0,0
0,0,0,0
0,0,0,0
27,553,163,110
237,541,53,119
426,589,53,92
678,708,43,12
