544,332,46,113
573,337,42,111
592,346,33,102
604,355,37,91
610,355,42,78
606,344,45,59
606,337,46,31
607,326,42,38
604,326,53,35
603,330,52,33
604,339,56,32
611,338,49,38
619,345,32,35
629,350,51,38
632,350,86,26
654,319,93,26
682,256,81,54
676,208,67,77
645,174,46,91
586,162,53,74
0,0,0,0
0,0,0,0
0,0,0,0
495,296,39,49
473,354,61,46
460,350,45,35
0,0,0,0
0,0,0,0
0,0,0,0
483,358,24,28
521,303,60,21
540,250,64,27
575,237,69,36
677,266,36,36
718,321,81,37
578,215,30,72
623,304,76,44
604,320,67,33
494,315,80,39
491,315,57,33
474,305,19,15
416,432,157,47
0,0,0,0
0,0,0,0
0,0,0,0
434,333,20,43
465,332,26,44
495,329,28,46
524,331,34,46
573,333,32,45
642,329,52,22
601,258,64,33
593,246,68,29
633,255,29,32
624,291,71,34
654,330,24,20
531,244,32,44
532,312,35,38
525,333,36,23
525,351,36,24
504,350,37,24
0,0,0,0
0,0,0,0
0,0,0,0
481,339,27,25
0,0,0,0
0,0,0,0
0,0,0,0
389,295,16,26
371,295,18,23
363,287,16,36
341,275,16,23
