695,358,10,13
740,361,13,12
0,0,0,0
871,320,20,13
914,308,16,16
0,0,0,0
727,239,10,8
695,256,8,10
675,285,9,7
0,0,0,0
0,0,0,0
0,0,0,0
0,0,0,0
0,0,0,0
0,0,0,0
0,0,0,0
539,330,12,10
499,389,10,11
458,345,12,13
408,324,12,11
333,330,16,14
218,391,20,17
498,267,19,12
0,0,0,0
645,244,9,11
671,261,9,8
687,285,10,7
0,0,0,0
706,337,8,8
0,0,0,0
0,0,0,0
0,0,0,0
667,292,8,7
0,0,0,0
576,374,12,10
521,343,12,12
0,0,0,0
0,0,0,0
0,0,0,0
0,0,0,0
494,284,17,11
559,287,11,10
592,305,9,10
609,327,11,8
622,342,8,7
0,0,0,0
0,0,0,0
637,299,12,9
623,284,9,7
610,266,10,10
594,269,9,9
0,0,0,0
539,381,13,15
0,0,0,0
398,335,23,21
0,0,0,0
601,216,14,9
642,225,11,11
659,245,9,7
667,270,10,7
673,296,8,8
0,0,0,0
675,326,9,9
675,310,10,6
682,297,8,8
0,0,0,0
737,290,9,9
0,0,0,0
749,281,10,10
