310,439,11,10
420,322,15,13
516,247,13,12
580,221,10,13
623,216,9,10
647,152,12,12
666,124,11,10
671,114,10,10
630,125,14,13
590,173,10,12
546,257,12,15
495,386,22,22
456,463,16,13
414,483,15,16
495,353,22,22
598,243,10,14
668,186,17,15
720,173,10,11
758,182,13,13
784,162,10,14
803,112,11,15
819,92,11,10
829,117,11,15
834,182,16,18
846,285,11,20
859,421,12,14
879,453,9,17
873,490,25,28
772,346,18,19
691,258,19,17
634,212,11,13
580,188,15,15
535,187,15,13
502,204,12,13
476,188,13,15
0,0,0,0
440,146,10,11
426,149,14,10
418,171,12,11
414,232,10,13
410,332,14,22
411,491,12,26
412,519,14,10
500,362,18,20
