386,269,35,84
372,237,42,102
345,220,56,92
313,223,47,96
0,0,0,0
269,300,86,58
0,0,0,0
0,0,0,0
403,297,50,32
0,0,0,0
483,304,30,54
498,315,29,45
498,317,28,46
482,304,40,68
466,321,40,55
453,336,53,55
423,325,62,49
408,301,38,69
379,276,38,85
355,232,41,98
321,208,56,109
289,211,50,98
0,0,0,0
257,318,96,47
0,0,0,0
395,287,92,45
392,298,61,38
0,0,0,0
477,292,29,61
504,312,30,59
500,320,38,63
484,303,39,70
457,302,53,73
427,337,71,59
405,335,67,46
394,302,55,60
377,274,37,86
365,240,31,100
333,212,51,97
307,202,48,98
306,216,34,92
0,0,0,0
278,325,96,48
508,293,95,46
420,303,54,45
427,296,51,37
0,0,0,0
501,294,34,42
