792,362,98,86
762,433,92,135
730,293,163,72
725,135,115,145
677,150,78,159
615,241,63,139
585,377,37,73
0,0,0,0
0,0,0,0
0,0,0,0
0,0,0,0
0,0,0,0
0,0,0,0
0,0,0,0
0,0,0,0
0,0,0,0
0,0,0,0
0,0,0,0
0,0,0,0
0,0,0,0
758,334,61,88
823,368,150,64
882,440,86,95
854,294,137,58
743,96,47,123
602,226,130,49
614,313,80,69
591,341,81,31
579,332,70,27
563,325,67,29
544,326,57,28
536,320,19,18
0,0,0,0
0,0,0,0
465,322,42,52
400,312,56,56
336,286,40,55
0,0,0,0
220,288,27,26
69,249,74,130
1,185,68,109
1,187,57,80
0,0,0,0
150,194,111,82
0,0,0,0
0,0,0,0
0,0,0,0
1,186,42,30
75,180,97,152
175,256,36,159
185,293,59,144
190,287,57,146
219,261,41,164
228,298,69,152
255,320,90,138
317,299,57,143
381,281,36,125
399,325,65,70
388,409,92,67
352,399,62,152
303,389,71,132
339,387,70,130
