156,355,20,10
213,242,16,15
306,168,17,11
371,135,16,9
422,124,13,12
460,134,13,9
491,152,11,11
517,181,9,12
537,220,9,11
554,259,9,10
561,254,11,9
562,231,9,8
564,223,9,8
565,226,8,8
567,237,8,12
569,234,10,12
560,244,13,8
572,200,10,9
580,201,8,11
586,218,8,11
592,257,11,14
601,322,11,14
607,297,12,13
616,273,11,11
622,270,13,12
631,292,15,15
607,184,14,15
588,110,13,13
573,70,10,11
560,54,10,12
549,59,11,9
541,74,11,11
535,99,11,12
529,135,9,12
526,178,8,9
519,223,11,10
517,251,10,8
511,216,9,10
505,196,12,9
502,184,9,10
498,186,10,8
496,196,7,8
495,215,8,9
498,173,11,10
501,106,14,10
510,42,14,15
0,0,0,0
0,0,0,0
0,0,0,0
0,0,0,0
0,0,0,0
0,0,0,0
0,0,0,0
0,0,0,0
675,44,12,14
702,143,12,13
731,139,13,12
753,146,15,10
776,165,11,13
791,194,10,14
