615,231,12,15
567,363,14,26
504,352,18,16
404,316,18,23
593,170,19,15
655,150,13,9
686,159,7,6
701,178,7,6
709,204,4,5
0,0,0,0
712,202,5,8
710,192,7,5
706,167,6,8
699,147,7,7
692,138,9,7
684,151,10,10
670,201,9,14
647,334,15,15
603,402,22,19
630,222,14,24
657,162,13,11
671,155,8,7
677,167,7,6
683,188,7,7
687,214,4,7
686,208,6,6
686,192,7,4
685,177,6,4
678,154,7,6
669,147,7,5
658,156,7,6
639,195,10,14
611,296,16,20
569,342,16,16
515,304,19,17
572,183,22,18
636,142,13,8
666,144,7,7
682,160,7,6
693,182,6,6
701,209,8,8
705,199,6,5
707,184,5,6
705,154,6,8
705,133,8,8
708,129,9,6
714,144,9,11
723,198,10,11
737,311,10,25
745,307,16,14
756,250,18,20
742,179,25,31
703,113,12,11
693,111,7,7
687,125,7,7
686,146,7,7
687,171,6,6
688,200,5,6
683,187,7,6
640,220,8,8
605,271,11,14
562,325,13,11
528,281,12,11
480,264,16,10
417,287,18,16
329,378,21,22
544,235,22,18
635,206,15,6
685,210,7,4
710,229,9,6
731,255,6,7
740,234,8,7
747,218,6,7
750,207,6,6
744,183,9,7
741,173,7,5
731,176,9,6
719,201,10,12
701,272,11,14
670,423,20,20
641,344,15,16
592,290,20,22
644,210,14,12
666,210,13,8
680,229,7,5
0,0,0,0
696,246,8,6
701,229,8,4
708,229,5,5
705,223,5,6
690,207,7,6
673,204,7,6
652,223,8,7
621,270,11,16
590,314,12,13
560,273,13,13
520,265,15,13
464,303,17,19
521,199,21,23
591,130,12,9
625,119,9,5
644,130,7,6
657,152,8,7
666,181,5,7
673,216,6,6
678,235,8,7
671,203,7,6
654,182,7,5
