693,85,5,6
689,40,9,12
686,16,12,11
684,13,12,14
685,31,9,12
682,68,12,10
0,0,0,0
551,235,15,20
497,381,13,26
451,413,16,12
417,447,11,16
389,524,9,16
499,357,17,20
581,266,16,11
637,227,11,13
677,223,9,14
701,203,10,11
715,161,11,10
698,160,10,8
655,190,16,13
617,246,13,14
578,342,14,18
534,468,18,11
508,465,14,17
475,507,14,16
473,480,13,17
499,346,10,21
512,275,11,17
525,240,13,10
530,220,14,11
532,221,15,13
536,213,11,13
532,183,13,9
551,164,11,12
595,173,11,10
647,212,15,13
708,293,17,13
780,417,17,18
852,482,14,15
924,477,15,16
977,494,23,20
752,311,22,21
627,244,17,15
548,227,15,11
497,241,11,9
460,180,11,12
434,146,12,13
426,157,11,12
423,200,12,13
418,278,13,18
411,399,11,17
415,434,10,12
423,466,11,13
0,0,0,0
540,389,14,17
618,301,13,11
674,250,14,9
