1133,310,39,100
1094,430,54,44
1055,353,32,44
1041,350,44,49
1020,311,39,48
1028,354,19,48
1078,449,18,28
1074,443,32,43
0,0,0,0
968,403,88,29
971,399,78,20
975,364,77,47
971,357,76,46
969,386,72,38
991,452,67,41
1129,439,52,99
1185,432,95,71
970,299,37,105
1017,279,33,112
1050,249,49,104
1089,245,60,102
1077,388,131,56
0,0,0,0
1028,268,89,60
953,321,94,97
0,0,0,0
1018,304,54,107
0,0,0,0
958,341,44,57
945,364,60,68
947,365,66,75
939,359,78,61
915,369,88,71
870,362,94,80
831,364,99,89
751,356,104,99
702,328,68,121
592,313,97,134
507,273,74,157
516,220,36,162
528,257,172,151
0,0,0,0
465,187,92,104
274,293,211,84
250,290,246,114
538,235,107,192
600,298,36,143
566,274,45,140
599,302,48,84
649,323,61,79
714,315,70,79
758,322,68,82
792,349,71,85
805,343,80,73
820,344,80,66
822,356,82,85
757,345,98,97
733,333,85,110
761,305,57,124
825,249,37,147
873,206,63,150
915,245,139,135
807,428,167,97
0,0,0,0
846,337,94,65
850,377,113,30
962,320,73,134
0,0,0,0
864,333,70,104
877,346,74,84
892,359,78,78
898,366,83,77
901,346,83,74
893,358,86,96
853,360,90,87
832,375,90,86
813,374,87,109
0,0,0,0
900,285,61,127
0,0,0,0
0,0,0,0
867,365,54,45
860,343,27,34
875,308,30,58
0,0,0,0
832,334,19,29
833,341,48,65
839,339,60,60
851,348,51,57
883,371,27,32
0,0,0,0
1009,354,29,51
1031,318,45,96
1051,298,19,97
1016,308,40,100
977,352,40,79
905,442,74,83
835,370,32,60
866,399,65,80
855,395,73,47
0,0,0,0
0,0,0,0
906,411,47,15
945,396,29,30
987,341,51,79
1011,331,18,23
1067,328,32,107
1077,294,58,112
1117,270,33,115
1128,264,24,124
1105,275,41,121
1080,345,29,57
0,0,0,0
849,300,75,71
0,0,0,0
932,312,108,74
872,340,62,61
869,361,79,47
896,338,93,83
929,333,65,68
953,335,76,96
959,327,79,97
970,341,72,101
968,354,81,96
968,350,84,95
952,364,78,85
912,367,91,83
883,376,86,86
878,357,78,107
0,0,0,0
985,248,55,120
1091,259,91,133
0,0,0,0
0,0,0,0
0,0,0,0
1119,314,21,91
1085,325,27,47
976,343,37,56
926,325,69,78
923,331,63,79
921,329,60,67
930,339,55,74
931,361,63,73
926,341,66,69
934,335,63,68
924,356,70,77
896,362,80,73
906,360,71,95
0,0,0,0
1013,279,59,132
1040,300,113,119
0,0,0,0
981,283,64,91
968,355,57,75
976,305,37,64
990,309,30,52
947,337,18,16
918,342,67,81
906,355,71,72
907,371,69,71
903,358,74,68
886,355,85,95
836,349,87,90
0,0,0,0
669,346,89,96
615,291,73,124
570,245,61,163
594,231,45,169
