505,294,23,21
517,201,18,13
510,188,10,9
503,197,12,8
500,212,9,10
0,0,0,0
0,0,0,0
0,0,0,0
0,0,0,0
0,0,0,0
484,218,9,8
0,0,0,0
0,0,0,0
390,244,7,10
397,234,10,9
410,238,8,9
419,263,13,10
0,0,0,0
471,405,14,16
508,333,15,17
578,279,17,21
591,226,15,13
569,227,11,10
557,242,12,9
549,261,9,9
0,0,0,0
0,0,0,0
0,0,0,0
552,258,11,9
568,257,10,7
0,0,0,0
0,0,0,0
349,251,10,7
356,230,8,10
367,229,9,9
383,251,12,9
411,326,13,11
453,378,18,15
503,312,19,15
619,269,27,25
527,227,11,11
500,237,10,9
494,253,9,11
0,0,0,0
0,0,0,0
0,0,0,0
476,238,7,7
469,221,9,10
466,216,7,6
462,216,7,8
0,0,0,0
337,219,9,8
344,200,12,9
359,195,11,11
377,217,12,9
408,281,16,11
462,378,16,14
526,313,16,18
654,276,21,26
437,211,13,12
359,211,11,10
