720,212,9,9
724,225,10,10
712,270,13,10
666,363,12,10
600,382,16,14
518,344,16,13
375,341,16,13
0,0,0,0
590,219,15,13
692,197,13,12
726,207,10,10
732,230,10,7
726,257,11,9
713,291,10,7
0,0,0,0
683,314,7,7
671,293,8,7
663,280,8,8
0,0,0,0
0,0,0,0
632,204,10,7
632,198,11,8
635,210,11,9
642,247,11,9
652,319,11,12
647,446,13,14
670,362,15,12
678,295,17,13
668,255,16,17
606,264,19,20
477,349,21,20
440,414,27,26
823,196,17,15
891,151,12,11
868,158,13,9
0,0,0,0
784,205,9,9
751,236,9,8
726,269,8,8
0,0,0,0
684,254,9,8
672,232,6,7
655,215,8,8
639,194,9,9
633,184,10,8
634,185,10,8
645,208,10,8
650,267,15,12
658,400,15,15
672,397,19,17
694,338,19,21
683,323,27,28
724,191,24,26
0,0,0,0
0,0,0,0
0,0,0,0
906,1,10,9
878,49,10,9
0,0,0,0
0,0,0,0
765,223,9,7
734,243,12,10
701,202,9,9
669,176,7,9
655,154,9,8
654,135,8,7
656,125,12,10
665,136,11,10
675,178,14,10
710,271,14,12
0,0,0,0
853,299,13,13
1007,240,23,20
721,162,15,14
549,155,12,11
487,182,14,10
476,222,11,8
490,261,11,8
511,299,9,8
485,304,10,9
453,323,11,8
418,328,12,10
387,330,10,8
344,344,10,9
0,0,0,0
0,0,0,0
0,0,0,0
0,0,0,0
0,0,0,0
531,488,20,23
596,325,17,19
575,137,18,18
559,7,18,20
0,0,0,0
0,0,0,0
0,0,0,0
510,86,17,19
614,162,15,14
660,206,12,9
676,245,8,10
676,284,8,7
671,317,8,9
672,272,6,9
671,246,8,7
671,236,7,8
671,239,6,6
662,204,11,9
661,171,9,9
0,0,0,0
662,139,13,12
672,164,13,12
692,253,13,11
749,491,19,20
849,575,28,33
1127,578,54,55
0,0,0,0
0,0,0,0
0,0,0,0
0,0,0,0
0,0,0,0
0,0,0,0
0,0,0,0
0,0,0,0
0,0,0,0
0,0,0,0
0,0,0,0
328,248,7,8
330,232,9,7
333,226,8,6
336,227,10,8
340,241,11,8
347,244,11,10
369,266,10,8
411,314,10,8
478,399,14,14
524,358,13,11
589,312,11,12
683,294,15,12
836,317,16,14
674,260,16,13
487,221,15,12
406,229,12,11
377,259,12,9
378,299,11,9
354,304,10,7
398,306,8,8
448,332,9,8
471,313,9,9
488,310,8,8
496,316,9,6
527,313,10,7
548,317,9,7
546,348,12,7
554,412,14,13
560,420,13,13
589,406,14,10
682,429,13,10
0,0,0,0
450,336,13,11
347,304,13,10
329,310,11,9
355,333,10,10
