839,336,12,6
752,369,10,10
632,438,11,13
518,427,12,10
374,414,17,9
592,331,14,7
754,299,11,5
846,297,9,6
903,310,8,6
945,331,6,6
975,360,6,4
995,365,6,4
1002,343,6,5
946,328,7,5
882,325,8,5
805,331,8,6
709,355,9,6
587,402,9,8
465,419,9,8
348,397,14,8
411,361,24,9
672,323,12,6
824,316,11,6
928,324,8,4
999,341,9,6
1054,365,8,5
0,0,0,0
1107,346,7,6
1042,328,6,5
968,319,8,4
883,324,10,4
785,346,7,6
661,394,7,8
523,432,11,9
394,398,14,10
359,369,25,9
640,326,13,5
784,315,9,7
874,322,9,6
934,339,7,5
977,359,6,4
1006,369,7,4
1017,349,7,6
960,336,9,6
894,332,8,6
812,341,11,5
708,368,11,6
571,423,10,9
429,430,11,8
329,407,31,9
655,357,16,7
826,346,7,6
928,351,9,7
1001,368,7,5
1050,378,6,5
0,0,0,0
1094,351,6,6
1032,331,8,5
962,317,11,6
880,315,8,5
776,329,8,7
639,367,9,8
443,447,19,13
385,431,21,15
632,336,15,9
769,300,10,6
853,292,6,6
908,301,6,5
944,319,6,6
970,344,6,5
990,373,6,6
1002,356,7,7
1012,341,7,5
1021,336,5,4
1009,327,8,5
971,312,9,7
926,308,7,6
866,320,7,5
787,351,10,10
677,419,11,11
564,439,11,8
442,407,15,10
535,354,21,13
760,322,12,7
868,323,9,7
934,340,7,6
980,364,6,7
1008,371,6,6
1023,351,6,6
1035,345,6,4
989,330,8,5
925,321,8,6
844,326,10,6
744,346,9,8
609,394,9,8
440,449,14,9
285,422,14,9
489,346,23,10
705,310,12,8
824,305,8,6
902,316,7,7
955,335,5,5
