54,420,93,44
55,421,80,47
56,406,64,60
54,388,36,80
37,380,24,80
9,371,29,81
1,359,27,91
0,0,0,0
1,412,12,46
1,399,22,52
1,366,37,81
36,354,38,88
84,357,57,76
121,352,75,67
168,349,69,59
218,352,57,40
269,317,39,31
321,293,46,40
377,287,49,34
426,292,50,42
499,307,34,29
543,306,39,44
575,286,39,64
609,271,40,56
638,281,33,49
673,297,25,58
703,289,29,63
736,273,19,44
0,0,0,0
0,0,0,0
0,0,0,0
785,258,19,30
787,275,24,17
0,0,0,0
0,0,0,0
709,265,25,24
686,275,20,21
655,280,24,29
0,0,0,0
591,267,19,25
564,254,20,27
535,260,29,21
508,266,30,24
501,256,26,25
0,0,0,0
0,0,0,0
560,233,19,41
578,226,21,51
603,211,22,54
623,192,26,51
636,172,30,53
606,187,33,29
624,201,52,38
699,128,29,45
702,181,23,43
691,269,18,27
697,250,19,27
705,224,22,34
