521,70,44,166
450,111,121,148
394,229,171,89
391,365,159,45
503,268,49,108
290,156,112,30
202,217,67,95
247,207,66,56
259,208,74,64
231,257,128,82
268,259,112,65
331,246,53,34
0,0,0,0
0,0,0,0
0,0,0,0
0,0,0,0
411,190,68,107
402,148,68,167
417,111,83,167
472,102,105,141
470,331,65,70
0,0,0,0
747,5,90,111
733,1,53,112
741,3,75,157
801,109,122,159
764,337,155,73
652,366,56,114
558,282,46,65
552,219,43,73
545,233,40,71
475,194,78,116
403,158,79,170
377,118,74,185
348,88,91,180
353,81,98,164
353,221,176,99
284,238,110,61
565,38,102,99
529,36,50,75
482,1,99,118
562,1,74,154
634,155,140,109
581,343,120,50
0,0,0,0
475,254,22,45
488,237,17,41
0,0,0,0
411,166,89,169
392,124,74,180
382,84,97,177
413,77,98,157
430,256,151,73
0,0,0,0
674,33,120,87
602,19,82,100
602,2,91,138
731,68,88,147
726,295,166,59
667,371,59,53
564,288,19,49
558,237,23,55
0,0,0,0
502,199,64,83
446,143,74,171
421,103,83,174
