308,291,52,111
348,204,132,93
328,190,80,124
228,287,98,78
221,308,90,69
271,283,46,64
0,0,0,0
0,0,0,0
0,0,0,0
0,0,0,0
0,0,0,0
0,0,0,0
0,0,0,0
359,287,19,19
331,265,59,93
329,226,61,158
296,192,109,154
304,237,120,127
189,460,139,119
321,188,89,118
425,59,50,137
435,115,51,95
419,174,49,103
426,212,40,160
421,358,15,59
0,0,0,0
0,0,0,0
0,0,0,0
0,0,0,0
0,0,0,0
0,0,0,0
0,0,0,0
444,269,69,131
480,206,41,166
491,210,82,144
539,353,110,84
656,387,118,81
432,187,74,80
360,267,90,104
455,297,43,91
444,283,56,82
406,285,82,85
386,313,103,89
404,337,65,68
0,0,0,0
0,0,0,0
0,0,0,0
375,267,71,154
370,226,67,169
369,203,95,169
398,352,113,71
0,0,0,0
636,118,124,95
0,0,0,0
530,117,130,121
610,138,81,168
652,328,149,99
580,470,93,121
0,0,0,0
0,0,0,0
0,0,0,0
0,0,0,0
528,279,57,148
540,192,65,157
509,201,80,160
446,377,88,86
490,425,135,110
350,176,51,124
153,244,107,96
241,298,46,140
254,311,62,54
212,294,96,111
219,323,115,79
265,330,73,47
0,0,0,0
0,0,0,0
0,0,0,0
0,0,0,0
309,267,72,123
304,233,73,149
296,199,99,167
330,236,134,121
276,401,90,98
