820,1,106,279
0,0,0,0
305,154,416,161
0,0,0,0
497,126,160,229
385,247,197,74
175,131,209,219
221,130,68,64
265,125,46,32
0,0,0,0
400,166,99,184
511,113,69,210
562,111,85,237
597,34,91,224
395,15,119,230
366,276,230,97
658,1,121,160
452,88,107,160
510,132,119,89
422,51,76,175
351,67,105,154
355,109,52,41
387,129,59,159
365,134,101,169
434,139,103,234
526,55,41,254
533,12,70,287
513,1,119,246
244,4,198,252
158,171,323,105
337,82,247,80
428,124,142,186
468,53,183,141
335,83,136,107
302,63,111,141
316,128,47,36
370,130,86,178
433,116,92,200
482,113,57,227
476,66,52,223
460,6,99,218
297,1,97,231
158,154,267,137
0,0,0,0
332,91,109,173
392,121,153,84
325,58,58,151
275,103,88,105
0,0,0,0
444,139,88,159
564,141,83,187
650,90,53,239
651,56,45,242
