386,176,8,8
360,113,10,14
340,86,11,10
351,105,9,9
363,138,10,12
379,191,7,12
397,271,12,12
413,308,11,7
427,323,13,14
450,262,11,16
464,177,9,10
474,144,13,11
480,136,9,7
487,136,10,11
486,96,11,10
481,80,10,11
444,103,10,12
403,141,10,12
356,198,12,12
305,283,13,11
265,293,10,11
0,0,0,0
254,283,17,13
332,208,12,10
387,160,12,10
431,132,9,11
464,119,11,12
495,121,11,10
519,129,12,8
535,139,12,10
546,115,13,12
556,104,10,12
514,111,14,13
452,142,15,12
391,189,14,11
319,259,16,16
260,301,13,10
209,311,14,10
178,304,11,14
221,227,14,14
252,181,12,9
276,156,10,10
293,144,13,13
308,151,11,10
318,164,11,11
325,172,9,8
321,145,11,14
319,134,11,11
316,134,14,13
302,147,12,13
278,177,14,13
254,236,10,10
226,319,11,14
0,0,0,0
181,364,12,16
