455,456,34,40
480,396,39,39
0,0,0,0
445,549,49,29
473,532,26,25
0,0,0,0
0,0,0,0
0,0,0,0
489,529,25,27
483,515,34,47
473,483,30,58
392,527,34,41
331,563,68,31
445,505,23,40
375,522,27,49
383,577,21,28
403,574,34,24
446,527,20,18
482,524,13,19
509,547,18,12
0,0,0,0
0,0,0,0
0,0,0,0
426,529,26,36
362,522,33,57
322,527,44,55
0,0,0,0
270,552,50,25
351,488,19,39
339,481,29,46
0,0,0,0
0,0,0,0
0,0,0,0
0,0,0,0
0,0,0,0
0,0,0,0
0,0,0,0
401,523,34,58
352,542,30,46
0,0,0,0
0,0,0,0
0,0,0,0
0,0,0,0
0,0,0,0
332,564,22,15
