600,388,20,19
574,260,14,15
560,251,15,12
555,265,11,12
552,294,11,11
0,0,0,0
549,348,9,11
548,319,11,11
0,0,0,0
0,0,0,0
0,0,0,0
454,264,13,12
408,302,17,14
346,395,16,20
311,366,16,16
0,0,0,0
169,254,27,20
445,233,23,13
569,251,14,13
623,277,13,12
650,308,14,13
667,341,10,14
673,351,9,11
0,0,0,0
644,319,14,11
632,306,13,14
630,312,9,11
628,349,13,13
628,413,13,12
625,363,14,15
625,341,18,20
627,310,16,20
624,271,12,14
623,284,11,13
618,313,14,10
0,0,0,0
611,373,11,11
603,343,13,13
0,0,0,0
0,0,0,0
592,300,13,11
585,321,14,13
575,377,13,18
560,442,18,16
553,379,15,18
539,346,19,21
565,294,15,14
579,299,14,11
589,324,8,7
595,352,11,12
600,384,13,14
602,373,8,13
606,355,11,12
616,318,14,9
633,290,10,14
656,279,10,10
0,0,0,0
737,329,15,16
820,448,17,17
905,423,14,19
1020,325,27,33
802,293,17,14
705,310,14,14
662,336,10,11
592,338,11,11
617,398,13,14
0,0,0,0
0,0,0,0
0,0,0,0
0,0,0,0
0,0,0,0
0,0,0,0
0,0,0,0
0,0,0,0
255,393,20,18
400,314,27,21
516,294,13,10
563,299,14,14
588,318,11,11
604,344,13,12
614,371,12,13
619,382,15,14
628,339,13,13
647,296,11,13
666,258,14,13
699,234,16,12
0,0,0,0
793,253,15,16
0,0,0,0
941,504,20,24
1045,389,23,22
735,291,28,15
602,288,19,11
545,308,12,12
512,337,12,11
499,371,14,11
506,379,13,12
0,0,0,0
536,342,9,13
542,344,15,14
0,0,0,0
517,293,15,14
0,0,0,0
0,0,0,0
0,0,0,0
0,0,0,0
0,0,0,0
0,0,0,0
454,260,21,12
552,274,20,13
598,300,14,14
625,332,13,11
632,358,10,15
