599,20,81,278
595,20,83,279
590,107,83,255
625,389,59,117
572,403,110,103
416,165,72,99
383,114,107,120
386,186,106,82
361,337,180,50
495,483,86,88
636,440,66,108
611,384,101,89
656,336,49,66
656,342,52,53
645,353,57,52
654,367,41,36
610,337,47,52
545,349,80,185
488,259,51,206
656,146,121,265
777,505,219,215
636,194,218,117
1105,343,142,160
1201,382,79,104
1158,251,104,95
967,354,90,126
879,328,109,110
844,387,72,142
799,438,58,55
0,0,0,0
793,341,25,14
752,306,36,52
718,286,31,64
572,304,92,219
459,193,71,235
652,102,156,315
718,586,332,134
325,334,271,88
745,345,250,188
649,425,193,200
812,329,242,208
791,433,149,66
767,389,70,66
698,338,100,97
701,331,69,62
686,345,68,75
693,329,46,55
661,320,49,96
655,343,49,247
651,302,93,220
643,167,98,272
349,213,195,304
19,567,368,153
445,321,274,96
1,362,185,130
91,368,287,183
1,433,211,112
100,593,131,101
0,0,0,0
409,397,70,118
498,346,71,116
548,340,93,103
527,319,115,186
577,314,71,289
574,260,100,279
515,108,88,335
3,274,364,323
1,619,280,101
423,264,309,109
1,401,134,107
54,385,323,188
1,410,158,143
140,476,91,65
357,388,33,55
0,0,0,0
583,372,61,52
655,361,51,48
698,350,38,40
660,335,99,56
630,299,78,247
587,160,54,229
776,42,171,310
992,503,288,99
590,415,176,159
1021,195,149,99
891,410,221,201
1064,279,159,146
1003,302,119,101
907,281,86,91
868,257,63,83
802,274,87,82
830,266,36,62
798,270,37,78
762,283,30,112
722,264,46,257
670,170,96,258
423,130,120,289
1,540,291,110
328,262,286,99
0,0,0,0
25,451,269,124
