545,271,40,82
555,271,38,83
563,272,39,87
573,273,39,86
581,276,36,84
588,275,36,88
592,274,37,92
596,277,37,87
599,277,38,88
600,277,39,90
601,277,40,92
604,275,39,97
606,276,38,86
607,281,41,52
610,280,40,55
612,283,41,60
614,284,43,48
616,281,43,53
619,282,42,56
619,283,43,52
621,285,42,51
621,285,40,54
621,286,41,52
621,286,42,52
622,286,52,52
624,286,48,52
627,291,40,49
633,293,40,48
637,292,35,27
639,289,41,51
641,292,35,43
645,285,36,46
648,283,39,55
0,0,0,0
0,0,0,0
665,291,19,21
667,303,30,21
657,299,56,68
666,299,48,75
666,297,50,59
661,303,59,82
660,305,65,88
