562,253,117,162
586,248,118,160
617,248,117,161
632,246,112,165
625,243,110,164
618,239,110,164
610,235,112,169
583,231,134,189
551,233,137,196
517,233,146,210
495,230,139,226
499,231,141,215
547,227,139,203
595,224,135,191
628,220,127,179
659,218,115,170
680,220,109,160
675,220,113,161
647,216,120,174
612,216,129,187
573,218,137,202
555,220,147,211
514,229,161,251
477,242,177,277
483,209,282,280
490,203,193,299
502,236,134,292
501,253,242,267
471,201,316,295
506,163,242,357
495,238,136,275
294,230,358,319
436,223,223,310
428,234,208,307
457,249,181,343
506,213,150,286
511,181,148,328
488,220,182,291
536,225,146,267
528,204,155,305
529,216,135,348
502,219,146,388
519,217,140,390
476,70,187,534
509,116,142,462
484,187,174,315
526,207,187,296
488,218,222,290
476,243,193,249
519,238,145,298
445,126,203,473
498,186,157,374
511,209,162,296
520,220,151,292
489,232,175,274
478,231,186,264
334,239,320,357
508,83,143,496
512,180,156,337
551,219,155,305
587,234,147,273
582,233,155,249
569,235,166,209
571,239,153,192
591,235,121,185
632,223,71,178
635,211,76,168
625,209,85,173
636,215,87,162
643,209,69,136
664,206,70,130
691,200,72,148
700,199,69,150
693,197,78,155
673,199,67,148
650,207,72,155
636,211,73,155
622,209,80,155
603,218,92,174
589,214,94,183
582,221,92,175
596,218,98,203
608,224,95,221
609,218,101,224
614,221,93,203
603,220,101,230
602,224,104,223
586,220,118,213
581,218,117,223
558,221,121,229
530,208,142,277
558,171,133,362
550,183,134,351
601,173,126,318
776,262,125,218
769,224,182,252
816,243,138,203
763,236,110,199
647,243,130,208
552,241,139,227
511,242,146,225
553,238,126,225
604,238,111,221
661,236,220,227
700,232,219,223
708,230,221,221
688,213,227,205
669,200,105,188
648,199,94,171
629,203,89,150
611,198,133,159
595,203,133,141
584,210,132,145
583,211,131,142
560,219,154,148
561,221,132,149
569,221,83,149
587,226,85,144
579,229,97,153
571,225,113,178
