592,394,135,326
606,401,114,318
597,402,119,316
572,400,148,322
564,402,155,317
572,404,147,312
600,404,115,315
585,398,140,320
571,400,169,318
560,402,163,316
563,400,159,318
566,400,157,317
557,403,174,316
557,400,173,319
550,393,175,324
541,394,176,325
559,370,164,342
555,347,171,321
552,348,180,368
554,341,166,366
568,346,166,310
539,424,186,211
549,208,159,408
501,92,261,390
483,107,271,360
490,347,260,329
534,440,170,278
529,479,184,168
550,499,151,218
573,473,158,248
572,391,167,328
540,351,177,369
551,245,190,363
527,120,238,314
549,274,210,276
513,405,165,206
540,387,185,249
561,433,150,190
553,441,123,185
564,420,168,268
554,380,191,339
565,428,168,291
513,279,223,385
530,139,227,319
541,169,217,282
525,362,259,349
544,457,160,236
507,415,201,229
