232,156,249,564
232,160,230,556
232,159,226,556
233,158,232,556
233,160,235,554
231,161,240,552
232,158,275,557
232,155,273,561
232,157,277,558
232,160,276,557
233,159,270,555
233,159,270,557
238,157,326,558
274,160,252,551
255,189,297,521
128,3,495,715
149,51,553,665
242,204,475,513
326,210,382,505
175,195,358,518
328,20,259,649
299,311,253,409
324,302,243,418
379,368,325,344
416,427,355,278
433,348,240,372
414,406,365,294
364,279,400,362
332,158,252,445
289,292,331,427
299,278,255,442
274,264,282,454
213,267,500,451
218,256,488,463
230,242,495,479
315,266,438,408
313,265,435,378
304,245,422,352
307,232,385,333
273,239,281,410
242,239,307,450
226,5,356,707
145,83,497,637
228,112,360,603
227,232,335,483
224,226,336,491
228,225,332,492
221,221,327,495
218,223,321,495
208,227,329,490
195,227,341,491
183,221,348,494
171,220,356,495
169,210,368,500
191,215,351,499
138,202,344,504
80,219,387,469
45,222,436,470
203,197,326,507
214,205,316,515
