660,351,95,98
634,353,95,101
609,353,96,97
597,351,97,105
582,351,98,104
577,359,100,109
577,390,98,109
584,397,99,107
608,380,102,102
620,374,101,101
628,379,100,96
645,387,104,94
662,405,108,95
666,422,112,97
674,415,111,87
677,393,114,92
676,374,121,89
683,376,113,90
653,352,112,96
633,339,103,86
631,338,115,91
642,345,115,87
625,337,122,95
643,328,112,96
658,319,109,89
649,292,115,106
652,274,109,100
657,257,109,100
682,243,107,94
681,236,112,101
686,233,101,99
683,222,99,103
680,218,105,98
691,214,101,96
707,219,97,95
703,213,98,97
715,216,94,95
728,216,98,88
750,221,93,84
759,223,85,75
762,216,91,78
777,212,88,79
776,212,90,83
783,215,86,85
777,215,92,80
775,211,92,82
761,215,90,91
752,213,88,88
724,210,97,87
696,197,98,99
666,196,108,100
625,204,111,105
607,212,103,98
603,216,96,106
605,215,97,104
615,224,94,104
620,225,98,94
622,225,94,100
631,212,94,96
632,212,98,90
640,203,101,99
645,207,98,100
655,226,103,101
658,229,108,105
671,259,114,108
681,271,120,114
