317,172,17,24
314,169,20,23
312,164,19,24
311,160,18,24
311,153,19,28
310,150,19,28
310,149,19,27
309,148,20,25
307,146,20,26
306,144,18,26
303,141,18,26
300,136,17,27
294,125,15,29
283,111,11,33
271,103,10,29
254,92,19,28
246,95,21,18
233,99,29,14
228,103,29,22
218,103,37,18
221,107,36,13
221,109,41,9
242,111,29,18
315,110,16,34
377,110,32,17
448,97,21,53
512,129,55,27
616,135,28,51
695,177,61,32
828,204,29,52
942,264,41,24
942,263,41,25
942,262,41,26
942,261,41,26
942,260,41,27
942,259,41,27
942,258,41,27
942,257,41,27
942,257,41,26
942,256,41,26
942,255,41,26
942,254,41,26
