1139,212,48,117
815,142,140,67
172,207,71,66
31,315,47,27
261,281,46,25
316,256,44,23
290,262,45,23
246,270,44,22
140,291,48,25
1,323,29,19
0,0,0,0
0,0,0,0
0,0,0,0
0,0,0,0
0,0,0,0
0,0,0,0
0,0,0,0
0,0,0,0
0,0,0,0
0,0,0,0
270,285,46,23
395,270,46,22
418,267,46,23
378,282,42,23
309,286,43,24
182,303,45,23
1,309,30,19
0,0,0,0
0,0,0,0
0,0,0,0
0,0,0,0
0,0,0,0
0,0,0,0
0,0,0,0
48,307,44,24
271,275,36,22
351,259,38,22
340,258,39,23
284,265,39,23
215,275,39,24
98,288,41,23
41,287,42,22
18,285,40,22
4,284,41,23
12,280,43,23
33,289,42,22
41,290,45,22
50,294,43,22
52,299,45,21
56,303,43,24
54,304,44,22
47,305,42,24
44,307,45,22
34,299,46,24
14,295,43,23
1,297,41,24
0,0,0,0
0,0,0,0
0,0,0,0
0,0,0,0
0,0,0,0
0,0,0,0
0,0,0,0
115,244,40,22
285,217,39,22
338,211,39,21
322,208,44,21
290,211,41,23
273,213,45,22
278,211,42,23
281,205,44,20
