330,288,20,71
319,270,27,73
283,248,58,59
266,244,67,50
230,248,88,25
223,253,93,21
219,257,91,20
224,255,83,28
237,257,82,41
248,256,80,43
277,267,48,26
300,263,50,18
381,237,41,20
448,213,29,49
548,236,47,30
598,242,44,29
700,249,23,49
736,278,36,16
825,288,9,54
850,309,26,40
904,337,23,26
903,337,24,26
904,337,25,27
904,336,25,27
904,336,25,27
905,337,25,27
905,337,25,27
906,337,25,27
906,337,25,27
907,338,25,27
907,338,25,27
907,338,25,27
908,339,25,27
908,339,25,27
909,339,25,27
909,339,25,27
910,340,25,27
910,340,25,27
910,340,25,27
911,341,25,27
911,341,25,27
911,341,25,27
912,342,25,27
912,342,25,27
912,342,25,27
912,342,25,27
913,343,25,27
913,343,26,27
913,343,26,26
914,344,26,26
914,344,26,26
914,344,26,26
915,345,26,26
915,345,26,26
915,345,26,26
915,345,26,26
916,346,26,26
916,346,26,26
916,346,26,26
916,347,26,26
916,347,26,26
916,347,26,26
916,347,26,26
916,348,26,26
916,348,26,26
916,348,26,26
916,348,26,26
917,348,26,26
917,348,26,26
917,348,26,26
918,348,26,26
919,348,26,26
920,348,26,26
921,348,26,26
922,348,26,26
922,348,26,26
923,348,26,26
923,348,26,26
923,348,26,26
924,347,26,26
924,347,26,26
924,347,26,26
925,347,26,26
925,347,26,26
925,347,26,26
925,347,26,26
926,347,25,26
926,347,25,26
927,347,25,26
927,347,25,26
927,347,25,26
928,347,25,26
928,347,25,26
928,347,25,26
929,347,25,26
929,347,25,26
930,347,25,27
930,346,25,27
930,346,25,27
931,346,25,27
931,346,25,27
931,346,25,27
931,347,25,27
932,347,25,27
932,348,25,27
932,348,25,27
932,349,25,27
933,349,25,27
933,350,25,27
933,350,25,27
933,351,25,27
933,351,25,27
933,352,25,27
933,353,25,27
933,353,25,27
933,354,25,27
933,354,26,27
933,354,26,27
933,354,26,27
933,354,26,27
933,354,26,27
934,353,25,26
934,353,25,26
934,353,25,26
934,353,25,26
934,353,25,26
934,352,25,26
934,352,25,26
934,351,25,26
934,351,25,26
935,350,24,27
935,350,24,27
935,349,24,27
935,349,24,27
935,348,24,27
935,348,24,27
935,348,24,27
935,348,24,27
935,347,24,27
936,347,25,27
936,347,25,27
936,347,25,27
936,346,25,27
936,346,25,27
936,346,25,27
936,345,26,27
936,345,26,27
936,344,27,27
936,344,27,27
937,344,26,27
937,344,25,26
937,344,26,26
937,344,26,26
