1086,51,132,204
1044,41,164,212
1029,49,167,205
1003,57,180,198
971,60,197,192
952,65,204,187
923,77,217,176
906,90,220,162
876,103,236,146
861,115,234,134
837,124,246,123
815,132,249,111
771,153,262,86
751,165,266,72
733,173,268,61
715,183,267,48
691,189,274,42
672,195,275,43
653,196,274,48
643,196,267,56
626,195,264,65
604,192,266,82
589,190,264,93
573,188,257,107
556,184,255,123
527,182,242,146
513,180,236,158
499,176,226,172
483,178,223,180
474,176,206,188
459,177,202,199
448,179,193,203
433,176,182,215
421,177,173,225
402,178,145,237
388,179,134,243
378,181,125,247
365,183,108,253
353,184,96,259
341,189,88,260
328,193,81,260
299,197,60,263
282,200,56,264
260,206,60,262
242,209,62,263
216,216,77,255
192,220,87,256
171,225,93,250
123,236,120,250
96,242,137,244
73,250,148,237
50,255,158,231
28,262,169,224
5,270,188,213
1,308,155,171
1,316,141,166
3,366,124,112
1,367,122,114
1,390,106,83
