294,256,16,15
298,267,19,16
304,273,18,14
304,278,19,17
301,284,23,18
301,287,21,19
301,288,21,19
299,290,22,20
300,291,21,22
299,295,23,23
295,300,24,24
289,308,25,24
288,318,25,25
287,333,24,26
287,348,27,27
286,361,29,29
285,372,29,30
281,382,30,30
273,392,34,31
265,403,39,33
261,417,38,33
253,431,40,34
247,439,39,37
238,450,42,29
229,459,47,19
229,470,37,11
0,0,0,0
0,0,0,0
0,0,0,0
0,0,0,0
0,0,0,0
0,0,0,0
0,0,0,0
0,0,0,0
0,0,0,0
0,0,0,0
0,0,0,0
0,0,0,0
0,0,0,0
0,0,0,0
0,0,0,0
0,0,0,0
0,0,0,0
0,0,0,0
0,0,0,0
0,0,0,0
0,0,0,0
0,0,0,0
0,0,0,0
0,0,0,0
0,0,0,0
0,0,0,0
288,461,37,19
283,429,44,51
282,424,44,56
283,415,43,66
283,396,42,66
281,387,43,66
279,382,44,66
276,380,44,67
275,383,41,64
273,389,45,66
273,402,42,65
272,414,46,66
274,423,44,57
273,425,44,55
272,429,44,51
271,433,44,47
269,438,46,42
267,439,47,41
267,440,45,40
268,448,44,32
268,459,41,21
283,473,13,7
