283,1,19,98
253,7,32,100
233,41,37,46
188,61,74,23
167,57,67,52
158,46,53,84
143,48,38,107
134,54,16,107
112,80,24,82
82,110,45,48
80,122,39,47
78,121,38,57
78,121,37,57
77,121,38,57
78,120,38,57
79,120,38,57
79,119,38,57
80,118,38,57
80,119,38,57
80,120,38,57
79,120,38,57
79,121,38,57
79,121,38,57
79,121,38,57
79,121,38,57
79,121,38,57
79,121,38,57
79,121,38,57
79,121,38,57
79,121,38,57
79,121,38,57
79,121,38,57
79,121,38,57
79,121,38,57
79,121,38,57
79,121,38,57
79,121,38,57
79,121,38,57
79,121,38,57
79,121,38,57
79,121,38,57
79,121,38,57
79,121,38,57
79,121,38,57
79,121,38,57
79,121,38,57
79,121,38,57
79,121,38,57
79,121,38,57
79,121,38,57
79,121,38,57
79,121,38,57
79,121,38,57
79,121,38,56
79,121,38,56
79,121,38,56
79,121,38,56
79,121,38,56
79,121,38,56
79,121,38,56
79,121,38,56
79,121,38,56
79,121,38,56
79,121,38,56
79,121,38,56
79,121,38,56
79,121,38,56
79,121,38,56
79,121,38,56
79,121,38,56
79,121,38,56
79,121,38,56
79,121,38,56
79,121,38,56
79,121,38,56
79,121,38,56
79,121,38,56
79,121,38,56
79,121,38,56
79,121,38,56
79,122,39,56
79,122,39,56
79,122,39,56
79,122,39,56
79,122,39,56
79,122,39,56
79,122,39,56
79,122,39,56
79,122,39,56
79,122,39,56
79,122,39,56
79,122,39,56
79,122,39,56
79,122,39,56
79,122,39,56
79,122,39,56
79,122,39,56
79,122,39,56
79,122,39,56
79,122,39,56
79,122,39,56
79,122,39,56
79,122,39,56
79,122,39,56
79,122,39,56
79,122,39,56
79,122,39,56
79,122,39,55
79,122,39,55
79,122,39,55
79,122,39,55
79,122,39,55
79,122,39,55
79,122,39,55
79,122,39,55
79,122,39,55
79,122,39,55
79,122,39,55
79,122,39,55
79,122,39,55
79,122,39,55
79,122,39,55
79,122,39,55
79,122,39,55
79,122,39,55
79,122,39,55
79,122,39,55
79,122,39,55
79,122,39,55
79,122,39,55
79,122,39,55
79,122,39,55
79,122,39,55
79,122,39,55
79,122,39,55
