980,224,85,140
1030,132,117,126
0,0,0,0
1254,134,26,38
1206,189,74,91
833,111,49,140
821,111,33,139
805,115,24,138
782,117,29,136
754,122,43,129
732,128,53,121
701,135,70,111
689,152,71,89
674,169,72,66
656,172,79,57
610,168,112,57
592,179,114,39
574,187,118,29
558,189,119,26
541,187,109,37
525,184,107,48
512,178,101,63
499,174,97,74
487,171,87,86
476,167,79,98
465,166,70,105
454,166,57,111
446,168,47,113
437,168,33,118
427,171,24,119
415,175,20,117
398,181,26,111
381,190,35,103
362,195,43,98
346,205,48,86
327,212,59,78
310,220,65,67
293,229,70,53
280,238,77,43
277,239,71,50
276,238,68,57
