877,327,10,12
875,322,10,11
873,317,10,12
872,310,14,15
871,305,14,14
868,299,16,18
866,294,18,19
864,289,21,20
862,286,19,17
859,280,23,22
858,276,22,21
855,272,23,21
854,270,22,18
852,265,19,19
848,262,24,19
846,258,24,20
842,256,23,19
839,254,22,17
833,250,27,18
829,247,28,19
823,246,28,21
817,245,26,20
810,246,29,19
803,246,27,20
794,247,29,19
783,251,22,20
769,260,16,16
749,269,14,16
718,283,22,18
664,302,36,34
558,338,88,71
351,412,196,148
245,519,158,123
252,519,157,121
249,521,159,122
246,518,162,124
242,514,168,128
247,523,162,119
248,522,160,124
242,516,162,126
