165,90,22,55
190,141,68,29
350,115,125,68
1008,197,144,39
1228,238,42,34
1228,238,42,34
1228,238,42,34
1228,238,42,34
1228,238,42,34
1228,238,42,34
1228,238,42,34
1228,238,42,34
1228,238,42,34
1228,238,42,34
1228,238,42,34
1228,238,42,33
1228,238,42,33
1228,238,42,33
1228,238,42,33
1228,238,42,33
1228,238,42,33
1228,238,42,33
1228,238,42,33
1228,238,42,33
1228,238,42,33
1227,238,43,33
1227,238,43,33
1227,238,43,33
1227,238,43,33
1227,238,43,33
1227,238,43,33
1227,238,43,33
1227,238,43,33
1227,238,43,33
1227,238,43,33
1227,238,43,32
1227,238,43,32
1227,238,43,32
1227,238,43,32
1227,238,43,32
1227,238,43,32
1227,238,43,32
1227,238,43,32
1227,238,43,32
1227,238,43,32
1227,238,43,32
