479,266,48,13
474,257,50,7
470,243,52,13
468,226,49,22
468,211,46,29
471,197,42,37
475,186,37,41
480,177,31,43
484,169,24,46
487,162,23,49
488,159,19,47
488,157,20,51
484,157,20,47
481,156,22,47
474,158,27,43
467,160,31,44
463,164,32,39
457,169,34,32
453,175,36,25
451,177,38,26
451,176,40,26
451,174,37,26
452,168,38,33
456,164,32,34
459,159,31,40
463,157,25,40
464,157,26,42
461,156,27,41
459,157,30,41
456,159,31,36
453,163,32,30
451,164,39,33
450,165,37,29
451,164,41,33
454,160,36,35
457,156,34,38
461,152,28,40
463,150,28,43
465,149,24,42
465,149,27,45
465,150,24,42
463,151,28,43
459,155,30,36
456,157,37,36
455,159,36,32
455,159,40,32
457,154,36,35
461,150,35,39
466,146,28,41
472,142,25,44
474,139,21,45
477,138,21,49
477,138,19,48
477,139,20,50
474,142,22,45
470,145,25,48
464,149,29,42
459,155,33,38
453,161,37,30
449,167,44,26
447,171,44,20
445,171,46,19
446,170,47,19
446,162,44,20
449,153,45,25
453,142,40,27
459,130,39,33
476,125,23,28
473,105,33,40
489,97,23,37
499,79,21,47
511,69,14,52
524,61,10,59
532,55,18,61
537,52,29,56
544,53,40,50
550,58,48,44
553,64,59,37
559,74,62,26
564,83,65,16
572,92,63,9
577,100,58,7
581,105,58,14
577,111,57,16
575,115,58,23
568,119,54,22
412,213,199,103
551,121,51,19
542,117,46,15
534,109,30,8
0,0,0,0
449,79,39,48
