70,188,72,46
70,182,68,47
67,178,68,47
68,175,66,46
69,170,64,48
66,166,62,46
68,163,58,45
66,159,58,47
66,157,53,47
65,156,52,47
66,155,46,44
68,156,40,42
69,157,37,39
70,160,31,35
71,162,26,34
72,165,24,31
73,170,20,27
77,177,15,23
75,183,15,17
0,0,0,0
0,0,0,0
0,0,0,0
70,211,16,10
67,220,20,12
65,226,22,17
65,235,26,18
65,243,32,18
67,245,32,24
72,253,34,25
77,254,40,29
85,256,42,26
98,257,45,23
113,255,47,19
136,248,51,19
177,236,51,11
224,211,52,25
294,189,42,42
371,178,33,61
0,0,0,0
0,0,0,0
0,0,0,0
601,223,29,14
660,228,45,13
720,231,37,25
764,227,38,44
817,228,22,39
866,226,17,53
911,236,27,58
941,248,48,53
971,270,59,31
1009,287,67,15
1043,296,88,23
1089,286,60,48
1146,294,17,49
1148,293,13,53
1147,294,14,51
1146,293,14,52
1146,294,14,52
1145,294,13,52
1143,295,16,51
1143,295,14,52
1143,296,14,50
1143,297,14,49
1143,296,14,50
1143,296,14,52
1142,296,15,51
1141,296,15,52
1141,297,15,51
1140,297,15,48
1140,299,15,49
1139,297,16,51
1139,297,15,49
1139,298,14,49
1138,297,15,50
1138,298,14,50
1139,298,13,50
1137,297,15,50
1137,295,15,52
1137,296,14,52
1138,296,13,51
1136,296,15,51
1136,296,15,51
1137,298,13,49
1137,296,13,51
1137,296,13,50
1136,296,14,51
1135,295,15,52
1136,296,14,51
1137,295,13,52
1136,295,14,52
1136,295,14,52
1136,296,14,51
1136,296,14,51
1136,297,14,50
1135,296,14,52
1135,297,13,50
1135,297,13,51
1135,298,13,50
1134,298,13,50
1135,297,13,50
1135,296,12,51
1134,295,14,52
1134,294,14,51
1135,293,14,52
1136,293,13,52
1137,292,13,52
1138,292,13,52
1139,292,13,51
1140,292,13,51
1141,291,13,51
1143,289,13,52
1144,288,13,52
1145,287,13,51
1147,286,13,51
1149,286,13,51
1150,284,12,51
1152,283,12,51
1153,281,12,51
1155,279,12,52
1156,276,14,52
1158,273,14,53
1159,272,14,52
1160,270,14,52
1160,269,14,53
1160,269,14,53
1160,269,14,53
1161,269,14,52
1161,269,14,51
1162,267,14,52
1163,266,13,53
1162,266,16,52
1162,265,15,53
1163,265,14,52
1163,265,14,52
1163,265,14,53
1164,266,14,52
1164,266,14,53
1165,267,13,52
1164,267,14,52
1165,267,13,52
1165,266,14,52
1165,267,14,51
1165,267,14,51
1165,266,13,52
1164,267,14,52
1163,268,14,52
1162,269,14,52
1161,270,14,53
1161,273,13,51
1159,274,14,51
1158,276,15,51
1159,278,12,50
1159,278,12,50
1158,280,12,50
1157,279,13,49
1157,280,13,50
1156,277,14,52
1156,277,14,51
1156,277,14,52
1156,277,14,52
1156,277,14,52
1157,279,13,52
1157,281,13,51
1157,282,13,52
1157,283,13,52
1156,284,14,51
1156,283,13,52
1155,282,14,52
1155,281,13,51
1155,280,13,52
1155,282,12,50
1154,281,14,51
1154,281,14,52
1154,283,13,52
1153,284,13,52
1153,285,13,52
1152,285,13,52
1152,285,13,51
1151,285,14,52
1151,284,14,51
1151,284,14,50
1152,282,13,52
1152,282,13,51
1152,281,13,52
1152,280,14,51
1152,280,15,52
1153,280,13,52
1153,280,14,51
1153,279,14,52
1153,279,14,52
1153,279,14,51
1153,278,13,51
1152,277,14,51
1152,276,14,51
1152,276,13,51
1151,275,14,53
1151,276,14,52
1151,276,13,52
1151,275,13,52
1152,275,13,52
1152,274,13,53
1152,274,14,51
1152,273,14,52
1152,272,14,53
1152,272,14,52
1151,272,14,52
1151,272,14,52
1151,273,13,50
1150,271,14,49
1150,271,13,52
1150,272,13,51
1151,272,13,50
1151,272,13,50
1151,271,14,51
1152,270,13,53
1153,271,13,50
1152,268,14,53
1153,268,13,52
1153,268,14,51
1154,267,13,52
1154,267,14,52
1155,268,13,52
1155,268,13,52
1155,269,13,51
1155,269,13,51
1156,269,12,51
1156,269,12,50
1157,268,13,51
1157,267,14,53
1158,267,13,52
1158,267,13,52
1158,268,14,52
1159,268,13,52
1159,268,13,52
1160,268,13,52
1160,268,13,52
1160,269,14,51
1160,269,14,51
1161,268,13,52
1161,268,14,52
1162,268,13,52
1162,268,14,52
1163,268,13,51
1163,269,13,51
1162,269,14,52
1162,269,14,53
1163,270,13,52
1163,271,13,52
1163,271,13,52
1163,272,13,51
1163,271,13,52
1163,272,13,51
1164,271,12,52
1164,272,13,52
1164,272,13,52
1165,272,13,52
1165,272,12,51
1165,272,13,51
1166,271,13,53
1166,271,13,53
1166,273,14,51
1167,273,13,51
1167,273,12,52
1167,273,13,52
1167,274,12,52
1167,275,13,51
1167,274,12,51
1167,274,12,52
1167,274,13,52
1167,274,13,51
1167,273,13,52
1167,273,14,52
1168,274,13,51
1168,273,13,50
1169,272,13,52
1169,272,14,51
1170,272,13,51
1170,271,14,52
1171,271,13,50
1171,270,13,52
1170,270,15,52
1171,270,14,52
1171,270,14,51
1171,269,14,52
1171,268,14,53
1172,268,14,53
1172,269,14,51
1172,268,13,53
1172,268,14,53
1172,268,14,53
1172,269,14,52
1172,269,14,52
1173,269,13,52
1173,268,13,52
1173,268,13,51
1173,268,13,52
1173,268,14,52
1173,268,14,52
1173,268,13,52
1173,268,13,52
1173,268,13,53
1172,268,14,52
1172,268,14,52
1172,268,13,52
1172,268,14,51
1172,268,13,52
1171,267,13,52
1171,268,13,51
1170,267,14,52
1170,267,13,52
1170,267,12,52
1168,267,13,53
1167,267,14,53
1167,268,13,52
1166,269,13,52
1165,269,13,52
1164,270,14,51
1164,270,13,52
1163,270,13,52
1163,270,13,52
1163,270,12,53
1162,272,13,51
1162,271,13,52
1162,272,12,52
1162,272,13,52
1162,272,12,52
1162,273,12,49
1162,273,13,51
1162,273,13,51
1162,272,13,52
1162,272,13,52
1163,271,12,52
1163,271,13,52
1163,271,13,52
1163,270,13,53
1163,270,13,52
1163,270,13,52
1163,270,13,52
1163,270,13,53
1162,271,13,52
1162,271,12,52
1162,270,12,52
1161,270,13,52
1161,269,12,52
1161,269,12,52
1161,268,12,52
1161,268,12,50
1161,267,12,50
1161,267,12,51
1162,266,12,51
1162,266,13,53
1163,266,12,53
1163,267,12,49
1163,268,12,50
1162,268,12,51
1161,268,12,50
1161,267,12,51
1159,266,12,51
1158,265,12,52
1158,263,11,51
1157,261,13,52
1156,260,13,52
1157,260,12,50
1157,259,12,51
1157,259,12,52
1156,261,12,50
1156,260,12,51
1155,260,13,51
1155,260,13,52
1155,258,13,53
1154,258,13,51
1155,258,12,50
1154,258,12,50
1154,258,13,49
1154,258,13,49
1155,256,12,50
1155,256,12,51
1156,256,11,51
1156,258,12,50
1157,258,12,50
1157,258,12,50
1157,258,12,50
1158,256,12,52
1158,259,13,49
1159,258,12,48
1159,258,13,48
1160,258,12,48
1160,258,12,48
1161,258,11,48
1161,258,11,49
1161,258,11,50
1161,259,12,51
1161,259,11,51
1160,260,12,51
1161,262,11,50
1161,260,11,50
1160,260,12,51
1160,260,12,50
1160,260,12,51
1160,261,12,50
1160,261,12,50
1160,261,11,50
1159,260,12,52
1159,260,12,51
1159,259,12,52
1159,259,11,51
1158,260,12,51
1158,261,12,50
1158,261,12,49
1158,263,12,48
1158,261,12,49
1159,262,12,48
1159,261,12,49
1160,260,11,49
1159,258,12,51
1159,260,12,49
1159,259,12,50
1159,258,12,51
1159,257,12,51
1159,256,12,51
1159,256,12,50
1159,257,12,49
1159,257,12,49
1159,257,12,49
1161,257,12,48
1163,256,12,49
