895,368,385,344
1005,348,273,359
920,336,323,348
855,337,421,356
792,326,468,353
763,330,503,331
751,277,459,338
766,246,430,334
777,212,401,293
798,163,203,289
800,123,172,316
767,74,142,298
719,15,193,334
563,1,345,297
487,1,507,284
464,1,496,278
480,1,480,328
463,1,451,375
440,6,478,372
410,54,508,334
380,81,527,292
340,48,514,301
324,22,519,288
134,1,609,257
13,1,635,239
1,1,560,257
1,1,473,273
1,1,413,297
1,1,339,332
1,1,270,390
1,22,251,436
1,145,206,354
0,0,0,0
1,272,82,404
1,465,150,250
1,443,174,275
