221,505,255,115
209,506,252,117
206,505,251,121
207,509,253,121
220,509,255,117
228,509,254,121
245,511,252,117
256,510,254,115
255,508,254,118
235,514,254,113
224,510,249,118
224,508,247,120
227,513,254,116
232,523,266,104
237,526,270,103
240,523,266,106
239,510,250,116
237,496,238,125
229,493,238,125
219,509,249,116
208,527,274,98
197,523,290,96
208,532,282,91
228,517,259,111
247,491,235,123
252,471,225,138
240,491,238,124
218,520,262,105
193,523,294,95
190,517,301,100
218,528,274,99
241,498,243,124
255,472,225,132
254,478,226,128
234,510,253,116
210,530,283,93
192,513,303,108
201,527,288,94
226,515,254,114
246,484,232,128
254,476,227,130
252,490,236,127
243,512,258,114
235,533,279,92
228,527,285,93
228,532,281,94
242,522,261,105
254,506,247,117
256,495,238,124
245,500,243,122
