155,458,334,142
198,266,341,136
217,263,326,120
154,452,362,151
162,478,356,148
296,269,245,170
360,434,183,174
354,481,190,184
362,390,180,186
306,252,235,196
224,111,316,222
213,97,327,212
321,293,222,195
357,510,187,177
1,546,148,104
4,536,245,87
2,497,312,93
4,506,239,100
3,507,222,105
7,403,359,130
202,311,251,100
142,379,256,83
1,477,285,96
10,447,328,88
12,325,443,178
219,280,293,150
268,270,254,135
264,282,232,115
238,290,249,121
348,255,181,104
310,250,214,106
220,293,241,139
96,214,351,217
20,225,375,220
112,212,389,221
224,214,333,174
