1039,255,110,123
1040,252,109,125
1039,252,109,126
1040,252,109,126
1040,252,109,126
1039,252,109,126
1040,252,109,126
1039,252,109,126
1039,252,108,126
1039,252,109,126
1039,253,109,128
1039,252,109,126
1039,252,109,126
1038,252,109,126
1038,252,110,126
1037,252,109,126
1038,252,109,126
1037,252,109,126
1038,251,108,126
1038,251,109,126
1037,251,109,126
1038,251,109,126
1035,251,108,126
1034,251,108,126
1033,252,108,125
1032,252,108,125
1030,252,107,125
1030,252,107,125
1027,252,107,125
1026,252,106,124
1023,252,106,124
1021,253,106,123
1019,253,105,123
1016,253,105,123
1014,254,105,121
1011,255,106,119
1010,256,98,108
1009,256,91,107
1007,258,88,101
1003,259,100,99
998,237,95,126
994,218,94,153
990,213,95,156
990,219,96,153
1001,235,91,139
1006,237,84,135
1012,231,82,143
1008,232,92,137
1001,231,95,139
1003,227,90,146
1005,227,86,148
1013,222,73,156
1019,225,68,155
1011,224,78,153
1002,218,81,157
995,217,82,155
990,217,88,156
993,216,88,159
997,214,81,162
999,215,85,163
994,216,85,162
988,214,88,159
977,214,99,163
978,210,95,169
986,214,82,162
993,211,72,172
993,214,72,175
984,214,76,157
973,216,79,162
962,215,85,161
963,217,79,160
964,219,76,162
968,224,69,156
967,225,68,153
948,229,88,147
947,225,86,160
957,228,71,154
959,227,69,162
956,226,72,159
951,225,73,153
942,229,73,148
934,227,78,148
930,229,79,152
930,228,77,155
937,231,70,149
937,233,69,147
928,232,76,141
927,227,75,144
930,227,69,148
929,227,66,152
926,226,71,156
924,224,66,148
918,224,63,134
908,228,69,134
908,221,69,148
910,220,65,150
909,222,64,147
907,222,62,141
902,221,67,137
907,218,59,144
891,220,68,143
905,220,57,150
913,220,48,109
905,219,50,118
905,219,43,124
872,215,72,135
866,216,73,143
851,217,89,146
904,219,32,145
861,221,79,136
898,215,42,100
890,209,48,132
864,208,72,144
868,209,66,144
870,208,65,148
865,207,62,143
854,206,63,138
848,207,71,127
843,205,79,139
840,202,74,141
849,200,67,92
861,199,51,139
853,199,66,134
848,196,70,127
842,200,77,129
846,197,68,140
851,196,55,150
851,193,56,148
842,193,61,136
831,190,79,140
830,190,87,144
829,189,82,144
836,193,62,113
839,193,58,139
838,191,64,126
836,190,62,122
822,191,72,132
827,189,62,144
834,189,51,146
832,186,51,142
810,185,71,145
809,188,72,105
810,187,66,96
809,189,67,105
814,192,64,108
815,194,64,135
817,192,67,130
819,197,65,131
819,196,64,141
814,196,71,145
813,197,70,144
823,195,53,109
828,192,50,128
821,187,63,142
791,186,87,141
796,186,85,144
795,185,73,141
810,184,63,136
803,183,63,130
778,184,85,137
775,184,84,141
780,183,77,144
782,185,64,145
777,188,59,137
754,186,84,124
744,185,92,138
736,182,96,140
743,183,91,139
755,183,66,104
759,183,66,125
745,184,74,123
729,186,94,132
727,183,94,134
737,186,78,100
742,182,66,141
740,183,63,133
721,185,80,126
711,186,92,123
705,184,106,113
714,184,86,135
725,188,62,126
728,185,64,121
716,186,72,122
703,183,86,133
697,188,90,128
700,193,71,128
708,192,64,122
706,195,62,117
686,196,72,111
675,194,90,121
668,197,103,119
677,198,97,119
686,201,55,120
679,204,63,110
670,203,73,109
658,205,88,117
658,204,92,121
665,204,71,123
666,205,61,123
664,202,61,122
647,208,81,109
630,208,104,108
638,208,96,111
648,209,78,112
653,214,79,110
650,213,73,107
635,208,82,106
628,210,86,110
620,210,97,110
631,210,76,114
640,209,54,110
638,209,57,105
617,208,80,99
611,205,89,100
608,206,92,98
619,204,72,103
622,206,63,102
625,207,57,98
608,204,72,100
588,206,93,102
587,208,93,101
583,211,84,105
589,216,55,103
583,218,55,99
559,219,74,98
545,219,83,93
539,221,81,93
537,223,82,93
542,224,55,92
535,223,53,96
516,224,64,94
504,222,84,94
494,221,90,96
497,224,83,97
501,224,60,98
507,224,55,101
483,221,72,101
478,225,75,93
469,222,82,89
469,220,80,94
477,223,63,95
479,220,53,99
466,222,64,96
453,217,81,94
446,218,85,86
441,217,91,94
448,216,64,97
453,218,55,76
446,220,55,98
431,222,68,94
418,219,84,93
418,224,83,93
429,234,65,92
430,237,53,94
423,241,57,98
411,242,68,94
407,244,82,84
401,250,86,85
410,249,65,92
415,251,54,96
414,256,53,97
403,255,59,98
396,258,69,83
397,257,67,82
402,260,57,87
410,260,44,91
398,263,51,92
391,262,55,94
382,263,70,84
376,266,76,80
377,266,66,85
383,272,48,87
382,272,47,93
368,271,57,95
367,274,54,81
360,275,65,77
366,275,54,82
373,278,36,85
373,281,32,88
360,280,50,95
355,283,58,89
349,282,72,80
350,282,69,83
359,284,52,89
366,285,44,91
366,287,46,96
364,288,49,94
356,290,58,80
360,291,56,82
370,289,44,92
379,297,34,90
370,295,42,94
368,297,51,98
363,301,68,84
367,300,67,81
375,300,59,89
378,300,52,92
384,301,53,97
388,304,47,97
393,306,45,88
