684,230,51,45
684,232,47,42
686,232,45,41
687,230,44,44
688,232,43,40
688,231,41,44
688,231,44,41
687,233,44,42
685,231,48,44
687,231,43,44
687,231,43,42
686,230,43,44
687,230,42,43
686,232,43,41
687,232,43,41
687,232,44,42
688,231,42,42
687,231,42,43
687,232,43,41
687,231,41,42
687,231,44,43
688,231,43,42
688,231,42,42
686,230,44,44
688,230,43,43
687,231,43,40
687,231,43,42
688,230,42,43
687,230,43,42
683,230,49,42
686,232,44,39
686,231,44,42
686,231,43,41
687,231,44,42
684,231,47,40
684,231,45,41
685,232,44,40
688,232,41,38
686,231,43,41
687,229,42,42
687,230,42,42
688,231,41,41
688,230,41,40
686,229,43,42
687,230,45,41
688,230,40,41
687,229,42,42
688,230,40,42
687,229,42,43
690,230,40,40
689,229,40,42
687,228,43,43
687,227,43,44
688,228,40,44
687,226,43,46
685,225,43,45
689,222,40,48
686,223,43,49
686,223,43,49
684,223,44,49
683,221,48,48
683,222,47,49
687,221,41,49
684,219,46,53
683,219,47,50
684,220,46,51
683,220,46,51
684,219,46,52
682,219,48,51
683,218,47,53
683,219,47,51
684,218,46,51
683,218,47,49
683,218,48,52
683,218,47,53
683,218,47,51
683,218,47,52
684,218,47,52
685,217,47,53
683,217,47,52
682,217,47,52
683,217,47,52
683,217,47,51
684,217,46,53
682,217,49,51
684,216,47,54
683,215,46,54
682,215,47,53
683,216,48,53
682,215,47,54
682,214,48,53
683,215,48,53
682,217,49,52
683,215,47,54
684,216,46,53
682,215,47,53
684,216,46,53
682,215,47,53
683,214,47,54
682,214,47,54
682,215,47,53
682,214,47,54
682,216,47,52
682,216,48,52
682,214,48,53
682,216,47,52
681,214,47,54
681,215,48,53
682,215,47,52
681,214,47,52
682,214,46,52
682,213,48,52
681,213,48,51
686,214,45,50
687,212,44,51
690,207,40,57
698,208,30,55
699,206,34,60
697,209,36,60
698,208,35,62
697,208,37,61
696,206,39,63
694,206,43,62
692,207,48,62
699,207,40,55
699,205,43,69
706,206,37,70
713,205,31,69
712,205,30,69
714,205,33,68
716,204,30,69
712,203,37,71
713,203,37,76
715,202,35,77
712,207,37,71
707,206,41,72
704,201,46,75
709,201,42,73
709,202,43,78
712,202,38,80
718,203,32,79
719,205,31,79
719,206,34,75
718,206,31,74
709,205,41,78
713,206,32,78
715,202,27,79
708,201,35,78
703,198,41,77
696,195,46,75
696,193,45,78
695,189,44,84
701,187,36,86
703,185,31,83
704,183,30,83
704,183,29,80
700,179,30,80
698,177,32,85
691,176,35,86
697,172,25,89
696,172,25,87
694,170,25,86
688,167,31,88
681,167,36,88
674,166,40,92
673,166,43,91
673,167,40,94
680,168,32,90
681,166,34,92
689,167,27,88
687,167,32,89
687,167,26,92
684,167,35,95
684,167,34,100
691,168,23,97
691,168,25,95
689,170,24,93
686,171,27,90
684,168,32,95
681,168,42,97
679,168,42,96
679,169,40,99
684,170,36,97
688,171,35,95
695,170,24,94
693,168,29,95
694,168,29,92
688,167,36,96
688,169,38,95
687,167,39,97
693,169,33,100
697,174,29,94
691,176,31,89
694,169,28,94
693,166,30,95
688,167,33,96
685,167,40,96
682,167,42,98
680,167,41,98
683,168,36,100
685,170,34,95
687,170,31,88
685,168,35,93
684,167,30,93
684,167,33,92
682,165,35,97
687,166,30,96
680,167,36,96
676,170,36,97
675,172,37,95
675,172,35,94
679,171,29,94
679,171,29,93
679,170,29,92
675,170,35,95
671,171,39,96
668,171,42,98
668,174,42,96
671,176,40,95
674,178,35,93
675,178,34,90
674,176,34,91
674,175,34,91
673,175,34,93
673,175,34,95
679,176,30,95
672,177,35,95
676,178,32,93
669,179,34,92
669,179,34,90
669,178,32,90
678,175,22,93
674,172,27,90
669,172,31,91
665,171,36,92
664,171,38,92
662,171,41,90
665,172,36,91
667,174,47,90
672,175,30,89
673,175,32,85
671,174,29,86
671,172,30,86
670,171,30,88
671,172,45,90
668,171,43,91
669,174,37,88
670,174,31,89
674,177,26,87
668,177,33,85
667,177,34,83
667,175,32,85
664,174,34,84
662,175,34,84
660,175,33,86
659,175,34,86
659,175,33,85
655,175,39,86
655,176,40,86
657,177,37,83
655,178,37,82
654,177,36,82
655,176,33,80
657,174,26,81
655,173,30,85
656,173,30,84
657,173,31,84
655,174,31,83
657,175,28,83
657,176,28,81
656,176,30,80
658,176,26,79
663,175,24,79
662,174,24,79
659,174,27,83
659,174,29,82
659,174,28,82
659,177,29,71
659,176,29,83
660,179,27,80
660,181,27,77
660,180,27,77
661,180,27,77
662,179,25,78
659,179,27,76
660,179,28,80
663,179,25,81
663,179,24,81
663,181,25,80
659,184,30,78
659,184,28,78
662,186,24,75
662,185,24,75
665,184,18,75
662,182,24,76
661,182,24,75
663,181,22,78
665,181,22,78
657,182,32,76
655,183,36,75
