434,195,35,83
419,219,32,25
363,182,10,25
371,127,75,22
399,118,73,58
431,161,19,71
359,224,55,26
361,196,13,19
390,172,17,53
382,217,22,18
381,219,17,57
373,214,23,15
0,0,0,0
323,133,13,53
342,112,93,14
394,116,97,66
421,175,17,51
338,232,43,29
322,209,17,19
360,195,56,77
377,245,24,32
357,212,49,91
356,213,55,103
360,249,24,14
312,178,66,84
328,115,91,20
382,114,83,79
422,161,22,118
327,243,80,88
242,207,101,39
294,102,24,68
322,98,121,29
395,116,42,113
356,213,59,63
250,193,57,72
273,80,97,82
331,86,123,46
398,111,90,124
391,196,48,91
260,232,105,54
296,214,88,37
313,203,85,78
364,236,37,34
409,226,28,116
404,210,21,106
366,257,28,13
317,138,15,50
337,90,144,33
415,91,90,136
444,175,20,117
258,263,149,43
0,0,0,0
351,217,43,71
410,236,26,25
425,221,41,67
428,195,33,81
0,0,0,0
366,166,13,28
379,115,91,33
414,134,86,48
443,169,27,66
381,228,53,61
357,220,28,31
385,206,32,58
430,219,17,20
430,233,11,33
434,227,14,50
433,221,20,24
0,0,0,0
386,142,42,56
416,147,83,17
450,160,75,66
447,209,34,68
362,247,87,42
332,160,70,57
395,140,34,34
437,143,71,54
471,194,15,50
384,257,19,15
376,174,20,58
398,152,84,21
438,166,76,40
464,206,18,50
386,261,64,30
408,237,10,21
393,224,58,29
444,236,31,68
443,234,18,27
432,225,36,33
424,239,42,44
0,0,0,0
383,202,16,31
426,177,77,30
471,201,47,61
447,264,32,23
388,250,22,19
395,165,44,36
457,176,72,67
426,237,36,70
419,258,33,27
422,269,22,27
426,276,15,22
413,237,97,50
445,150,52,43
498,178,76,31
531,217,24,39
452,284,50,33
362,212,73,57
406,154,49,47
446,175,71,27
471,185,25,33
454,230,42,76
452,254,86,68
394,246,17,93
320,213,68,63
288,262,96,20
283,263,87,14
283,266,83,17
283,267,84,16
305,227,68,47
370,200,21,87
403,221,15,77
417,217,30,91
424,238,41,93
428,244,44,96
430,248,45,88
432,246,47,91
435,249,44,93
435,249,44,91
435,247,45,92
436,249,44,92
437,250,45,92
438,252,45,91
