87,185,93,22
80,183,91,32
89,167,61,60
98,151,25,83
91,200,11,36
85,133,19,99
81,122,20,101
76,118,20,100
73,114,20,101
71,112,21,101
66,109,21,103
62,108,22,103
61,107,21,102
59,102,20,102
55,99,20,100
42,108,21,101
25,129,20,102
28,139,23,100
40,138,22,101
44,135,23,99
52,142,22,99
50,148,23,100
46,147,19,100
49,151,21,99
62,154,21,103
72,226,19,28
65,213,22,32
64,205,20,33
65,135,18,103
52,127,18,104
36,126,23,100
17,129,38,97
1,120,58,87
1,137,40,54
1,143,45,62
4,145,58,91
35,147,46,91
73,150,29,83
101,157,22,91
116,162,21,87
130,165,17,89
147,169,15,89
159,222,14,26
167,204,16,35
174,188,17,46
0,0,0,0
210,209,12,18
221,220,10,15
0,0,0,0
223,213,12,9
0,0,0,0
230,232,8,17
235,222,19,39
231,175,39,80
231,182,68,60
229,175,67,47
221,159,76,42
204,142,86,31
195,130,93,15
205,115,85,23
204,112,88,32
210,114,86,30
212,110,86,23
205,102,77,25
199,97,73,22
180,89,81,25
164,87,86,27
153,91,88,33
141,91,87,32
127,83,87,32
112,78,98,29
111,78,97,24
113,77,98,22
114,76,97,21
116,73,96,21
117,69,95,24
120,73,91,22
117,75,89,24
114,80,87,24
118,85,87,24
121,89,86,23
122,92,87,22
127,92,88,19
125,98,79,17
120,90,46,101
101,180,62,88
91,150,65,89
109,124,61,38
109,109,96,26
178,87,70,57
247,136,48,111
231,213,71,61
263,144,38,82
216,98,44,43
211,109,80,25
154,91,77,38
138,108,19,109
111,197,72,72
114,165,63,93
126,135,54,30
125,116,72,64
158,102,74,13
213,87,46,40
262,93,16,84
241,185,73,59
269,152,27,53
229,97,43,53
149,71,54,22
91,50,81,81
78,95,36,113
64,135,68,92
110,79,22,79
146,77,66,12
174,62,94,61
282,95,18,110
251,174,81,78
256,185,78,63
270,131,56,70
237,98,49,14
175,60,68,21
108,33,71,65
85,48,18,97
81,115,19,31
74,138,67,86
121,215,93,17
211,129,20,99
122,74,86,48
89,71,39,58
61,103,70,76
80,157,79,53
91,159,68,47
84,150,85,50
103,169,114,21
162,88,60,78
146,35,41,99
104,39,73,72
78,83,93,25
92,59,83,53
173,104,84,68
149,165,35,95
155,99,26,69
147,54,28,100
147,51,26,99
141,49,31,98
143,58,27,95
142,68,20,61
109,71,51,69
51,42,93,64
2,36,112,25
1,21,80,29
1,16,58,32
1,35,58,31
1,52,74,38
1,55,90,39
1,55,97,32
4,61,103,25
14,71,87,20
28,97,74,74
82,174,105,53
184,220,113,35
256,236,89,38
260,243,96,35
264,234,90,33
260,165,55,37
209,78,43,59
112,43,106,32
51,37,112,38
18,50,104,55
7,64,101,48
14,81,107,24
33,98,80,40
66,153,106,63
184,209,85,40
253,224,94,34
304,233,77,43
301,236,93,38
303,225,68,41
260,141,47,65
189,74,62,72
102,60,100,15
50,60,103,33
20,56,94,56
15,54,97,57
20,68,100,41
39,103,76,45
58,119,55,92
75,141,71,87
112,189,105,54
200,240,85,42
246,239,92,49
286,242,84,54
300,245,80,48
301,245,81,49
304,242,78,51
308,238,82,47
313,237,80,46
324,229,64,56
310,216,59,74
307,206,60,76
304,199,59,77
299,192,61,75
289,181,54,78
282,173,40,77
286,171,30,54
266,142,38,66
266,130,20,21
268,123,21,24
271,116,29,31
270,112,59,30
266,107,72,24
256,100,81,21
246,78,75,49
240,71,64,59
234,69,56,63
228,66,49,68
222,63,44,77
217,63,40,86
211,65,31,92
204,78,18,97
185,91,31,102
166,114,49,95
149,135,61,86
130,158,72,79
114,182,83,67
106,200,89,54
97,217,93,43
81,230,95,28
103,225,93,31
89,213,101,37
30,187,112,56
4,137,99,87
7,95,84,110
52,76,49,106
64,41,36,120
80,10,21,128
92,1,34,110
106,1,52,79
125,1,60,57
138,2,92,42
164,25,98,25
184,27,96,30
180,20,102,25
170,12,107,25
158,2,106,29
138,1,70,34
117,1,48,49
97,1,38,84
83,1,25,130
61,40,36,123
33,72,62,118
18,96,82,108
9,124,98,88
7,147,111,71
9,118,105,90
56,42,47,104
97,51,50,54
76,46,45,93
30,100,104,84
107,35,21,56
78,36,49,92
70,82,56,128
107,78,55,23
31,44,103,87
89,95,39,66
118,88,35,21
115,65,28,49
118,59,28,39
134,42,27,22
163,1,30,81
200,2,50,105
170,86,111,90
178,141,101,38
146,158,111,25
114,106,69,89
48,47,107,97
125,1,50,61
189,45,45,52
135,155,83,21
113,165,33,37
74,130,29,78
2,63,101,30
62,1,45,55
87,1,40,67
70,1,78,104
69,47,54,95
72,117,24,50
59,45,28,101
51,106,25,71
33,100,19,24
31,177,18,62
36,180,21,54
0,0,0,0
123,77,15,21
137,1,24,34
141,1,28,38
136,1,33,95
136,41,15,111
139,122,26,63
158,181,27,18
176,202,45,33
220,195,42,50
244,177,45,79
266,158,27,100
281,144,23,102
291,123,42,98
304,99,81,71
301,52,101,23
280,1,41,64
212,1,65,87
189,83,72,40
199,139,89,12
216,154,78,21
229,170,61,30
249,149,82,64
319,128,29,48
