171,165,12,67
174,166,13,66
175,167,11,66
176,167,10,66
176,167,11,66
178,171,11,64
177,170,12,66
179,172,12,63
180,168,12,65
183,165,9,64
182,163,9,66
180,162,10,63
180,163,10,62
176,164,9,63
165,177,10,51
0,0,0,0
0,0,0,0
111,211,12,18
96,189,13,35
82,207,8,14
60,195,18,25
35,193,43,28
27,200,51,19
29,211,61,11
48,221,53,13
108,219,15,18
119,217,36,25
125,209,46,22
116,198,59,29
111,184,50,33
113,179,49,34
110,175,47,27
108,173,37,24
101,175,31,19
94,174,30,21
86,174,33,19
80,173,39,23
76,172,38,24
70,172,35,24
67,172,39,24
62,171,41,34
63,172,39,32
61,170,19,14
61,170,23,15
61,170,52,35
63,171,52,44
63,174,48,44
66,182,43,46
78,200,22,28
83,211,22,39
69,204,31,29
56,189,18,16
49,174,16,16
53,159,18,18
83,157,14,10
106,152,70,15
124,156,52,18
117,153,18,13
56,144,53,18
53,115,20,48
22,138,50,16
70,136,35,23
50,140,48,12
70,151,42,16
81,158,55,12
100,155,53,23
117,155,36,26
135,156,44,54
152,163,34,61
181,208,17,17
175,189,14,54
170,202,13,49
143,215,32,33
0,0,0,0
38,222,34,13
7,214,57,16
21,177,49,37
59,149,32,47
65,148,42,44
64,150,51,39
61,157,73,26
73,158,73,13
94,147,68,26
151,157,11,29
157,172,33,26
151,196,52,17
142,191,50,18
142,191,68,18
139,189,70,20
135,187,71,18
134,187,60,15
133,178,25,13
134,161,43,25
139,143,10,43
125,135,20,57
120,137,18,64
113,136,11,74
94,179,28,22
65,193,42,10
14,166,51,22
10,171,57,13
0,0,0,0
1,179,54,21
6,173,59,20
0,0,0,0
0,0,0,0
79,189,31,22
118,167,17,11
109,155,20,20
127,178,21,10
116,161,12,55
71,219,21,11
28,202,18,22
0,0,0,0
48,142,19,20
52,131,29,47
51,129,52,38
52,134,74,33
115,147,23,12
147,181,12,13
145,199,51,17
144,196,49,14
143,196,68,15
143,194,60,17
140,193,62,17
137,194,54,16
135,194,60,19
133,195,61,19
128,193,54,19
111,188,79,11
108,172,46,21
112,135,56,54
110,124,40,64
109,121,24,74
99,144,20,70
77,201,33,28
66,193,63,43
69,189,54,50
83,169,35,58
99,136,14,62
101,131,10,43
87,126,23,26
93,127,22,29
89,125,19,19
10,124,72,11
1,134,47,46
1,162,12,35
1,219,39,51
16,228,63,13
39,148,36,76
6,117,47,67
1,134,37,21
1,142,16,9
0,0,0,0
0,0,0,0
0,0,0,0
27,198,19,23
16,162,16,24
0,0,0,0
0,0,0,0
0,0,0,0
0,0,0,0
0,0,0,0
0,0,0,0
1,145,8,78
1,148,12,78
1,150,7,86
0,0,0,0
0,0,0,0
0,0,0,0
0,0,0,0
1,137,7,42
20,170,16,10
0,0,0,0
39,126,53,47
74,146,27,17
54,134,39,38
25,135,21,10
1,144,22,10
0,0,0,0
0,0,0,0
0,0,0,0
0,0,0,0
1,221,25,26
1,222,67,23
58,223,39,37
102,202,19,15
94,177,38,12
84,142,16,16
84,142,41,57
70,149,25,9
54,133,38,45
1,162,56,32
1,188,64,14
45,187,22,11
50,181,19,13
65,175,17,19
84,158,17,49
100,208,15,18
94,208,68,24
83,203,23,51
85,168,37,42
103,156,22,13
81,143,66,29
108,145,20,22
132,152,9,26
119,217,14,17
0,0,0,0
93,190,23,38
103,171,19,12
69,151,65,22
93,134,58,53
146,142,22,55
115,184,14,21
106,188,18,13
106,201,8,21
112,207,13,16
121,185,17,19
105,181,33,16
69,186,62,63
78,199,31,27
30,210,61,18
15,211,64,22
11,208,54,27
10,209,56,30
13,208,56,32
14,209,58,32
15,208,61,33
19,209,61,32
26,209,60,33
38,209,54,32
37,208,61,36
46,210,55,32
58,211,54,26
62,210,48,44
88,207,21,26
107,193,10,14
106,185,18,16
83,178,43,31
108,164,42,24
181,154,38,16
198,146,11,11
171,127,59,32
212,144,62,26
211,170,49,19
203,187,35,17
0,0,0,0
0,0,0,0
0,0,0,0
167,175,50,30
0,0,0,0
220,178,29,17
221,160,12,16
221,154,13,13
218,154,13,12
215,155,14,13
214,155,13,12
211,156,14,13
210,157,14,13
211,157,12,14
211,119,42,54
215,128,33,55
205,158,42,42
198,192,32,20
0,0,0,0
132,181,19,13
