592,212,203,37
547,184,130,63
488,237,79,68
407,328,197,62
477,327,180,153
548,297,123,215
556,243,60,274
544,242,58,262
537,245,57,283
502,234,79,223
418,118,83,214
487,118,82,170
504,140,21,158
427,151,106,182
472,173,43,101
454,125,83,220
433,150,95,182
406,152,126,109
341,203,131,148
358,161,172,189
361,162,167,150
381,158,144,124
389,162,134,159
433,172,73,190
461,166,39,196
486,157,18,207
491,169,35,189
479,175,79,150
461,167,134,193
451,168,159,189
433,170,167,193
429,170,172,193
435,168,170,192
449,171,156,190
468,174,116,185
488,175,70,186
511,195,21,159
509,172,29,89
497,172,60,121
461,169,114,186
442,171,151,185
431,170,177,183
446,164,173,191
461,163,165,192
502,159,128,109
489,157,141,171
506,155,117,203
528,158,86,195
539,174,58,178
561,190,32,161
574,186,29,164
564,166,55,109
537,138,100,210
519,141,131,210
507,145,152,207
495,146,165,210
490,144,152,217
485,137,139,223
484,135,128,225
495,145,107,222
532,201,52,193
536,373,19,75
451,428,119,130
588,376,171,76
603,252,198,91
569,216,93,53
507,240,72,27
519,280,186,60
750,412,202,47
0,0,0,0
469,358,173,90
510,198,142,209
566,250,62,149
558,366,54,92
478,451,161,95
698,349,72,119
551,356,234,170
489,415,248,64
417,428,200,97
345,399,203,125
296,384,197,146
227,359,251,129
216,342,214,80
215,339,218,56
217,345,218,94
215,348,269,77
216,347,247,91
216,348,218,84
217,349,217,84
216,351,246,91
219,354,258,84
218,356,218,94
218,358,216,82
218,360,215,87
216,361,248,83
232,345,218,103
332,288,97,225
413,281,36,289
433,285,39,264
435,285,45,265
437,282,27,290
408,282,56,281
432,280,27,288
424,269,51,279
425,254,24,292
393,245,64,278
422,248,49,279
457,263,57,266
450,253,84,272
454,250,47,283
455,241,46,284
466,242,36,288
464,246,65,284
460,243,59,288
466,251,33,280
461,251,46,277
495,255,39,282
535,249,56,281
576,247,76,273
662,286,72,228
686,240,57,270
689,240,27,90
610,242,88,269
587,244,68,276
618,290,23,227
603,252,57,257
599,270,29,249
585,267,24,247
568,329,21,202
532,318,45,240
514,297,50,265
502,289,58,271
500,286,65,275
502,296,72,273
500,295,75,275
500,295,67,274
500,295,65,280
498,296,70,277
497,297,78,280
497,297,76,281
495,298,73,271
494,297,74,279
494,299,80,280
492,299,80,279
490,299,76,273
490,297,73,275
487,292,80,279
469,269,97,288
446,209,42,282
359,172,84,232
367,210,92,176
355,368,143,82
446,441,121,118
559,431,71,75
557,384,118,155
528,337,175,164
542,316,152,173
546,344,107,187
558,385,61,180
556,398,60,202
563,401,34,215
588,405,48,69
0,0,0,0
0,0,0,0
0,0,0,0
0,0,0,0
519,478,61,56
550,402,165,157
586,416,168,152
638,406,178,151
661,386,166,152
689,394,168,138
741,399,156,149
816,402,136,161
882,416,112,147
1020,386,29,78
1033,404,45,59
1071,419,15,24
1088,426,32,119
1096,431,32,118
1092,425,51,119
1076,423,73,120
1051,422,82,117
1063,474,49,56
0,0,0,0
956,483,42,61
908,448,63,87
862,439,79,90
824,430,87,81
786,427,90,80
741,424,98,81
695,426,96,78
652,430,87,71
610,435,74,71
567,436,58,65
523,452,51,60
417,404,110,114
432,454,48,60
333,418,97,96
289,393,87,121
253,393,77,121
207,390,68,125
183,390,17,56
158,390,12,55
125,390,23,56
104,388,21,60
88,385,20,62
