231,239,45,7
231,239,45,7
233,239,43,7
233,238,43,7
233,238,43,8
233,239,43,7
232,239,44,7
232,239,43,7
231,239,44,7
232,239,43,7
233,239,42,7
230,239,45,7
232,239,43,8
231,238,44,8
232,239,43,8
230,239,45,8
230,239,45,8
231,239,44,8
232,239,43,8
231,239,44,8
232,239,43,8
231,239,44,8
234,239,40,8
233,239,41,8
233,239,41,8
233,238,41,8
233,238,41,8
232,238,42,8
231,237,43,8
232,237,43,9
233,237,42,9
233,237,43,8
232,237,44,9
232,236,44,10
243,233,32,8
235,230,40,8
235,228,43,8
236,229,42,8
238,232,39,8
236,233,41,13
234,240,42,9
233,242,42,10
230,246,42,9
233,248,39,8
233,251,43,9
234,253,42,8
232,255,45,8
234,256,44,8
233,254,44,8
234,246,43,8
246,232,32,8
265,223,7,10
243,205,37,9
243,200,33,8
245,188,26,17
256,205,9,9
254,184,28,26
252,192,28,9
252,190,22,8
246,188,34,9
241,193,36,8
245,194,33,9
247,196,32,9
247,198,33,10
248,204,32,7
247,215,32,10
0,0,0,0
0,0,0,0
239,220,23,25
0,0,0,0
0,0,0,0
259,200,15,11
253,207,6,13
245,211,9,45
239,246,10,10
232,243,11,11
220,230,10,13
214,209,16,10
222,188,15,10
242,181,7,21
241,172,19,10
258,179,16,8
263,173,12,13
270,185,13,9
273,205,12,10
0,0,0,0
0,0,0,0
242,219,8,9
0,0,0,0
0,0,0,0
262,210,16,8
240,213,14,10
226,210,25,12
198,207,35,21
208,211,20,25
225,222,9,34
237,222,32,26
253,209,36,17
263,198,10,13
270,159,12,33
229,161,39,24
231,168,30,12
225,174,20,9
218,175,19,36
225,183,9,31
219,195,18,12
253,209,19,24
250,211,20,27
252,212,19,31
256,207,15,27
262,203,13,15
0,0,0,0
266,194,9,8
266,194,10,9
0,0,0,0
0,0,0,0
0,0,0,0
269,178,12,19
0,0,0,0
0,0,0,0
0,0,0,0
260,183,11,13
268,189,10,14
273,189,10,10
274,176,12,28
280,187,14,19
288,191,17,16
301,203,9,12
308,209,14,10
320,208,13,9
327,210,19,9
346,209,11,11
0,0,0,0
370,209,10,12
357,199,37,24
370,200,35,23
380,203,38,19
391,209,32,12
