178,259,14,33
179,255,14,34
181,253,14,32
185,251,13,32
190,249,12,32
195,247,11,32
201,246,10,33
208,245,9,34
214,244,10,35
224,244,8,37
231,243,9,34
238,244,11,38
240,245,20,37
251,247,15,32
253,254,21,30
258,258,21,33
259,260,23,32
259,260,23,32
261,260,21,30
260,260,21,30
260,259,20,33
260,259,19,33
259,259,20,33
259,259,20,33
258,259,21,33
258,259,20,34
261,254,22,31
261,253,18,33
261,260,13,20
262,262,14,19
260,260,17,24
260,258,16,28
259,258,18,28
259,259,19,27
259,261,17,25
257,262,17,29
257,258,19,33
254,255,20,34
251,253,19,34
241,251,20,34
232,249,18,35
223,248,14,35
217,247,10,35
216,247,8,34
217,246,8,31
219,246,8,33
222,245,8,18
0,0,0,0
231,252,7,12
236,244,7,26
240,245,7,32
242,245,8,27
241,245,9,27
239,244,13,32
237,248,15,29
234,249,18,29
232,250,20,28
230,251,24,27
233,251,21,26
237,256,16,21
230,253,24,24
228,252,18,20
229,252,17,20
229,252,18,20
229,251,17,21
232,250,14,22
233,255,16,18
246,260,12,14
249,249,15,26
246,248,19,29
250,250,17,25
247,250,21,28
246,250,20,26
251,252,9,14
248,252,11,12
250,253,9,13
242,249,9,9
220,257,14,15
214,260,18,15
207,259,23,15
205,257,21,17
206,258,20,16
206,254,16,17
204,248,17,24
203,238,14,28
206,237,12,14
203,216,14,27
206,215,17,33
208,214,16,34
208,215,16,33
208,215,17,33
208,216,17,31
206,215,19,33
207,215,18,35
207,215,18,35
206,215,17,35
206,237,12,14
191,250,21,19
194,276,22,19
203,296,12,13
0,0,0,0
181,279,18,13
178,271,13,16
160,270,28,17
218,259,22,11
217,242,35,20
212,243,24,15
199,231,17,17
189,222,22,24
205,236,9,9
194,226,27,26
198,239,25,15
202,242,21,14
203,241,24,18
221,253,15,9
234,264,8,12
238,268,22,30
240,266,21,20
242,270,24,16
241,279,21,23
214,280,16,23
188,281,20,26
182,268,25,22
173,258,31,8
183,236,20,20
198,222,9,27
200,214,11,35
202,218,14,28
201,231,18,24
204,236,17,18
202,239,20,18
201,238,22,18
193,256,21,9
183,276,13,22
174,281,24,27
173,278,22,18
165,264,26,19
172,264,15,10
174,264,18,13
212,265,33,15
221,260,12,9
202,251,16,7
201,237,11,17
196,226,8,25
194,244,9,15
186,247,11,13
175,250,22,15
183,254,16,17
180,272,20,10
195,282,13,25
220,286,18,23
229,281,21,22
231,264,20,15
235,257,23,9
236,251,14,9
218,253,13,10
192,261,24,10
198,267,14,9
183,271,27,15
198,265,15,10
189,245,26,20
206,234,10,23
207,220,9,27
206,214,8,31
204,217,12,29
203,227,15,24
203,235,15,18
202,236,16,18
202,236,15,17
200,235,15,19
198,235,16,20
199,235,15,20
200,235,16,20
200,237,17,18
202,236,16,18
202,236,16,18
203,236,20,18
203,236,20,18
203,236,18,18
203,236,16,18
203,236,18,18
203,238,17,15
201,238,19,17
201,238,19,17
200,238,20,17
200,238,19,18
203,238,17,15
202,238,16,16
201,238,17,16
199,239,18,16
197,239,19,17
197,239,20,17
199,237,18,17
200,238,18,15
199,238,19,16
199,238,20,16
201,238,19,15
202,237,21,15
204,237,19,13
205,235,19,16
207,234,19,15
205,234,23,15
206,234,23,15
195,234,36,19
202,234,30,16
198,235,34,16
202,235,32,14
198,237,36,14
196,236,32,14
193,236,36,16
193,239,26,12
192,240,24,11
193,237,30,14
190,237,30,14
187,236,32,16
186,235,32,18
187,235,31,17
189,235,30,14
192,235,30,14
192,235,33,14
195,235,31,14
198,234,31,15
201,234,31,15
204,233,29,15
206,230,29,19
209,227,27,23
208,227,28,28
210,230,27,31
215,235,24,28
220,249,26,17
222,264,12,8
229,270,9,8
227,273,19,29
227,276,8,32
222,278,12,15
206,281,28,17
211,281,11,10
211,271,10,21
212,271,9,20
212,271,9,21
