214,227,63,33
222,230,58,35
233,227,44,31
254,228,49,39
255,227,56,34
267,224,50,33
273,226,45,29
276,224,40,26
277,224,37,10
279,221,25,11
278,222,12,10
271,226,11,10
263,225,53,43
245,227,15,49
195,215,52,39
165,203,77,11
154,167,84,31
164,148,86,47
176,149,80,45
174,160,84,34
173,165,83,33
174,159,82,40
169,156,84,48
160,161,92,42
160,160,92,42
157,165,92,39
157,167,93,36
158,169,93,34
158,169,93,33
156,167,95,35
160,166,92,34
158,170,95,32
155,175,100,26
155,182,103,17
152,180,105,23
150,178,103,32
158,176,102,36
163,175,92,46
167,173,90,51
164,174,89,53
160,174,90,54
165,178,87,59
166,176,86,60
168,176,85,62
187,178,66,54
178,184,73,77
164,192,94,48
166,203,91,15
180,192,78,30
230,213,33,14
222,217,36,13
222,221,31,14
222,224,34,13
222,232,34,11
219,237,35,17
217,241,36,19
216,242,36,18
214,242,35,20
218,243,36,22
219,244,31,19
237,246,19,15
230,242,26,18
223,234,41,24
221,228,44,32
222,224,48,33
214,215,49,41
205,206,56,40
238,197,34,26
243,190,43,34
224,176,72,66
215,172,83,66
207,171,77,65
197,169,81,72
187,173,81,70
183,178,82,77
179,184,85,75
177,188,84,69
176,189,80,71
168,192,82,65
148,186,105,28
170,134,93,70
231,172,27,38
241,193,11,20
222,216,18,34
166,209,74,64
134,204,107,30
134,167,104,35
158,119,85,81
178,135,58,63
129,151,100,58
176,221,34,58
120,229,64,76
95,205,85,56
86,164,100,21
95,94,99,81
110,93,69,82
86,147,79,35
59,176,93,36
45,182,107,31
35,190,119,17
39,197,123,19
35,198,125,16
36,193,112,18
46,194,114,11
62,193,104,15
80,185,124,32
86,188,91,22
88,174,121,13
93,167,127,14
98,163,126,12
111,152,139,24
152,143,122,10
158,137,126,12
190,145,103,15
222,157,61,19
221,174,63,14
221,182,57,13
215,185,62,20
215,192,56,46
217,200,45,61
202,205,62,67
182,194,86,51
162,190,96,15
143,163,96,31
144,133,83,64
147,105,82,95
142,94,75,102
138,87,72,106
142,81,71,105
147,82,69,97
151,73,70,102
153,62,71,101
146,58,79,87
149,58,80,78
149,58,87,76
134,60,101,71
127,82,111,48
120,91,115,36
117,92,119,29
112,110,123,17
119,115,121,17
120,115,123,21
114,122,123,15
121,117,121,15
