321,68,42,261
324,62,54,216
324,61,53,228
324,67,54,218
323,70,54,215
323,70,54,214
324,75,51,212
152,182,284,68
122,190,317,43
100,172,332,57
105,176,335,52
113,181,315,48
100,180,333,51
143,173,247,57
239,191,68,102
245,196,45,100
251,195,137,45
244,203,43,92
245,199,41,97
242,200,44,94
241,200,44,89
220,186,75,112
245,207,42,87
245,207,41,82
242,205,43,81
242,203,43,95
242,205,42,93
241,206,42,93
240,206,41,93
242,204,45,99
242,206,42,90
244,207,42,95
242,208,42,94
244,207,45,96
167,86,82,217
162,29,99,274
148,26,115,279
137,51,135,252
148,43,133,260
114,76,173,226
138,86,147,218
130,86,125,221
114,73,124,234
104,68,130,236
112,72,136,233
112,85,144,223
127,88,142,224
125,91,156,222
118,86,179,223
110,71,180,234
139,62,136,240
143,49,129,254
159,44,111,261
170,46,110,257
168,60,120,247
148,81,135,228
122,64,172,242
131,47,165,257
131,48,176,257
127,49,179,257
122,57,192,253
126,65,190,240
112,71,191,237
99,80,193,230
98,88,180,216
137,83,112,214
126,77,96,225
107,181,333,59
92,178,354,68
111,179,326,58
108,180,316,52
103,177,335,53
104,177,337,58
105,182,338,50
108,182,337,53
105,179,338,57
100,177,344,60
97,180,346,55
103,177,343,58
107,181,332,52
89,178,361,57
104,181,342,52
100,183,342,51
96,177,354,70
99,172,330,63
116,177,325,60
118,189,319,54
91,181,353,57
104,177,339,63
111,182,329,56
109,181,336,60
130,79,155,196
133,79,172,232
1,58,320,104
3,57,255,90
9,62,224,97
11,63,179,97
1,28,284,163
144,68,195,268
143,31,167,311
134,43,156,289
136,33,143,297
151,64,109,262
145,94,133,233
140,88,142,240
161,68,120,255
185,53,108,258
197,61,114,264
160,45,182,101
82,181,342,76
76,182,358,73
70,183,359,77
81,181,351,75
68,174,360,70
76,184,351,66
73,185,351,59
70,179,362,64
110,189,314,55
180,212,83,86
196,197,226,45
158,194,250,66
94,187,319,62
73,186,328,57
93,189,312,54
72,183,325,65
84,176,300,62
95,196,301,58
60,185,326,73
70,190,313,59
71,183,323,57
91,183,290,57
79,192,309,66
73,183,298,83
65,187,315,93
60,181,334,75
64,180,311,67
87,190,294,54
76,192,304,56
104,84,194,237
113,91,170,228
116,95,159,230
106,88,155,234
102,83,155,240
95,78,143,246
87,75,143,247
80,75,146,248
80,78,142,244
82,85,138,237
80,91,141,231
80,97,141,223
79,97,134,226
67,91,138,232
59,86,147,235
51,76,140,248
51,78,148,242
46,82,165,240
47,83,172,239
58,76,194,241
77,70,143,247
94,73,138,247
112,79,151,242
157,77,132,246
191,69,140,262
184,75,146,256
216,83,134,240
109,75,152,247
295,84,132,228
289,79,135,240
262,76,151,244
132,88,103,210
167,87,96,226
218,85,137,219
200,79,140,246
156,75,131,240
102,82,203,151
36,187,300,74
68,190,295,75
60,190,286,66
32,182,321,94
30,182,316,80
36,189,309,67
