393,493,287,176
384,495,272,183
329,469,211,234
286,392,143,274
272,321,70,303
256,250,51,310
199,190,134,293
150,148,212,245
134,134,262,187
138,125,300,127
173,109,304,48
216,82,293,39
251,24,280,89
284,1,259,118
353,1,201,139
397,1,166,154
429,1,150,180
488,1,116,185
513,1,95,195
541,1,72,195
564,1,59,200
582,1,52,206
602,1,45,211
616,1,35,213
644,18,19,198
653,38,19,188
655,52,26,178
659,75,32,175
670,83,32,161
668,88,34,170
673,90,24,178
673,97,16,183
655,118,17,170
645,114,20,180
635,127,21,180
633,136,20,134
632,131,17,148
628,129,17,147
630,131,14,148
626,133,15,144
628,133,14,146
629,185,13,99
631,161,15,122
628,167,12,120
621,164,16,121
621,168,17,120
628,169,18,120
629,166,16,118
627,170,17,119
628,166,25,120
632,168,22,122
639,163,21,117
644,158,22,118
645,163,19,117
649,157,20,122
652,165,18,110
653,184,18,92
656,130,25,146
657,130,25,146
654,129,25,148
655,130,24,144
657,131,25,143
658,131,24,144
661,132,23,138
665,131,26,144
668,136,25,140
671,136,27,144
669,129,26,144
666,134,29,146
662,235,16,52
558,229,55,92
394,253,121,70
562,270,112,19
570,240,51,20
685,297,25,36
568,470,44,19
659,473,73,55
718,269,55,69
539,254,107,86
701,178,127,144
737,353,83,88
843,223,57,44
892,257,100,53
749,262,226,79
910,241,218,81
828,397,198,36
1151,319,84,121
1078,197,202,19
1068,213,84,28
839,302,65,72
941,479,85,48
881,224,191,209
562,255,217,136
706,307,215,84
586,169,66,117
702,311,52,167
506,36,182,215
215,110,222,120
190,281,229,38
0,0,0,0
375,207,29,26
309,221,29,114
202,315,181,155
1,176,57,38
81,180,105,45
1,243,67,24
180,310,127,223
234,48,37,167
133,189,190,64
302,403,71,52
125,226,209,182
418,283,226,75
189,280,260,27
377,138,19,201
0,0,0,0
830,129,102,51
629,108,238,75
852,136,117,166
613,288,113,66
756,173,101,36
621,194,256,87
873,130,206,54
793,238,129,34
1177,319,30,23
0,0,0,0
1221,75,25,28
1142,77,138,36
821,222,271,85
1133,347,148,69
1103,77,162,246
743,93,181,159
795,184,61,58
0,0,0,0
803,218,59,86
657,54,300,56
491,1,50,35
440,1,92,122
400,61,198,218
312,284,29,212
1,201,243,28
246,60,18,83
301,139,264,91
218,175,48,15
226,187,123,118
33,87,248,137
234,248,213,79
35,255,121,228
1,66,80,76
1,142,159,28
157,138,40,27
220,144,123,45
93,163,220,119
585,140,45,70
0,0,0,0
468,110,112,29
597,86,230,50
425,133,236,108
927,194,120,44
574,182,149,47
818,44,50,69
738,157,55,28
677,167,187,44
1006,174,57,89
723,50,144,45
804,130,61,21
552,339,227,71
718,112,212,196
619,161,177,34
703,138,276,69
514,288,122,32
701,260,94,196
528,80,189,125
415,24,169,29
347,1,62,49
332,1,29,54
319,37,17,25
320,1,20,53
339,2,15,44
354,12,33,36
367,43,76,44
397,87,94,22
400,91,177,21
402,111,239,54
460,155,215,117
558,253,127,156
652,362,68,61
629,385,123,52
639,269,66,195
634,158,109,188
672,133,222,18
874,39,84,120
929,86,162,78
923,162,215,18
955,199,126,31
918,197,124,97
1080,140,96,196
972,414,208,98
750,192,205,70
951,66,79,161
951,69,73,146
904,47,73,163
887,85,64,162
881,94,50,159
868,116,59,180
849,135,70,182
825,158,98,194
830,165,98,174
866,141,91,148
965,196,44,52
929,108,129,145
998,147,82,220
956,373,175,112
821,431,126,159
709,314,115,191
673,247,211,30
726,147,185,110
