877,75,154,276
884,68,149,274
961,159,45,264
673,413,99,307
518,364,203,236
455,429,316,54
570,229,198,202
746,78,225,100
1009,379,272,67
937,428,268,122
797,459,309,87
668,351,59,303
657,159,150,40
806,119,283,74
861,119,88,62
959,224,262,205
673,389,159,286
507,178,268,40
814,190,314,60
692,238,288,57
853,250,160,73
715,271,307,112
860,261,75,63
839,205,248,86
712,196,265,97
747,209,170,76
770,168,275,134
846,141,86,96
683,162,240,123
669,188,275,104
862,258,165,93
521,444,262,144
636,431,179,127
642,448,198,144
657,455,185,192
694,442,171,191
713,425,182,203
737,429,69,177
751,373,38,242
765,348,79,186
874,387,138,36
753,364,30,30
688,288,54,114
749,229,193,87
583,268,158,90
714,323,45,37
802,436,62,25
833,430,15,20
846,416,20,17
743,403,165,64
616,312,32,59
551,240,142,71
599,196,159,126
661,178,78,207
718,274,159,142
757,452,189,57
804,482,108,21
834,366,86,154
824,318,38,164
567,368,134,45
645,365,53,42
790,385,97,44
709,250,69,191
511,351,209,50
636,359,39,19
872,372,37,13
862,390,61,21
700,340,126,87
608,326,224,84
717,328,98,39
753,341,32,43
839,264,28,40
836,360,10,46
831,374,84,67
737,373,170,67
0,0,0,0
679,306,48,173
655,389,33,62
653,407,30,47
664,454,27,47
696,477,21,56
775,485,18,44
909,455,30,44
1042,370,73,123
1127,363,81,115
1156,284,103,185
1221,269,50,99
0,0,0,0
0,0,0,0
0,0,0,0
0,0,0,0
0,0,0,0
0,0,0,0
1233,92,47,29
1164,145,116,96
0,0,0,0
0,0,0,0
0,0,0,0
1233,252,47,39
1136,164,83,23
1199,97,67,23
1230,160,65,23
1199,316,43,23
1027,245,24,158
992,143,45,48
946,82,87,94
983,101,13,131
925,149,83,136
834,255,133,59
734,328,136,34
0,0,0,0
552,339,17,18
0,0,0,0
465,333,87,83
408,338,128,52
355,347,124,32
327,388,38,24
147,393,78,76
142,348,68,41
198,238,86,53
201,212,103,70
194,267,22,134
231,447,72,77
392,271,42,45
376,133,17,146
376,295,22,12
0,0,0,0
567,370,144,42
468,331,49,28
546,240,119,44
594,289,128,23
526,363,123,73
827,324,77,33
694,372,22,13
560,375,153,29
