321,266,125,110
316,292,127,116
346,290,123,122
374,221,123,114
414,294,119,93
430,399,112,77
473,309,105,92
467,302,101,75
492,292,92,77
542,336,78,80
565,374,71,68
558,322,76,62
428,291,82,55
410,250,73,67
415,209,74,64
380,201,73,64
366,214,75,66
370,244,62,65
364,213,77,59
363,215,69,70
380,205,72,60
372,222,76,61
378,247,76,56
364,245,81,64
360,229,85,69
341,224,90,70
336,227,93,76
319,243,97,76
312,244,94,77
350,241,50,58
357,235,80,59
366,244,93,63
394,211,93,70
394,181,88,88
378,215,87,92
395,220,101,88
427,211,99,88
442,224,90,88
402,224,91,94
375,231,88,91
385,239,93,90
395,240,97,96
412,221,86,100
417,235,99,92
386,272,80,98
371,252,97,92
373,232,100,99
350,244,79,90
