399,159,154,153
433,156,137,168
471,152,119,188
509,153,97,203
539,152,80,208
554,153,70,212
565,155,66,212
574,156,58,209
570,155,61,211
567,156,60,210
562,158,69,209
559,154,62,199
544,148,74,200
531,147,85,200
519,147,92,199
509,148,91,196
498,147,90,197
489,148,89,192
483,150,89,191
484,151,83,190
489,151,78,192
496,149,71,195
499,150,68,197
502,150,66,198
506,150,60,199
506,151,60,198
503,152,63,198
504,152,63,199
503,154,62,196
501,155,61,197
503,155,59,195
506,156,54,194
510,156,51,194
515,156,47,193
526,155,41,195
535,157,40,194
537,160,41,191
547,161,42,193
554,160,36,192
