631,195,128,108
631,186,142,99
634,181,151,86
641,179,151,83
620,179,178,93
616,181,181,82
612,181,177,77
624,181,156,68
613,182,164,63
616,181,157,74
620,206,147,110
701,203,70,78
734,182,62,51
745,174,61,49
754,175,62,49
762,179,58,47
760,168,60,69
758,165,61,69
754,174,59,62
756,181,58,60
768,193,60,47
780,198,68,49
789,186,66,49
796,172,58,51
798,165,56,49
794,156,61,53
787,154,58,51
782,149,60,52
781,144,67,53
796,148,57,54
804,155,50,56
815,160,40,54
827,182,28,10
836,176,19,8
834,166,21,12
832,159,22,14
819,122,36,52
801,120,53,54
765,124,76,48
750,121,77,51
755,128,77,58
763,133,75,56
