235,296,98,117
267,302,97,121
300,303,93,122
327,298,91,116
352,297,85,118
370,297,84,122
384,297,86,124
390,292,86,127
392,290,86,129
393,290,85,128
397,291,79,129
404,291,75,129
411,291,72,130
416,293,72,132
420,294,76,130
420,294,81,130
421,296,85,127
419,298,89,126
417,302,91,124
416,306,92,122
416,312,92,120
414,318,96,116
414,320,96,114
414,320,95,114
414,321,95,113
414,321,95,112
414,322,96,113
414,322,97,112
413,322,98,110
414,322,97,108
413,322,99,108
413,323,98,107
415,321,96,107
413,319,98,107
412,313,99,109
411,306,98,112
412,297,94,119
413,290,90,123
410,286,90,123
400,289,101,112
391,293,111,96
386,291,117,85
384,283,115,95
383,271,101,108
387,264,86,118
391,261,79,122
395,258,73,121
400,258,67,121
406,256,65,120
401,260,67,117
392,270,72,115
391,285,65,117
402,281,51,132
413,277,39,140
415,271,38,146
415,268,41,147
417,266,39,147
416,264,38,149
411,263,42,149
409,265,43,150
410,265,41,152
407,275,46,141
403,275,50,145
398,281,68,135
392,284,80,128
391,284,83,127
394,281,80,132
396,279,77,132
395,273,81,134
395,273,79,119
390,275,86,115
396,275,77,96
409,275,61,75
417,272,53,68
421,274,50,58
421,274,49,55
421,274,50,57
422,274,50,59
421,273,51,62
422,273,51,65
422,273,52,68
421,273,52,75
418,271,54,88
415,271,56,95
415,271,55,96
414,270,56,97
404,269,66,110
384,270,84,133
374,268,94,145
371,270,97,150
370,268,98,158
370,267,95,167
370,266,92,170
371,266,91,175
370,267,90,175
368,268,92,172
367,268,91,164
366,269,94,153
364,269,96,143
363,270,98,138
366,270,96,142
372,270,94,150
380,270,88,156
387,272,83,155
393,272,79,155
399,271,74,151
411,272,66,143
420,272,58,120
418,271,60,112
411,271,63,107
403,273,68,106
403,273,67,103
404,272,66,100
398,273,71,104
398,273,71,103
399,274,69,98
387,274,84,100
384,273,89,102
379,274,97,103
351,275,128,127
336,277,146,138
333,278,152,137
355,280,131,119
363,280,124,115
366,278,121,118
381,278,105,113
395,276,90,107
397,276,86,106
405,275,77,99
401,275,79,100
407,276,71,94
408,274,68,91
421,276,56,71
424,276,53,59
425,276,51,54
423,276,53,51
423,279,53,44
424,278,52,40
423,277,52,42
424,277,50,41
423,277,52,44
420,277,54,46
420,275,53,48
410,275,60,54
405,275,65,56
404,273,66,58
398,273,73,62
400,274,73,61
410,274,65,60
415,275,60,65
431,274,52,63
443,275,47,67
453,276,42,69
460,275,40,69
461,274,41,76
458,273,43,85
456,283,43,78
448,272,46,86
440,270,50,82
431,270,54,76
421,269,59,70
396,270,88,78
378,271,109,90
372,272,118,97
370,273,121,103
373,274,119,101
375,274,115,105
372,275,119,116
385,273,105,114
387,273,102,118
398,273,92,113
404,272,84,116
424,273,60,105
439,273,49,90
433,273,51,104
430,274,48,96
423,273,51,95
415,273,53,93
412,274,54,88
409,274,55,87
411,275,53,81
409,275,55,85
417,275,48,72
418,275,47,70
415,275,50,73
416,274,48,71
419,275,46,65
417,275,48,70
414,274,49,73
415,274,48,70
412,275,50,74
416,275,48,71
419,274,46,70
416,276,48,76
417,276,47,72
420,275,45,70
421,275,45,69
422,276,44,70
420,276,45,75
416,276,46,74
406,275,53,75
392,274,62,76
372,275,86,84
362,274,101,81
354,274,114,74
348,274,123,63
361,274,115,52
373,275,107,59
380,275,103,72
386,278,101,76
392,279,98,78
394,279,97,81
396,278,96,83
397,277,96,85
400,277,92,81
406,276,84,75
401,275,90,80
395,275,93,84
395,275,93,85
394,275,92,86
399,275,81,83
407,274,69,78
400,274,71,83
396,275,70,85
402,274,62,82
406,273,57,81
407,273,57,82
397,274,65,93
391,273,70,104
406,274,59,92
404,273,62,105
390,272,74,133
396,272,70,129
407,271,61,112
400,272,67,120
404,273,64,111
399,272,68,118
403,272,65,111
400,273,69,116
407,272,62,110
399,272,70,119
397,271,70,123
404,272,62,103
397,274,66,101
400,274,61,89
392,276,67,88
396,276,63,79
398,276,60,72
390,276,67,72
388,275,68,67
389,275,66,56
384,277,72,46
375,271,81,36
361,266,95,31
353,269,106,38
356,277,105,47
369,279,95,57
398,278,69,60
423,278,51,59
434,277,48,61
440,279,46,60
442,277,45,64
440,277,46,63
438,277,46,65
433,277,51,75
434,275,51,84
429,276,57,103
428,275,60,111
434,275,55,98
430,274,57,99
431,274,55,96
428,275,54,92
425,275,53,87
427,274,47,72
421,275,49,68
416,277,51,61
416,277,50,49
415,277,50,45
415,275,50,43
416,276,50,43
416,277,50,43
415,279,52,47
413,279,54,53
418,277,50,56
420,276,49,56
419,276,49,58
422,275,47,59
425,275,46,60
425,275,46,65
421,276,48,70
417,276,50,72
413,275,53,70
409,276,56,67
406,275,58,69
406,276,59,70
409,274,57,69
412,275,53,66
408,275,57,67
406,274,58,67
401,273,60,68
392,272,70,69
382,273,81,69
373,271,90,69
368,272,97,67
362,271,104,63
349,270,118,65
325,271,146,85
332,274,143,96
343,275,134,108
357,277,123,112
379,277,101,106
396,276,84,97
386,276,93,113
382,275,95,120
400,274,76,98
389,274,86,105
396,274,78,89
390,275,83,87
399,274,74,75
407,275,67,67
405,275,68,67
408,275,63,65
413,275,58,62
408,275,64,70
407,276,66,70
412,276,62,68
411,276,63,68
415,277,60,63
421,278,56,60
424,277,53,61
422,277,54,62
414,277,60,73
411,277,64,81
413,277,62,91
416,277,61,97
424,277,55,96
419,276,60,112
420,277,61,113
424,275,58,108
428,275,56,109
441,274,48,94
439,274,49,99
441,277,46,81
435,277,48,68
424,276,53,58
405,272,60,43
390,269,68,38
383,268,70,37
391,270,61,36
388,270,62,37
387,273,64,44
385,275,67,52
396,275,60,56
402,278,62,67
430,276,44,58
444,278,38,51
446,277,40,49
444,277,39,65
440,277,41,63
430,276,46,72
425,275,48,72
408,276,62,91
414,275,57,90
416,276,59,91
409,276,67,110
411,277,68,113
429,279,56,101
438,281,49,92
441,281,48,88
439,281,50,93
439,280,50,85
432,280,54,89
435,277,51,77
434,276,48,73
433,276,49,69
426,275,51,75
419,275,54,84
424,275,48,70
419,276,51,70
421,276,49,65
418,277,52,67
422,277,50,63
426,276,48,64
426,277,50,66
414,276,62,87
418,275,61,88
425,276,58,75
424,276,59,72
413,276,71,71
404,276,81,67
390,276,97,63
375,275,112,64
365,277,121,68
367,277,117,72
365,277,118,83
363,276,118,94
363,277,117,101
