90,132,550,220
93,150,545,202
92,151,546,197
92,150,547,194
91,151,549,187
92,150,547,183
93,153,543,179
96,152,541,181
100,151,537,188
98,148,540,200
93,150,545,202
86,146,549,238
72,143,569,270
63,140,530,287
57,134,485,292
59,124,476,299
74,117,463,297
101,121,437,276
130,116,426,274
155,112,467,288
180,114,438,270
195,111,355,229
201,111,347,222
202,113,353,216
201,113,362,209
193,113,376,197
185,105,389,185
181,100,408,185
176,99,416,173
173,95,424,174
170,96,446,172
168,98,471,176
171,102,439,173
168,102,464,180
