270,115,137,223
274,120,134,208
276,122,134,205
276,122,134,206
276,122,135,208
279,121,133,211
272,123,139,220
276,123,136,227
273,122,139,235
291,121,115,204
304,123,107,164
312,122,105,139
316,122,105,123
319,123,101,115
319,123,102,105
318,120,103,99
320,117,101,93
321,120,102,84
322,114,102,76
319,110,105,70
320,106,104,71
321,105,104,68
320,105,106,67
319,101,104,69
316,96,106,73
314,100,106,69
340,113,80,67
313,133,104,103
299,135,118,144
297,127,118,228
296,121,118,240
301,118,110,238
301,119,109,239
295,122,113,236
293,124,108,211
286,137,108,147
278,137,109,113
274,133,109,104
269,132,107,106
266,131,105,108
270,131,99,103
275,132,95,102
275,133,94,105
277,135,91,108
277,137,91,113
278,139,91,116
277,143,90,116
278,144,88,122
