615,267,141,115
636,294,115,78
628,291,117,80
625,298,123,80
617,305,137,81
619,313,137,82
623,324,135,76
644,337,105,61
646,331,107,70
645,330,115,80
643,333,121,85
648,334,121,94
652,337,120,97
657,342,119,102
662,349,118,103
666,357,118,102
670,364,118,100
672,374,120,99
675,384,119,99
694,403,94,85
697,400,93,81
693,401,102,86
686,408,114,86
686,414,116,88
690,415,114,90
709,435,87,64
710,434,89,65
704,441,99,66
702,446,105,65
703,449,106,68
705,454,106,68
713,469,97,54
729,462,78,71
729,459,87,76
728,463,93,70
730,467,96,66
733,471,99,63
741,494,80,35
754,490,69,40
757,488,68,42
749,492,94,58
756,495,90,53
