583,174,325,237
578,165,317,252
572,151,332,271
555,139,360,282
552,128,325,258
559,124,321,291
542,135,335,309
529,114,341,332
510,168,329,295
478,168,329,315
481,138,352,348
521,146,375,344
549,159,372,348
558,179,356,340
570,202,361,347
553,222,359,351
525,218,354,321
514,215,333,312
515,186,355,318
530,149,358,333
524,163,338,325
534,204,355,314
557,218,346,311
563,216,349,307
558,235,333,299
526,246,342,295
426,234,347,294
369,215,367,298
392,217,343,293
410,229,329,277
402,208,346,296
418,184,350,310
447,190,334,275
459,212,315,285
450,217,322,292
455,225,326,306
479,328,304,291
469,395,314,298
468,417,325,302
442,449,341,270
433,412,321,295
439,336,330,297
430,281,341,306
422,243,347,299
431,224,318,301
441,213,327,305
457,201,345,311
476,172,342,305
503,170,326,305
529,190,344,289
532,177,360,288
524,170,356,292
526,196,334,275
536,219,342,263
526,205,350,266
530,196,313,265
553,214,304,255
570,231,310,241
584,226,311,248
603,220,312,240
642,221,293,244
648,243,309,242
630,268,325,234
627,258,305,226
625,244,278,221
613,253,284,227
599,258,305,219
589,248,297,212
589,251,284,228
592,270,286,237
589,280,299,231
594,255,291,222
606,248,273,238
611,216,301,249
623,182,316,255
630,136,309,260
639,132,297,258
645,59,299,295
654,36,307,293
668,24,274,283
667,12,273,310
670,49,271,293
654,56,275,302
635,107,263,286
602,125,270,296
574,147,279,281
577,149,263,282
563,172,264,281
555,202,264,265
565,212,253,256
570,231,252,250
563,229,249,243
563,224,254,243
579,222,231,239
566,222,229,242
555,215,249,240
553,218,254,235
566,209,234,245
566,229,239,245
560,250,247,235
551,255,258,241
553,253,251,236
553,268,232,228
549,283,255,236
560,292,253,235
594,280,250,230
605,258,245,232
627,241,251,245
655,240,262,257
674,226,248,228
668,232,249,231
663,224,263,257
650,232,280,262
648,224,257,279
649,245,254,275
655,243,269,306
659,233,276,310
668,219,257,299
668,203,252,320
657,209,269,320
636,209,292,312
653,213,268,297
658,229,254,280
642,236,268,270
635,235,269,275
621,243,275,259
624,230,272,274
610,228,282,276
613,222,276,269
602,223,276,266
596,210,278,262
576,204,289,263
