142,202,15,13
147,200,13,12
152,176,14,12
164,160,14,13
167,140,14,13
176,119,14,13
169,112,14,13
169,111,14,13
177,104,14,13
172,85,13,13
168,74,13,12
179,56,12,13
177,43,12,14
153,62,12,12
174,50,11,14
176,44,13,14
198,59,10,12
228,81,11,13
248,95,15,19
259,104,13,17
271,113,11,12
293,129,11,10
310,142,10,12
319,151,13,13
303,136,13,14
330,159,13,12
322,148,13,13
299,134,13,12
190,70,14,22
169,50,16,13
143,66,15,15
116,90,12,15
117,89,12,12
91,112,10,12
51,139,16,17
34,154,13,14
31,157,12,13
23,163,13,13
65,174,15,18
83,172,16,20
54,175,14,16
93,176,11,15
109,171,12,15
99,173,13,15
123,168,12,13
193,166,14,16
234,162,13,19
275,164,16,18
