582,34,540,538
576,43,565,588
571,55,588,551
560,99,630,423
642,106,449,496
579,96,593,594
630,89,632,625
595,68,649,641
611,73,646,641
636,73,632,641
644,86,632,628
631,106,608,599
607,103,586,567
600,98,554,572
664,62,443,561
693,124,401,545
687,131,448,562
673,134,440,546
647,114,412,553
642,162,359,469
610,234,398,377
619,250,388,375
641,247,386,393
625,253,370,380
636,262,380,367
648,221,353,360
641,195,314,362
620,227,335,413
560,372,434,345
548,298,424,399
576,226,427,402
585,196,438,520
577,148,429,501
546,143,445,454
549,146,416,412
632,153,399,489
703,155,370,460
752,245,490,374
730,257,492,401
766,260,459,413
784,268,455,418
749,289,511,427
736,301,498,414
731,292,481,417
662,217,412,470
599,189,392,384
636,180,398,406
634,198,359,386
625,211,343,342
735,178,358,412
763,200,357,376
716,246,308,337
709,337,291,303
704,403,276,296
706,412,268,274
701,367,288,279
729,242,275,312
749,284,348,279
792,232,406,347
821,193,378,340
852,234,393,343
852,311,363,321
865,388,328,290
890,442,268,258
862,422,259,229
785,373,228,224
676,368,207,187
479,365,161,160
385,387,164,155
331,386,155,208
353,438,166,215
454,643,281,77
672,293,185,233
694,117,212,138
621,470,153,156
493,48,112,112
586,382,137,187
0,0,0,0
0,0,0,0
646,331,142,159
687,408,165,147
521,409,129,147
634,420,120,161
739,382,257,263
645,205,387,402
527,1,601,620
535,35,625,629
550,64,661,616
494,87,664,628
425,51,745,667
442,117,674,598
475,168,591,550
617,244,408,403
667,248,342,451
633,304,333,411
475,204,332,346
487,197,372,464
458,171,421,459
386,165,467,527
392,163,476,540
374,172,472,527
391,158,477,541
433,182,466,511
418,166,458,522
436,173,462,519
438,160,468,530
408,156,573,559
468,272,495,444
482,330,505,389
512,385,458,334
543,464,442,255
389,423,436,293
0,0,0,0
0,0,0,0
0,0,0,0
501,514,208,204
400,420,250,225
327,391,234,218
341,361,252,218
300,299,250,209
288,354,244,213
336,347,255,221
417,129,374,338
662,204,307,319
330,404,321,188
443,287,301,286
601,190,499,460
370,542,324,174
