316,148,14,16
335,173,14,14
359,213,13,12
361,185,12,12
370,171,20,15
399,172,10,15
592,193,14,15
550,138,15,19
517,111,15,15
492,98,17,16
475,102,12,12
457,121,13,15
445,151,14,17
454,106,12,13
467,49,12,15
476,6,13,18
0,0,0,0
0,0,0,0
0,0,0,0
505,19,16,20
509,68,14,16
513,133,12,18
0,0,0,0
382,170,16,12
292,172,14,11
215,194,11,12
203,150,21,17
268,222,12,15
231,41,15,13
241,15,14,11
248,1,17,13
260,4,12,13
267,25,13,13
274,58,11,11
279,107,12,17
282,169,13,14
281,182,12,13
281,165,14,13
276,166,20,13
278,179,15,12
0,0,0,0
486,173,14,14
0,0,0,0
685,210,16,13
745,209,13,15
