282,111,16,15
304,130,13,13
321,160,12,13
328,158,13,14
336,127,10,14
340,116,15,12
347,117,14,16
352,140,19,15
362,176,15,18
374,189,13,17
533,193,14,14
629,194,14,12
712,218,15,14
0,0,0,0
0,0,0,0
625,137,17,15
570,118,12,12
514,111,18,15
470,125,15,15
432,156,16,13
398,197,13,17
388,185,14,17
406,115,15,15
427,61,14,18
448,28,14,20
465,20,17,16
483,24,14,15
494,46,16,14
505,79,11,17
0,0,0,0
0,0,0,0
0,0,0,0
0,0,0,0
223,90,13,14
227,32,16,18
228,1,17,11
0,0,0,0
0,0,0,0
0,0,0,0
239,27,11,15
239,75,12,16
236,136,15,14
231,207,18,16
239,133,13,14
249,74,15,17
260,33,15,18
272,12,13,14
281,4,17,18
296,16,13,16
302,44,18,13
317,82,17,18
340,143,10,14
455,109,13,16
511,86,14,16
566,77,16,16
618,90,18,17
671,124,13,16
0,0,0,0
718,156,15,19
685,103,14,14
654,68,13,16
617,51,14,14
584,54,14,14
553,73,17,15
522,107,15,17
493,158,16,19
0,0,0,0
488,93,13,15
484,75,13,15
481,76,13,12
479,91,11,14
438,134,10,11
0,0,0,0
0,0,0,0
0,0,0,0
610,169,14,11
