282,290,41,44
232,219,41,51
239,42,50,49
670,229,10,10
665,219,12,14
661,227,10,10
570,211,16,11
479,205,15,13
394,215,13,13
310,237,15,13
230,273,11,11
234,271,11,10
251,199,14,14
268,178,11,11
285,169,13,14
304,175,13,12
322,195,13,17
341,231,12,16
357,231,14,14
366,178,17,14
376,143,13,13
376,123,11,16
362,119,14,14
336,134,12,14
353,153,13,18
274,148,18,16
214,162,15,13
200,175,13,15
254,107,17,22
288,53,15,19
293,21,14,16
284,9,15,15
261,224,37,93
266,44,17,20
262,95,16,24
264,171,12,15
268,135,17,19
272,115,15,20
268,123,16,16
