452,350,46,125
435,353,43,122
429,355,47,132
415,357,37,137
409,357,43,139
406,359,42,140
409,362,44,142
415,364,49,146
425,366,51,146
440,370,52,145
456,379,61,146
479,387,60,150
514,397,65,144
554,407,72,150
612,406,65,141
638,399,64,153
625,398,92,160
624,405,79,162
598,413,116,151
605,403,114,166
593,388,100,175
594,381,110,179
596,365,96,177
600,360,84,172
584,348,81,169
554,347,96,165
539,334,81,166
506,325,75,157
492,320,67,144
472,317,44,142
428,329,63,123
394,327,65,124
375,321,63,128
352,325,63,127
336,326,60,127
319,311,67,144
304,316,54,142
292,325,64,130
304,320,57,144
327,331,45,140
338,340,43,138
349,332,46,147
362,341,44,150
370,344,39,148
376,342,39,150
377,345,44,147
385,347,46,146
398,361,45,139
402,345,41,142
412,327,49,139
419,310,64,152
440,293,55,94
457,292,56,96
494,288,58,112
524,293,56,106
547,293,71,108
583,282,63,121
608,287,57,126
631,299,50,122
642,290,48,133
648,292,41,133
644,295,52,130
653,299,39,132
658,303,51,139
658,310,51,130
651,310,46,144
635,324,41,135
620,326,44,143
598,339,48,134
579,336,58,146
0,0,0,0
538,345,57,145
503,340,66,174
485,352,54,182
460,388,50,156
