267,142,27,28
286,167,22,23
362,72,26,29
364,9,23,25
0,0,0,0
0,0,0,0
0,0,0,0
0,0,0,0
191,5,23,29
194,65,25,28
234,148,28,34
325,262,21,27
326,215,24,27
328,140,24,33
340,101,23,28
354,82,23,25
359,86,25,21
353,107,26,26
343,156,21,28
331,222,22,25
359,178,21,25
398,114,20,24
430,73,23,26
457,53,20,22
471,53,23,21
488,73,18,24
506,114,21,19
540,167,24,26
521,163,23,23
444,107,24,22
369,84,26,20
346,91,24,25
334,116,24,23
335,161,17,14
307,207,19,20
315,196,14,19
341,131,15,17
351,86,19,22
356,61,23,19
364,47,21,23
367,58,24,23
375,87,24,21
386,133,18,17
397,210,23,25
423,147,21,31
446,73,22,25
469,21,21,24
