676,442,12,12
671,419,10,10
667,424,13,15
671,406,13,11
681,388,13,11
705,436,8,11
723,485,12,8
730,419,6,14
737,426,14,9
746,485,9,11
0,0,0,0
0,0,0,0
0,0,0,0
779,499,11,16
778,422,8,11
0,0,0,0
0,0,0,0
0,0,0,0
0,0,0,0
0,0,0,0
775,421,10,11
785,500,9,11
781,440,9,12
0,0,0,0
775,397,9,6
0,0,0,0
642,322,9,9
632,312,11,9
632,319,13,11
637,363,10,11
639,480,20,7
653,613,18,14
659,525,20,18
626,395,19,22
570,289,8,12
556,274,7,10
561,270,8,10
582,285,9,11
611,335,9,10
0,0,0,0
598,325,9,10
601,320,8,10
629,337,10,9
668,388,10,12
0,0,0,0
0,0,0,0
590,404,12,7
546,388,9,13
528,415,13,10
508,485,12,12
491,465,10,12
471,445,13,13
461,430,10,8
458,429,8,11
0,0,0,0
438,438,11,7
427,452,15,8
416,495,13,12
399,497,14,7
375,510,9,15
0,0,0,0
0,0,0,0
0,0,0,0
0,0,0,0
0,0,0,0
0,0,0,0
0,0,0,0
0,0,0,0
0,0,0,0
700,438,19,11
735,500,15,16
749,423,12,12
0,0,0,0
0,0,0,0
0,0,0,0
0,0,0,0
0,0,0,0
790,496,10,10
0,0,0,0
0,0,0,0
0,0,0,0
0,0,0,0
0,0,0,0
0,0,0,0
0,0,0,0
0,0,0,0
791,422,12,9
803,500,12,12
799,435,8,12
797,394,9,8
796,385,7,10
0,0,0,0
0,0,0,0
0,0,0,0
0,0,0,0
782,415,10,15
858,529,16,23
918,466,14,14
0,0,0,0
1132,406,27,23
0,0,0,0
0,0,0,0
0,0,0,0
0,0,0,0
0,0,0,0
0,0,0,0
0,0,0,0
562,310,16,11
525,267,12,12
505,263,14,12
493,281,13,10
477,335,9,11
452,448,15,11
417,522,15,10
375,417,14,12
434,352,12,15
485,354,13,9
511,372,9,11
530,415,11,11
556,477,14,7
