813,237,12,12
756,268,13,14
0,0,0,0
0,0,0,0
0,0,0,0
0,0,0,0
0,0,0,0
0,0,0,0
0,0,0,0
0,0,0,0
0,0,0,0
0,0,0,0
0,0,0,0
0,0,0,0
0,0,0,0
0,0,0,0
0,0,0,0
0,0,0,0
0,0,0,0
0,0,0,0
0,0,0,0
0,0,0,0
0,0,0,0
0,0,0,0
39,119,11,18
19,94,15,15
0,0,0,0
0,0,0,0
0,0,0,0
0,0,0,0
0,0,0,0
0,0,0,0
0,0,0,0
0,0,0,0
0,0,0,0
0,0,0,0
761,267,10,10
732,304,12,12
726,351,11,12
729,401,11,13
729,348,12,11
0,0,0,0
0,0,0,0
0,0,0,0
0,0,0,0
0,0,0,0
785,403,11,9
813,379,9,12
846,381,9,10
0,0,0,0
0,0,0,0
0,0,0,0
0,0,0,0
0,0,0,0
0,0,0,0
877,424,13,9
0,0,0,0
0,0,0,0
0,0,0,0
0,0,0,0
0,0,0,0
0,0,0,0
0,0,0,0
94,192,10,16
150,205,13,16
141,232,13,8
131,287,11,12
118,392,12,9
109,404,11,13
0,0,0,0
0,0,0,0
0,0,0,0
0,0,0,0
0,0,0,0
0,0,0,0
0,0,0,0
0,0,0,0
0,0,0,0
0,0,0,0
0,0,0,0
0,0,0,0
0,0,0,0
0,0,0,0
0,0,0,0
0,0,0,0
0,0,0,0
0,0,0,0
0,0,0,0
0,0,0,0
0,0,0,0
0,0,0,0
0,0,0,0
0,0,0,0
0,0,0,0
319,458,21,17
318,370,11,16
0,0,0,0
322,474,13,15
0,0,0,0
0,0,0,0
333,436,15,14
347,418,16,14
355,342,14,12
362,305,12,16
366,311,16,11
354,320,15,15
331,338,16,17
0,0,0,0
0,0,0,0
274,373,14,13
277,375,11,13
279,373,18,12
279,371,18,15
276,372,16,14
274,374,17,15
278,376,15,12
277,370,13,15
33,269,9,11
0,0,0,0
0,0,0,0
0,0,0,0
0,0,0,0
0,0,0,0
0,0,0,0
0,0,0,0
0,0,0,0
13,335,11,13
0,0,0,0
0,0,0,0
0,0,0,0
0,0,0,0
0,0,0,0
0,0,0,0
0,0,0,0
0,0,0,0
0,0,0,0
0,0,0,0
0,0,0,0
0,0,0,0
289,429,23,13
281,427,14,10
0,0,0,0
0,0,0,0
0,0,0,0
489,486,6,5
319,307,13,15
346,321,13,12
370,399,13,17
390,437,12,9
396,358,12,15
402,322,9,13
405,318,13,14
412,352,12,16
474,367,9,14
595,306,12,13
0,0,0,0
0,0,0,0
828,377,11,12
1009,521,19,18
0,0,0,0
0,0,0,0
977,242,14,17
753,205,11,16
654,210,9,15
0,0,0,0
569,233,12,9
517,282,7,15
0,0,0,0
463,378,10,14
490,376,9,10
