827,325,12,18
0,0,0,0
0,0,0,0
0,0,0,0
0,0,0,0
0,0,0,0
0,0,0,0
0,0,0,0
0,0,0,0
0,0,0,0
0,0,0,0
0,0,0,0
0,0,0,0
0,0,0,0
0,0,0,0
0,0,0,0
0,0,0,0
0,0,0,0
0,0,0,0
0,0,0,0
0,0,0,0
0,0,0,0
0,0,0,0
1069,308,22,16
0,0,0,0
0,0,0,0
1090,348,11,13
0,0,0,0
0,0,0,0
0,0,0,0
0,0,0,0
0,0,0,0
0,0,0,0
0,0,0,0
0,0,0,0
1095,467,9,21
0,0,0,0
0,0,0,0
1082,296,16,17
1065,306,20,18
1065,296,18,24
1065,292,20,23
1068,290,15,15
1070,292,15,18
1067,290,15,17
1069,286,15,22
1072,288,14,14
1070,291,13,10
1067,287,12,16
1068,285,12,23
1063,293,15,17
1062,293,14,15
