538,390,16,16
485,527,15,15
467,422,13,13
450,343,15,14
434,318,13,14
0,0,0,0
0,0,0,0
0,0,0,0
0,0,0,0
0,0,0,0
0,0,0,0
0,0,0,0
0,0,0,0
0,0,0,0
0,0,0,0
0,0,0,0
0,0,0,0
0,0,0,0
0,0,0,0
0,0,0,0
0,0,0,0
0,0,0,0
246,485,9,14
245,386,15,13
0,0,0,0
0,0,0,0
0,0,0,0
0,0,0,0
0,0,0,0
558,242,15,12
594,237,10,9
589,227,12,13
590,251,13,12
0,0,0,0
0,0,0,0
0,0,0,0
626,419,8,14
633,451,12,12
631,359,11,11
651,445,15,14
658,443,15,14
660,367,9,12
658,422,11,16
643,454,13,14
621,364,11,15
0,0,0,0
0,0,0,0
0,0,0,0
0,0,0,0
0,0,0,0
0,0,0,0
0,0,0,0
0,0,0,0
0,0,0,0
0,0,0,0
0,0,0,0
0,0,0,0
0,0,0,0
0,0,0,0
565,372,13,12
0,0,0,0
549,389,14,12
0,0,0,0
0,0,0,0
0,0,0,0
0,0,0,0
0,0,0,0
0,0,0,0
0,0,0,0
0,0,0,0
0,0,0,0
0,0,0,0
504,448,16,13
0,0,0,0
503,328,11,18
502,287,10,12
500,281,10,15
0,0,0,0
578,280,11,10
584,263,11,13
587,264,12,10
590,303,12,9
599,420,13,16
618,632,19,22
628,463,27,24
630,207,25,29
617,87,14,16
615,82,13,12
618,109,8,10
617,147,12,10
616,182,10,10
601,221,12,11
585,301,13,12
576,404,16,14
614,356,10,9
621,355,9,10
620,387,10,12
0,0,0,0
617,443,13,14
0,0,0,0
676,394,11,15
707,415,10,11
0,0,0,0
0,0,0,0
765,468,11,13
0,0,0,0
0,0,0,0
0,0,0,0
0,0,0,0
0,0,0,0
0,0,0,0
0,0,0,0
774,422,13,17
795,483,12,16
0,0,0,0
845,337,14,11
0,0,0,0
0,0,0,0
0,0,0,0
0,0,0,0
0,0,0,0
0,0,0,0
0,0,0,0
0,0,0,0
0,0,0,0
0,0,0,0
0,0,0,0
0,0,0,0
0,0,0,0
0,0,0,0
0,0,0,0
0,0,0,0
0,0,0,0
0,0,0,0
0,0,0,0
0,0,0,0
0,0,0,0
0,0,0,0
0,0,0,0
0,0,0,0
0,0,0,0
0,0,0,0
0,0,0,0
0,0,0,0
0,0,0,0
0,0,0,0
0,0,0,0
0,0,0,0
0,0,0,0
0,0,0,0
838,223,11,11
798,210,8,12
796,193,11,13
794,207,13,14
788,273,14,13
772,451,16,17
739,631,27,22
676,370,34,32
688,50,28,26
734,22,14,17
747,48,15,13
753,89,13,11
758,137,9,10
781,147,10,8
819,164,14,9
874,220,13,14
0,0,0,0
0,0,0,0
0,0,0,0
0,0,0,0
0,0,0,0
0,0,0,0
0,0,0,0
0,0,0,0
0,0,0,0
0,0,0,0
0,0,0,0
0,0,0,0
868,419,8,13
