539,374,33,32
556,329,29,29
563,332,31,29
473,320,28,26
367,214,32,28
364,146,32,31
428,96,33,30
486,61,36,39
548,62,36,37
612,89,41,42
684,143,48,43
787,261,39,34
620,381,41,35
514,380,39,29
452,294,32,26
397,254,28,31
369,252,25,27
445,240,28,29
514,254,31,25
580,291,34,30
0,0,0,0
548,343,28,27
535,288,28,26
567,250,27,29
637,235,25,21
711,231,26,23
788,249,32,27
874,307,33,26
0,0,0,0
0,0,0,0
0,0,0,0
1108,311,23,23
944,323,30,31
806,374,25,26
709,387,29,26
653,352,18,21
613,344,24,22
646,360,20,21
0,0,0,0
0,0,0,0
0,0,0,0
0,0,0,0
0,0,0,0
0,0,0,0
0,0,0,0
0,0,0,0
735,168,23,23
745,201,25,24
775,158,23,24
0,0,0,0
772,164,25,26
672,75,30,25
657,137,29,27
748,214,28,24
795,219,26,22
735,281,27,26
