717,401,10,11
837,483,17,16
950,463,14,13
1087,438,15,18
0,0,0,0
951,289,15,15
780,228,17,12
703,220,13,16
662,199,12,14
606,198,14,11
521,231,18,12
501,263,11,17
537,286,11,10
529,305,14,12
491,346,12,12
0,0,0,0
0,0,0,0
0,0,0,0
0,0,0,0
456,205,13,17
556,206,8,14
603,222,8,14
613,224,9,12
627,262,12,11
0,0,0,0
698,351,10,15
0,0,0,0
0,0,0,0
0,0,0,0
824,392,9,13
0,0,0,0
728,295,9,15
702,278,11,16
686,283,11,14
663,311,16,12
644,364,16,12
653,386,14,9
650,432,10,13
638,405,11,13
624,396,12,14
602,423,19,11
633,283,14,12
657,194,14,13
675,149,11,15
681,112,12,15
687,92,13,13
697,101,12,14
708,155,12,12
717,215,13,9
703,147,14,15
695,130,11,15
689,141,11,11
684,144,12,14
680,159,11,14
673,207,11,15
664,305,11,11
652,471,10,12
0,0,0,0
0,0,0,0
561,413,13,11
507,456,12,15
0,0,0,0
0,0,0,0
0,0,0,0
0,0,0,0
0,0,0,0
0,0,0,0
443,417,11,13
0,0,0,0
0,0,0,0
554,171,15,13
599,138,14,13
603,101,13,13
598,68,14,13
601,62,13,12
599,81,14,17
617,155,13,17
678,227,14,15
712,284,11,15
0,0,0,0
0,0,0,0
0,0,0,0
0,0,0,0
0,0,0,0
0,0,0,0
0,0,0,0
0,0,0,0
838,449,8,13
746,382,12,14
669,341,10,12
613,328,11,16
0,0,0,0
0,0,0,0
0,0,0,0
0,0,0,0
0,0,0,0
0,0,0,0
592,326,11,20
628,351,14,14
678,417,14,11
739,455,12,14
0,0,0,0
762,270,17,13
709,190,10,13
678,172,12,12
655,174,10,11
634,172,12,12
606,204,15,10
571,270,12,10
0,0,0,0
0,0,0,0
0,0,0,0
0,0,0,0
0,0,0,0
0,0,0,0
0,0,0,0
492,344,10,14
552,339,12,13
578,357,10,11
591,404,11,15
0,0,0,0
608,383,12,11
0,0,0,0
667,284,9,9
682,246,13,12
700,218,12,13
712,209,13,16
687,238,9,16
672,272,12,9
660,307,10,12
643,388,13,10
0,0,0,0
588,238,9,15
556,89,12,15
