539,390,12,14
487,527,13,12
468,423,9,11
451,344,13,13
434,318,13,10
0,0,0,0
0,0,0,0
0,0,0,0
0,0,0,0
0,0,0,0
0,0,0,0
0,0,0,0
0,0,0,0
0,0,0,0
0,0,0,0
0,0,0,0
0,0,0,0
167,385,11,9
162,383,13,8
164,377,13,12
0,0,0,0
0,0,0,0
0,0,0,0
245,387,13,10
0,0,0,0
0,0,0,0
165,319,11,11
297,260,10,13
0,0,0,0
560,244,6,6
594,238,7,6
592,231,8,6
593,252,7,10
0,0,0,0
0,0,0,0
0,0,0,0
626,418,10,10
633,453,9,9
631,359,12,11
650,446,13,8
660,447,10,9
659,370,12,10
658,424,12,11
643,454,12,10
624,368,10,9
0,0,0,0
0,0,0,0
0,0,0,0
0,0,0,0
0,0,0,0
0,0,0,0
0,0,0,0
551,343,9,7
551,342,9,8
551,342,9,7
551,340,7,7
551,340,9,8
551,340,11,8
557,330,8,10
567,372,9,11
0,0,0,0
548,391,12,9
0,0,0,0
0,0,0,0
0,0,0,0
0,0,0,0
0,0,0,0
0,0,0,0
0,0,0,0
0,0,0,0
0,0,0,0
0,0,0,0
507,451,8,9
508,414,11,8
505,330,8,11
502,285,9,12
501,283,8,11
0,0,0,0
577,282,9,8
586,265,8,8
586,266,9,9
592,304,8,10
600,421,12,16
616,633,18,19
626,464,27,23
631,209,25,27
618,89,15,12
616,84,10,11
618,109,8,9
619,149,8,7
617,184,9,7
603,222,11,9
588,303,8,8
578,405,9,10
614,360,7,6
623,357,5,7
623,386,6,10
625,471,8,7
621,443,7,10
0,0,0,0
678,397,7,9
708,418,7,8
0,0,0,0
0,0,0,0
765,468,10,8
0,0,0,0
0,0,0,0
0,0,0,0
0,0,0,0
0,0,0,0
0,0,0,0
770,353,9,9
776,425,10,12
797,483,9,13
820,388,11,10
846,338,10,9
0,0,0,0
0,0,0,0
0,0,0,0
0,0,0,0
0,0,0,0
0,0,0,0
0,0,0,0
0,0,0,0
1005,490,17,10
0,0,0,0
0,0,0,0
0,0,0,0
0,0,0,0
990,484,12,10
0,0,0,0
0,0,0,0
0,0,0,0
0,0,0,0
0,0,0,0
0,0,0,0
0,0,0,0
0,0,0,0
0,0,0,0
0,0,0,0
0,0,0,0
0,0,0,0
0,0,0,0
0,0,0,0
0,0,0,0
0,0,0,0
0,0,0,0
0,0,0,0
0,0,0,0
0,0,0,0
836,223,7,9
797,211,7,9
796,195,11,8
794,207,11,11
789,274,10,10
772,453,17,16
740,633,23,20
676,372,31,31
691,50,26,26
736,23,14,13
748,50,9,9
756,91,6,8
756,136,9,10
780,147,8,10
821,163,8,11
876,222,10,8
0,0,0,0
0,0,0,0
0,0,0,0
0,0,0,0
0,0,0,0
0,0,0,0
0,0,0,0
0,0,0,0
0,0,0,0
0,0,0,0
0,0,0,0
0,0,0,0
869,421,6,7
862,429,8,7
856,408,6,7
848,415,8,8
842,424,9,9
837,410,6,7
831,416,7,7
826,415,9,10
828,408,9,8
833,424,6,9
834,417,8,7
837,419,8,9
0,0,0,0
0,0,0,0
0,0,0,0
0,0,0,0
0,0,0,0
0,0,0,0
0,0,0,0
0,0,0,0
0,0,0,0
0,0,0,0
0,0,0,0
0,0,0,0
0,0,0,0
0,0,0,0
0,0,0,0
0,0,0,0
0,0,0,0
0,0,0,0
0,0,0,0
0,0,0,0
0,0,0,0
0,0,0,0
926,362,7,7
942,468,13,11
951,400,10,11
0,0,0,0
0,0,0,0
0,0,0,0
0,0,0,0
0,0,0,0
0,0,0,0
0,0,0,0
0,0,0,0
0,0,0,0
0,0,0,0
0,0,0,0
0,0,0,0
0,0,0,0
0,0,0,0
0,0,0,0
0,0,0,0
976,221,10,10
968,210,10,8
0,0,0,0
839,224,8,8
812,217,11,8
823,217,8,9
834,253,11,9
0,0,0,0
873,606,16,17
888,431,15,18
862,183,18,18
820,93,12,12
802,90,9,10
791,110,7,9
793,124,7,10
823,116,9,9
863,135,8,9
916,200,10,11
820,256,7,8
733,290,8,10
710,312,8,10
