588,382,13,13
593,444,13,10
606,356,10,10
0,0,0,0
595,318,17,17
593,411,12,15
592,421,14,11
598,340,10,11
604,331,16,17
625,350,15,16
0,0,0,0
0,0,0,0
0,0,0,0
0,0,0,0
0,0,0,0
0,0,0,0
0,0,0,0
0,0,0,0
0,0,0,0
0,0,0,0
0,0,0,0
0,0,0,0
0,0,0,0
591,347,10,11
595,458,11,11
598,381,12,12
0,0,0,0
0,0,0,0
594,374,11,11
596,452,9,9
600,359,11,10
0,0,0,0
595,313,12,15
595,401,11,9
597,427,14,11
604,343,11,11
596,320,13,12
593,335,11,12
591,442,12,12
0,0,0,0
0,0,0,0
0,0,0,0
0,0,0,0
0,0,0,0
560,328,15,14
557,366,11,10
550,435,12,14
552,413,10,12
558,365,13,13
563,354,13,12
580,353,13,12
0,0,0,0
0,0,0,0
692,272,15,12
759,314,11,10
865,426,15,15
1022,507,16,16
0,0,0,0
1070,195,19,18
820,110,13,15
718,106,17,13
668,125,9,12
638,142,12,15
624,138,11,14
601,167,14,12
572,238,14,13
654,244,12,11
713,246,10,10
800,255,10,14
923,302,11,12
0,0,0,0
0,0,0,0
871,370,11,6
848,354,12,13
825,364,12,12
808,399,9,11
0,0,0,0
0,0,0,0
0,0,0,0
725,406,9,15
