716,433,12,15
0,0,0,0
718,472,10,10
718,410,14,16
0,0,0,0
0,0,0,0
719,453,15,11
710,429,12,14
700,355,14,8
708,443,14,15
708,434,13,15
0,0,0,0
0,0,0,0
0,0,0,0
0,0,0,0
719,422,10,12
726,470,12,15
726,401,12,12
726,370,10,10
723,375,11,10
0,0,0,0
639,277,9,10
611,248,11,11
573,234,12,11
514,250,10,12
417,321,12,17
237,513,20,17
0,0,0,0
0,0,0,0
158,122,16,20
403,96,18,14
500,114,13,11
547,142,8,13
554,134,10,13
553,137,16,12
554,173,12,11
0,0,0,0
523,349,15,9
497,384,14,11
0,0,0,0
0,0,0,0
364,383,13,8
292,401,13,12
0,0,0,0
432,412,7,11
406,370,10,10
0,0,0,0
0,0,0,0
0,0,0,0
0,0,0,0
403,400,14,12
416,461,13,13
428,440,12,13
437,403,11,10
0,0,0,0
0,0,0,0
0,0,0,0
592,386,16,14
621,492,18,13
638,413,12,11
0,0,0,0
665,473,14,16
674,409,13,12
0,0,0,0
699,435,10,11
706,446,10,11
708,367,14,12
713,430,15,15
722,443,12,15
0,0,0,0
0,0,0,0
0,0,0,0
0,0,0,0
0,0,0,0
0,0,0,0
0,0,0,0
0,0,0,0
0,0,0,0
0,0,0,0
724,419,15,13
0,0,0,0
0,0,0,0
0,0,0,0
0,0,0,0
0,0,0,0
0,0,0,0
0,0,0,0
0,0,0,0
509,316,8,13
406,423,12,12
242,566,17,17
0,0,0,0
0,0,0,0
213,60,21,22
420,30,13,14
486,48,15,11
522,77,13,9
523,54,9,17
515,40,12,16
504,62,12,14
490,130,14,15
0,0,0,0
516,247,10,11
519,262,10,12
482,270,12,11
0,0,0,0
0,0,0,0
0,0,0,0
0,0,0,0
0,0,0,0
457,245,13,12
519,255,12,13
538,268,10,10
0,0,0,0
0,0,0,0
556,513,11,13
0,0,0,0
0,0,0,0
0,0,0,0
517,343,13,10
471,381,14,12
0,0,0,0
0,0,0,0
0,0,0,0
0,0,0,0
0,0,0,0
455,280,13,10
467,273,14,10
451,287,10,9
0,0,0,0
0,0,0,0
654,398,13,15
