853,287,11,12
843,253,9,12
832,235,12,13
821,236,13,13
804,275,12,11
0,0,0,0
0,0,0,0
0,0,0,0
0,0,0,0
0,0,0,0
0,0,0,0
0,0,0,0
0,0,0,0
0,0,0,0
0,0,0,0
0,0,0,0
0,0,0,0
0,0,0,0
0,0,0,0
0,0,0,0
0,0,0,0
895,487,10,14
0,0,0,0
898,365,14,16
891,493,12,12
875,431,13,14
869,364,11,13
859,498,14,10
838,424,19,12
833,397,12,19
839,518,15,15
833,405,13,15
834,363,15,12
832,484,14,13
821,446,15,11
807,361,11,11
829,460,13,17
834,453,14,17
832,365,11,10
838,455,14,16
833,460,14,14
821,372,14,12
841,463,10,16
846,455,14,14
847,377,13,14
846,458,15,15
829,461,14,15
807,375,15,12
833,455,15,12
847,489,9,11
843,410,10,14
827,388,13,15
787,381,12,16
