703,357,12,14
673,478,13,16
655,398,11,12
0,0,0,0
0,0,0,0
0,0,0,0
0,0,0,0
0,0,0,0
0,0,0,0
0,0,0,0
0,0,0,0
0,0,0,0
0,0,0,0
604,361,16,18
606,350,12,12
0,0,0,0
0,0,0,0
0,0,0,0
610,345,16,13
607,342,18,18
611,343,12,18
0,0,0,0
0,0,0,0
0,0,0,0
0,0,0,0
0,0,0,0
612,338,14,17
607,331,18,19
604,295,22,22
615,273,13,21
0,0,0,0
646,437,14,18
649,427,16,17
652,339,11,12
660,325,13,17
656,457,12,13
644,407,14,16
634,322,11,12
647,407,11,15
652,444,13,13
646,339,11,13
656,355,11,12
662,489,15,17
662,380,14,14
664,305,13,13
688,384,12,13
709,466,14,14
710,356,11,12
710,284,9,15
0,0,0,0
0,0,0,0
0,0,0,0
0,0,0,0
0,0,0,0
0,0,0,0
668,461,12,19
668,355,15,17
667,240,14,17
666,166,13,15
662,131,18,16
664,141,13,16
661,162,11,17
658,182,12,13
667,171,16,11
692,173,7,16
722,216,13,11
