115,439,107,168
125,441,121,171
138,441,127,170
156,440,125,172
171,438,139,169
192,433,136,172
214,431,135,170
246,430,113,165
261,429,103,162
278,426,92,158
293,422,75,160
281,420,83,154
290,416,69,144
269,413,94,133
276,411,59,138
250,409,94,130
231,410,80,135
233,411,83,132
208,412,89,139
210,415,60,137
171,419,85,135
153,422,80,158
146,425,63,153
139,429,75,151
132,432,96,155
137,434,103,155
154,437,104,155
169,437,110,155
178,436,116,156
193,436,118,156
198,435,123,154
216,435,117,152
243,434,109,149
256,431,104,152
273,442,88,152
287,448,77,147
301,446,68,148
302,447,76,145
305,445,76,145
309,442,76,144
315,440,77,146
313,439,80,147
313,438,79,146
313,438,75,146
313,438,74,146
311,438,72,146
312,438,74,147
314,441,71,143
314,442,72,139
312,424,74,155
310,409,77,170
302,414,81,165
293,414,90,168
287,417,95,165
282,423,101,158
281,426,102,155
276,427,106,153
303,427,78,150
293,436,86,141
296,446,85,131
301,452,73,124
293,455,75,124
288,459,76,121
285,463,79,118
286,465,78,115
286,463,80,119
289,453,76,128
288,439,71,140
301,421,55,159
301,417,55,162
301,421,57,158
300,430,59,151
301,444,57,140
302,447,54,137
297,450,58,129
291,456,65,123
295,461,63,118
300,448,55,129
292,429,61,149
303,426,46,153
303,441,54,138
301,450,57,128
297,453,53,126
298,452,48,127
294,455,53,120
289,457,60,120
286,458,61,119
283,462,67,117
280,461,68,116
283,455,63,121
293,445,52,129
292,442,49,129
293,441,46,130
292,448,47,122
291,457,57,113
293,466,56,105
289,471,59,102
292,476,56,96
292,481,55,88
295,480,52,91
295,477,52,97
301,477,46,94
299,474,48,97
295,469,52,101
297,462,46,106
295,456,45,113
296,452,43,116
295,447,46,123
293,445,48,125
291,445,50,127
283,446,58,129
279,449,62,129
279,451,60,128
282,451,59,125
287,451,54,125
285,447,36,58
288,444,32,58
289,443,30,57
289,442,31,54
290,443,36,56
288,444,38,55
281,444,42,56
265,446,77,143
240,447,112,143
231,450,119,146
230,453,119,143
207,454,106,144
191,453,81,145
183,451,70,143
180,451,54,135
171,449,57,133
193,447,42,57
203,442,29,41
223,442,29,39
221,446,34,33
238,451,21,20
233,457,25,20
230,459,29,26
227,461,35,24
229,455,30,26
230,446,24,28
212,441,38,37
205,443,22,38
192,446,41,40
159,453,40,121
147,457,81,147
147,461,106,145
157,466,110,148
188,467,90,147
193,465,100,145
198,464,117,147
220,459,117,149
244,456,88,143
258,453,81,136
277,451,61,126
254,447,50,96
248,446,33,45
220,445,44,52
205,446,46,43
184,450,50,39
144,454,51,135
131,455,87,153
124,459,90,149
129,463,103,148
151,462,91,150
168,461,88,147
176,461,96,147
179,458,102,152
200,455,110,149
220,454,90,145
237,451,82,141
251,447,71,132
252,445,41,56
243,445,34,108
254,444,21,82
0,0,0,0
229,450,30,96
228,453,32,95
226,456,34,88
226,458,34,82
227,461,29,67
229,459,31,40
234,456,21,24
233,455,21,24
235,452,20,22
236,449,20,47
233,450,25,68
234,446,21,46
232,447,26,52
232,446,29,79
246,444,18,32
242,444,27,50
244,441,26,50
247,441,22,54
240,440,30,64
241,442,29,63
251,440,18,21
243,439,27,66
241,441,29,63
241,440,30,59
253,439,19,26
238,440,34,55
240,440,31,57
237,440,32,52
0,0,0,0
239,442,29,98
237,443,35,92
232,443,43,140
238,444,43,132
249,444,39,113
266,442,26,71
248,435,46,139
245,435,44,138
254,435,34,138
240,437,45,138
227,437,57,140
215,441,66,136
215,445,62,137
220,448,58,135
227,449,49,137
233,449,42,121
235,449,37,113
246,437,35,119
257,431,31,119
261,428,33,122
261,428,34,120
261,425,34,123
261,429,33,118
263,427,32,120
264,427,31,121
262,427,33,120
262,428,33,117
261,426,36,121
264,423,31,121
263,428,34,115
265,427,33,120
264,424,28,117
264,425,29,116
265,428,30,124
264,433,45,119
265,420,48,121
265,411,38,125
252,411,51,139
264,416,59,113
270,423,77,123
279,426,85,131
284,429,86,129
298,428,72,131
302,429,74,127
306,429,66,115
306,426,58,132
306,422,54,141
303,433,52,125
302,423,43,130
302,414,42,117
304,412,30,118
300,414,35,124
301,422,46,128
291,433,70,126
293,438,72,125
298,429,75,132
297,426,76,134
297,431,66,129
286,438,70,122
287,442,59,117
266,430,72,129
247,422,85,134
0,0,0,0
0,0,0,0
194,451,41,110
185,456,59,120
176,454,78,125
163,452,102,132
185,454,88,132
194,459,73,130
158,456,117,136
159,451,110,144
163,452,92,153
152,452,86,157
146,464,129,141
158,475,144,134
198,474,128,134
250,466,100,136
261,460,119,136
269,459,143,137
300,469,124,132
313,475,119,123
335,460,98,139
354,441,128,158
389,435,127,163
426,442,118,155
461,453,99,142
469,449,102,135
474,447,116,135
496,441,114,134
526,446,96,129
527,452,90,127
534,450,110,125
560,446,116,127
580,442,112,129
607,438,94,133
619,442,102,130
632,431,95,141
636,422,96,151
637,422,83,151
636,417,68,157
628,415,66,155
608,423,81,149
590,440,96,132
585,448,90,127
579,446,79,128
557,439,98,131
558,429,88,137
566,429,82,135
582,427,100,136
612,423,83,140
622,423,76,140
622,422,74,144
621,422,72,146
616,426,72,138
618,439,62,134
607,439,65,137
592,439,73,138
593,443,64,130
577,448,77,129
570,440,86,138
568,424,84,153
552,414,93,158
551,416,87,156
548,423,76,149
535,429,77,144
526,438,76,132
509,443,89,127
484,445,109,127
468,448,115,121
448,449,104,124
443,440,82,128
430,433,84,139
421,427,90,144
417,420,92,153
415,425,89,152
393,440,104,138
372,445,101,132
354,443,103,135
343,444,112,132
352,446,116,132
382,437,103,143
417,424,80,155
428,422,86,160
436,434,92,146
440,445,93,131
428,447,105,131
408,452,115,129
389,456,113,126
388,449,80,133
364,445,77,133
310,428,119,140
293,434,122,148
306,441,89,143
328,463,46,127
285,462,60,140
262,466,77,147
248,472,94,143
242,472,101,151
251,488,111,147
250,490,120,145
256,477,114,159
273,462,92,177
282,469,84,165
293,487,91,158
321,493,109,149
362,493,93,150
422,493,103,144
439,487,116,152
480,498,101,144
496,496,107,153
538,497,97,152
564,478,112,166
586,459,122,180
616,463,119,174
646,481,113,158
661,497,106,143
707,492,94,142
737,485,120,144
765,475,115,142
790,482,112,139
823,480,116,141
864,472,98,145
885,461,100,152
901,436,93,173
907,434,93,167
911,442,92,156
924,452,90,145
934,462,90,128
944,451,78,136
954,438,63,139
958,441,96,133
965,443,105,131
970,433,111,135
978,423,105,139
993,404,90,157
993,399,84,155
984,406,92,150
966,415,103,139
950,424,98,124
923,426,108,122
909,416,105,127
900,419,102,124
885,426,98,117
868,420,90,123
866,411,79,128
863,415,67,123
834,406,84,122
816,410,93,119
790,418,80,102
780,414,70,119
776,414,74,119
761,413,96,119
747,409,103,122
746,409,100,123
755,402,89,132
754,409,81,122
729,407,98,123
724,408,95,122
712,413,75,116
712,415,92,122
701,410,112,125
707,401,107,133
726,400,89,135
733,404,95,129
715,409,114,122
721,409,96,123
714,411,81,122
701,413,97,120
703,412,108,120
704,413,104,122
723,403,89,132
744,404,77,131
744,406,85,129
739,406,90,130
741,400,76,135
738,407,73,128
727,410,83,124
718,403,70,132
692,392,71,140
681,407,95,122
682,408,98,122
677,405,99,121
671,403,99,127
664,403,104,126
669,404,93,125
673,410,91,119
675,419,94,116
695,419,94,124
717,420,104,124
737,419,99,129
749,416,106,133
757,421,111,130
774,427,116,126
804,429,89,128
840,426,55,129
830,422,80,140
841,426,102,136
870,433,86,133
895,437,77,134
910,436,70,134
926,436,78,135
921,432,99,146
944,433,94,144
946,440,112,137
965,444,97,138
972,442,64,131
988,435,51,138
998,436,47,146
1001,439,54,145
968,442,86,139
952,442,99,133
980,439,65,134
979,434,67,136
971,433,70,139
951,437,77,141
924,441,123,143
918,446,119,142
941,447,84,141
953,442,79,146
953,440,77,151
956,444,71,148
934,453,87,140
939,451,66,140
910,445,85,129
910,439,83,135
908,431,87,130
893,436,70,130
895,432,59,134
895,425,60,130
882,418,76,132
877,418,78,135
871,422,70,131
853,424,83,128
851,420,72,129
847,416,70,132
837,413,67,132
827,415,70,130
824,415,71,130
833,413,69,131
847,410,62,131
854,409,62,131
856,411,65,128
859,411,66,128
859,410,72,130
865,409,65,133
870,410,60,132
876,409,55,133
883,410,64,132
885,411,76,131
879,412,82,130
876,412,81,129
875,410,70,130
863,414,77,125
857,421,70,122
818,423,94,121
794,418,106,126
767,419,117,122
754,418,112,126
749,423,103,128
735,425,91,129
727,424,85,133
707,421,93,135
701,419,93,130
692,423,96,127
685,429,78,125
676,424,75,123
650,422,77,129
605,418,98,131
591,420,116,131
586,425,119,126
582,426,116,126
579,424,102,129
585,419,86,144
582,417,53,145
579,423,64,138
571,428,83,132
565,427,95,130
561,423,77,129
555,420,65,127
561,417,87,128
571,416,87,126
596,420,57,128
587,414,60,135
561,418,92,132
553,422,99,118
543,422,95,119
523,422,82,121
512,412,79,123
504,409,85,126
490,409,93,120
476,409,96,115
429,426,113,103
397,419,95,116
377,410,73,126
360,410,90,121
358,415,83,123
319,430,95,107
259,434,109,120
234,435,111,123
214,432,96,137
211,415,96,152
192,420,114,152
185,432,121,149
193,442,95,146
177,453,104,138
181,458,88,147
195,459,81,147
185,467,109,149
185,477,117,148
186,479,125,149
198,480,92,148
192,484,122,150
208,491,120,149
236,490,137,150
277,495,126,157
314,489,120,162
308,498,154,153
326,499,127,149
366,501,145,153
418,497,158,151
486,501,130,157
517,497,118,162
527,467,149,184
552,465,149,187
566,485,133,165
602,487,115,164
642,493,127,153
693,485,127,156
738,483,127,150
759,487,137,145
811,491,117,152
846,486,110,158
870,485,105,155
880,460,111,175
897,460,117,177
906,474,124,159
921,485,114,151
930,481,101,150
953,474,112,156
971,470,88,152
962,471,113,152
980,470,105,158
1007,466,83,165
994,474,100,156
973,478,115,155
956,472,119,156
948,471,109,152
951,470,135,146
971,473,132,154
1001,476,117,162
1030,475,107,163
1013,481,135,153
997,480,139,154
997,471,100,152
992,467,96,158
996,466,125,159
1019,466,114,159
1068,467,84,164
1042,478,118,156
1006,480,137,156
1006,481,113,155
979,477,97,159
959,472,142,162
969,473,150,163
999,470,127,168
1029,473,97,170
1010,485,120,160
979,484,142,156
970,479,126,166
966,475,104,163
962,455,83,181
951,451,95,181
942,469,100,162
955,465,84,162
953,465,87,162
952,464,89,163
939,448,105,179
938,437,106,186
941,436,105,185
941,433,106,188
943,434,97,187
940,434,101,186
941,437,103,184
934,442,110,180
940,455,102,169
960,458,75,163
964,449,75,171
972,438,77,183
988,434,78,187
997,468,88,154
1006,473,105,152
1006,452,98,159
998,446,106,114
960,445,136,93
946,443,104,127
924,448,137,128
934,454,155,124
970,454,133,124
930,451,167,112
918,448,155,98
904,446,121,126
920,450,158,129
942,457,142,117
972,454,136,116
943,448,152,106
929,446,146,118
916,448,136,139
922,453,156,126
958,454,151,115
962,448,147,113
955,445,145,112
921,446,133,125
934,452,144,135
946,453,137,126
985,453,126,122
950,449,153,109
936,446,135,119
915,451,130,142
927,461,125,148
946,454,136,159
982,438,129,175
1007,434,106,175
1002,439,124,172
1005,461,110,151
1012,463,107,148
1029,466,108,151
1038,471,129,152
1044,474,129,156
1048,471,140,159
1044,468,150,163
1042,460,141,173
1041,468,137,165
1047,478,124,154
1048,481,105,153
1048,471,101,158
1045,446,124,184
1037,454,129,175
1032,473,126,157
1024,477,120,156
1002,468,120,154
997,463,105,156
965,462,110,157
954,471,106,145
930,471,119,148
909,463,126,150
896,458,126,157
888,459,134,156
892,458,138,157
914,466,132,150
939,472,127,148
969,474,119,148
1013,468,105,152
1049,463,96,154
1046,460,115,140
1038,459,116,139
1008,451,124,135
974,444,116,130
949,494,90,72
894,436,94,123
849,432,98,127
809,431,91,128
781,430,96,129
758,426,98,133
743,422,110,137
740,422,87,137
746,427,67,130
732,437,75,121
727,431,79,126
724,423,77,133
720,423,79,134
716,432,84,126
724,438,84,121
739,435,75,121
761,425,56,129
771,422,60,133
763,431,84,129
772,444,77,122
786,445,72,127
790,443,85,130
808,442,88,143
814,442,94,143
827,449,94,143
846,456,88,144
848,458,93,143
851,456,92,157
859,457,98,156
871,463,104,153
875,471,107,153
880,475,105,158
899,474,109,160
922,472,136,166
950,473,140,167
977,479,115,164
986,482,109,165
998,480,85,166
991,476,73,171
967,479,93,169
966,486,96,163
958,486,87,165
949,482,91,169
935,482,80,168
916,479,99,176
889,485,107,165
855,489,126,163
834,500,141,162
824,508,149,162
824,518,156,157
828,527,149,151
828,509,148,161
848,490,135,171
878,489,103,171
899,486,81,167
912,481,83,170
936,484,89,165
943,489,121,158
969,493,120,154
991,489,104,153
966,481,126,157
942,472,137,154
925,472,137,156
937,475,92,155
916,479,116,152
925,485,139,155
945,484,160,152
984,478,136,158
1017,471,101,158
1020,466,96,160
960,466,149,152
939,469,149,158
949,474,91,160
942,481,88,154
939,486,128,152
941,485,164,157
974,478,127,155
1013,474,91,159
999,468,103,153
949,465,137,157
917,467,132,155
927,470,76,154
915,471,92,161
923,475,118,159
945,481,145,149
987,475,126,158
1023,467,80,159
1021,459,97,165
1007,453,111,165
970,458,124,161
951,460,113,164
955,463,85,166
955,470,94,163
968,476,112,163
981,479,131,159
1009,474,126,161
1038,467,94,166
1025,460,98,168
1005,455,103,171
963,458,129,165
930,463,131,162
932,465,90,163
921,468,95,168
928,471,118,165
956,466,107,171
990,477,97,157
986,477,111,158
986,477,122,158
991,471,131,164
990,464,135,170
986,476,119,158
968,487,123,142
946,491,103,145
913,488,111,146
898,476,103,157
875,456,113,177
862,448,121,184
865,445,122,185
868,459,115,173
879,471,115,167
899,474,110,167
932,473,114,176
958,470,125,178
986,471,114,172
1022,476,100,166
1035,465,103,170
1022,459,98,170
1014,454,112,171
1001,456,105,160
974,458,99,155
948,461,86,149
927,463,67,147
905,462,80,152
892,462,86,153
890,463,94,154
891,462,95,154
891,463,94,159
889,464,94,158
890,464,93,159
882,464,103,161
876,463,108,163
871,464,112,161
864,465,119,159
859,464,122,161
855,465,126,159
852,466,128,160
848,465,132,161
844,465,133,161
841,464,137,161
841,465,134,159
844,465,135,159
842,464,135,159
843,465,134,158
838,464,141,161
840,463,143,158
865,467,121,156
878,469,114,156
911,465,88,161
953,466,71,161
968,468,102,160
980,461,106,168
996,453,96,174
1011,455,96,173
1021,453,98,175
1025,455,102,173
1034,453,103,175
1038,450,102,179
1032,447,98,182
1030,448,97,181
1028,443,103,185
1028,445,111,184
1029,445,116,184
1029,447,121,183
1027,448,124,182
1026,447,126,182
1025,445,129,186
1025,447,130,183
