274,269,101,153
279,268,95,153
286,266,87,153
298,263,81,150
311,258,72,150
295,258,93,147
288,255,108,151
285,253,112,147
295,255,106,147
312,257,107,148
311,257,101,147
316,256,90,147
338,255,84,152
360,257,83,152
371,257,95,149
380,257,96,150
386,259,97,148
392,253,95,149
396,251,98,147
401,250,98,146
405,249,94,147
408,254,93,149
408,259,91,148
409,231,85,179
408,225,80,185
412,230,76,179
409,233,77,177
409,229,81,179
408,229,84,180
408,240,83,166
411,255,84,153
414,254,85,153
419,253,89,154
424,253,93,153
432,257,101,151
437,259,102,150
434,258,106,150
437,255,95,149
451,252,84,148
465,249,93,149
486,247,59,149
490,248,91,147
495,285,104,107
501,248,108,145
511,244,117,148
552,242,85,149
540,243,90,147
539,246,81,151
527,231,81,167
531,232,71,166
532,233,70,166
532,230,71,167
532,233,72,165
526,234,79,161
543,245,67,144
544,245,70,146
545,244,78,147
545,244,80,146
544,245,79,146
548,245,73,145
554,242,66,145
553,241,71,143
547,240,84,142
545,239,89,145
539,240,91,145
538,242,88,146
547,243,75,145
555,229,67,159
556,231,61,157
514,251,93,138
517,247,90,142
557,248,49,141
556,246,50,144
555,246,51,144
556,245,52,144
556,245,52,144
556,245,50,144
556,245,50,143
559,245,51,143
558,245,64,145
557,242,64,143
561,239,83,141
568,238,103,137
590,238,106,133
603,236,99,142
604,235,104,142
594,236,113,142
605,236,104,136
625,233,97,134
635,233,89,130
652,234,99,142
660,234,96,142
661,237,84,139
651,238,69,140
644,239,67,140
647,239,64,141
646,243,69,137
645,240,77,140
646,241,88,138
657,225,86,147
657,225,100,144
663,218,111,152
663,221,118,150
663,227,114,141
668,220,103,147
674,209,80,165
679,207,73,167
678,208,70,164
672,209,74,163
673,211,75,162
672,212,75,161
671,212,76,162
672,212,75,161
671,213,76,160
672,212,74,160
672,211,74,162
674,212,73,161
672,212,74,161
673,212,74,161
673,212,73,161
673,212,74,161
673,212,74,161
673,211,74,161
675,212,71,163
675,212,72,161
671,213,76,160
668,216,81,157
665,215,84,157
662,216,86,155
658,219,92,150
656,220,97,149
657,222,98,142
654,225,102,138
657,224,102,140
658,225,104,140
661,225,102,141
663,226,101,140
662,226,102,141
661,225,102,141
659,226,101,139
660,226,99,139
661,226,99,140
661,226,98,140
660,226,99,140
661,226,97,139
661,227,97,138
664,225,94,140
664,227,96,138
662,226,97,140
661,225,102,139
656,225,106,139
649,226,106,134
645,225,108,128
652,216,92,133
654,215,60,131
647,215,72,132
655,215,66,133
656,217,85,133
673,221,76,130
689,207,65,139
705,203,68,139
709,205,82,129
737,196,81,135
736,198,86,129
744,205,86,124
750,206,80,121
750,202,87,134
730,198,109,123
727,210,94,119
739,195,82,127
753,196,67,127
752,197,62,123
757,198,80,121
767,198,87,119
774,195,81,118
777,192,78,120
784,191,71,116
792,194,62,113
797,193,58,115
798,192,56,113
807,186,47,114
809,184,46,112
811,180,42,112
805,180,39,112
809,178,33,109
822,175,33,30
834,181,20,21
0,0,0,0
0,0,0,0
0,0,0,0
0,0,0,0
0,0,0,0
0,0,0,0
0,0,0,0
0,0,0,0
0,0,0,0
775,163,40,34
773,163,19,31
765,160,26,33
0,0,0,0
0,0,0,0
0,0,0,0
759,169,20,12
751,168,31,43
745,158,41,88
741,157,52,88
731,156,56,88
721,155,53,84
721,155,55,84
705,151,56,84
700,151,50,81
703,145,41,81
704,136,65,84
711,134,56,82
718,135,39,80
715,146,41,63
698,142,56,84
690,143,54,78
687,145,57,79
680,141,55,84
673,145,55,78
663,145,60,76
643,146,62,73
634,142,55,77
627,133,56,85
626,133,51,81
626,128,59,84
628,130,58,74
631,135,52,68
620,139,62,78
614,139,60,77
613,139,51,76
604,144,51,76
594,136,51,76
586,136,51,76
572,144,55,70
556,142,54,74
550,142,53,71
549,140,54,72
545,147,54,62
545,148,53,64
550,141,52,71
544,143,57,69
538,142,56,69
537,140,49,71
535,141,50,68
535,141,52,72
540,141,44,74
538,141,47,75
537,141,51,72
543,141,49,73
547,141,48,72
552,138,46,76
556,140,44,74
562,140,37,74
570,137,35,73
559,136,51,74
558,134,51,74
567,138,42,71
571,142,59,69
571,139,61,73
574,140,61,73
587,135,48,79
596,138,47,76
601,131,50,86
608,134,56,85
614,136,54,81
619,136,58,74
623,135,57,78
634,138,57,76
639,139,58,73
630,139,63,74
625,139,69,77
625,146,73,71
636,142,57,74
641,141,49,78
649,141,45,80
656,141,40,80
653,142,39,81
653,143,49,79
653,147,50,75
651,149,55,73
671,143,43,80
671,144,43,79
670,146,46,78
679,146,53,80
681,154,47,73
681,148,57,79
676,149,64,75
678,150,58,80
667,154,54,78
666,151,64,82
676,158,54,64
701,150,28,47
693,151,37,55
689,155,46,41
681,153,53,69
682,153,48,74
660,157,50,75
688,154,30,51
681,154,61,29
685,159,62,27
721,159,27,23
718,159,33,27
724,161,30,26
728,157,33,32
728,161,19,20
722,157,26,32
722,161,31,37
731,171,26,35
730,163,32,50
741,147,21,27
749,142,25,30
758,145,23,35
762,158,23,42
746,183,23,18
750,181,17,18
0,0,0,0
768,174,54,39
765,174,48,36
772,174,34,31
774,176,31,108
775,180,45,106
776,160,41,118
780,152,59,128
785,153,65,127
776,165,79,121
772,186,83,115
768,190,84,112
767,186,67,116
750,186,85,118
749,190,74,114
732,193,71,113
717,194,80,117
717,194,86,116
727,195,92,118
719,196,91,123
746,197,72,124
736,202,99,122
726,210,107,117
712,207,89,125
688,208,88,123
663,209,92,125
660,211,92,123
669,215,85,121
668,215,88,126
669,214,104,128
672,214,105,128
674,214,99,129
674,215,99,131
676,213,102,134
682,214,96,131
696,215,98,129
709,211,95,133
737,208,78,135
738,206,90,132
738,207,107,132
744,210,106,130
748,210,89,128
757,212,89,120
753,205,98,122
746,203,95,121
745,198,76,122
746,196,72,123
748,189,89,124
766,204,81,105
769,190,86,115
776,189,79,116
777,189,78,117
773,189,82,116
762,191,93,114
750,188,95,116
748,188,93,116
750,190,91,115
789,193,60,117
807,190,48,120
822,191,33,117
823,215,32,93
821,212,34,100
824,216,31,93
829,220,26,89
825,193,29,115
811,191,44,115
764,185,91,114
747,179,85,116
726,179,74,111
729,186,54,103
719,185,62,106
708,185,67,81
680,189,76,100
667,188,88,94
685,189,70,84
673,186,84,103
716,189,43,100
727,190,45,103
733,189,43,107
723,184,104,112
738,186,92,110
737,186,94,113
737,188,97,109
742,186,94,110
753,185,92,112
776,183,74,116
786,180,69,118
784,182,71,113
783,184,72,113
783,184,72,110
783,182,72,107
793,181,62,105
798,185,52,99
784,186,47,27
0,0,0,0
0,0,0,0
0,0,0,0
770,172,67,36
817,177,19,21
811,177,20,20
801,180,17,14
0,0,0,0
0,0,0,0
0,0,0,0
800,172,21,32
807,172,25,39
814,172,39,93
811,172,44,97
808,173,47,98
809,173,46,101
817,175,38,102
812,174,28,98
804,173,19,41
0,0,0,0
0,0,0,0
0,0,0,0
0,0,0,0
0,0,0,0
725,170,34,40
709,172,52,40
672,168,87,42
705,169,61,41
705,174,63,41
720,174,50,42
741,172,35,80
748,171,26,55
755,172,67,85
740,169,86,87
740,170,89,87
741,169,83,90
743,168,76,94
739,169,74,94
738,167,71,97
733,166,68,95
734,162,64,35
733,163,63,30
731,165,63,26
731,162,60,26
728,161,57,30
725,161,39,31
726,159,36,37
720,160,54,37
721,159,53,34
722,156,54,65
744,154,34,36
740,154,38,30
733,155,45,90
732,156,44,89
729,155,52,87
726,155,57,86
709,154,69,83
701,151,69,84
689,150,60,85
686,149,52,86
685,147,59,84
683,147,66,81
679,145,74,81
676,146,69,82
680,148,68,80
676,149,64,77
671,148,58,78
666,146,44,78
654,142,62,81
647,144,66,77
639,148,75,73
634,146,52,75
631,141,47,79
627,141,50,80
621,141,51,76
612,148,60,67
610,142,69,74
612,141,63,76
615,142,56,75
606,143,57,75
595,142,51,75
585,141,57,76
574,142,62,76
567,142,58,76
559,142,54,74
557,142,41,73
551,141,38,70
542,140,42,69
542,140,53,69
542,139,48,69
536,138,47,67
538,138,39,71
533,138,47,73
527,137,52,71
521,137,51,71
522,142,50,66
521,142,46,67
523,143,39,66
523,144,38,66
523,146,38,65
522,146,39,65
511,151,48,59
509,172,46,39
502,149,46,61
494,151,49,58
491,139,43,69
495,139,39,66
478,139,53,68
478,139,53,71
474,142,55,70
472,143,51,69
464,142,51,72
463,143,43,71
464,142,39,71
464,143,37,69
464,140,41,73
465,144,41,68
461,155,42,57
455,168,38,43
455,145,41,60
455,142,29,65
438,140,48,66
431,142,51,70
425,145,52,69
420,146,53,68
418,144,47,72
418,145,36,71
416,145,34,72
415,146,34,70
415,144,39,70
416,136,43,77
420,137,46,77
424,144,42,68
417,144,48,69
415,144,46,69
417,146,43,66
419,143,39,69
421,143,38,67
414,143,45,68
416,151,43,63
421,147,39,67
422,147,38,67
422,146,37,68
422,147,39,66
419,141,45,70
418,143,46,72
417,143,49,68
419,145,47,67
424,160,34,50
427,146,31,66
428,147,28,66
428,147,30,66
428,146,30,67
427,148,30,65
421,151,36,61
418,151,37,63
414,139,40,73
409,138,43,74
405,136,40,74
401,137,32,75
394,140,34,75
383,142,40,74
379,149,43,67
375,146,40,71
368,148,42,68
362,150,45,71
357,150,39,71
345,153,45,67
339,155,47,66
339,153,42,68
334,151,38,68
327,154,35,68
319,156,39,68
310,155,36,71
299,156,46,73
299,156,43,72
293,155,40,75
288,158,39,73
282,159,49,74
277,160,40,75
268,163,41,71
258,165,49,70
255,161,41,75
253,160,35,75
245,162,37,75
233,164,46,76
227,166,43,78
223,167,41,79
218,167,45,77
213,164,48,77
206,169,52,79
201,172,53,78
200,173,47,77
192,174,45,81
184,176,45,79
173,184,39,71
173,177,46,76
163,176,51,75
166,176,43,81
152,175,54,87
152,176,56,83
153,181,60,79
148,185,63,77
149,182,48,83
143,183,44,80
140,182,48,82
140,182,50,81
141,183,48,82
141,179,41,86
140,182,40,81
139,181,41,83
141,180,35,83
139,181,42,82
139,182,42,81
139,181,45,81
140,180,44,83
142,179,40,83
138,180,45,82
139,178,44,84
138,179,44,81
139,179,42,82
137,179,43,82
124,183,57,82
116,184,61,79
126,188,48,79
123,189,52,76
126,190,50,76
128,188,47,77
131,187,43,78
129,180,41,84
141,180,34,84
142,181,41,81
143,180,40,84
142,181,41,83
142,181,41,81
140,182,47,79
139,179,47,82
136,180,47,82
138,181,42,80
139,180,43,81
139,180,44,80
142,178,45,84
149,180,36,81
149,173,40,83
150,175,48,84
151,177,60,71
151,178,63,75
164,179,49,76
165,179,49,81
168,179,44,80
167,179,43,82
167,180,46,80
166,181,55,79
166,181,59,80
168,184,59,77
171,185,59,77
173,188,49,75
171,186,53,78
170,185,39,79
168,183,41,80
165,182,42,81
163,180,43,83
160,181,43,82
160,183,41,81
158,180,42,82
158,179,42,83
156,180,43,83
158,178,44,84
155,180,49,82
154,180,51,82
156,180,55,86
155,177,57,87
159,176,60,87
166,182,54,81
167,181,51,81
167,182,51,80
168,181,49,81
168,183,50,80
168,183,53,83
166,184,54,83
166,184,51,83
168,184,47,83
166,184,51,83
170,183,46,87
169,186,49,85
176,186,43,84
183,186,42,87
191,188,48,86
196,189,49,83
209,184,46,87
219,185,42,84
230,183,48,85
248,182,44,85
260,182,41,87
260,181,53,87
265,179,64,90
273,181,68,86
280,180,67,87
287,180,62,88
285,183,68,87
297,183,52,88
295,182,52,86
310,181,41,88
318,179,32,88
329,179,46,89
337,184,42,82
340,178,47,88
351,176,48,92
351,178,53,93
360,176,56,90
363,177,67,85
371,181,59,82
375,182,50,83
380,181,45,85
384,180,34,86
391,178,29,89
395,178,38,89
398,177,34,90
408,185,31,81
414,176,39,90
413,176,44,91
415,177,51,96
418,177,47,100
425,177,38,83
427,177,35,85
422,176,42,89
424,174,38,92
426,174,37,91
425,174,37,91
428,174,34,92
427,174,35,91
425,176,36,90
418,173,39,89
414,174,41,87
405,183,44,81
420,174,39,92
408,175,49,89
398,177,58,89
386,178,65,90
378,178,65,90
369,178,57,93
354,180,53,90
347,180,50,90
329,178,53,90
311,177,58,94
295,177,61,88
290,190,61,74
290,178,66,92
299,181,60,89
283,183,76,88
270,182,72,91
260,183,64,90
246,181,55,92
233,185,46,87
215,183,49,87
188,183,59,84
182,192,67,73
190,193,56,75
195,184,49,85
184,186,71,84
175,185,71,85
169,185,63,84
162,185,56,84
157,185,47,85
138,186,54,80
131,187,47,80
126,182,46,81
130,189,47,76
129,190,55,74
143,181,43,84
132,181,60,85
125,183,69,83
120,181,70,85
118,182,66,80
118,185,58,77
117,184,56,82
118,183,50,83
119,185,55,84
121,187,54,83
123,189,51,81
128,187,47,84
126,184,53,86
126,186,57,84
135,187,51,84
139,185,53,86
150,186,43,84
163,184,55,84
176,189,52,80
181,184,53,81
182,186,64,80
183,183,67,85
194,181,58,89
202,183,60,86
207,181,61,83
205,182,64,84
210,183,57,84
210,182,64,85
228,183,46,85
237,182,36,83
245,179,56,86
265,187,49,77
262,179,59,86
278,179,56,87
284,177,63,89
288,175,70,92
294,175,66,92
298,177,63,85
308,177,50,88
315,178,42,84
322,177,36,86
328,176,29,86
342,174,40,88
349,183,44,78
356,183,47,79
365,174,44,89
370,170,61,92
373,170,65,93
382,174,65,82
391,177,44,80
400,177,37,42
0,0,0,0
0,0,0,0
0,0,0,0
0,0,0,0
435,177,16,21
0,0,0,0
0,0,0,0
0,0,0,0
0,0,0,0
0,0,0,0
0,0,0,0
0,0,0,0
0,0,0,0
0,0,0,0
0,0,0,0
0,0,0,0
0,0,0,0
0,0,0,0
0,0,0,0
0,0,0,0
0,0,0,0
0,0,0,0
0,0,0,0
0,0,0,0
0,0,0,0
0,0,0,0
0,0,0,0
0,0,0,0
0,0,0,0
0,0,0,0
0,0,0,0
0,0,0,0
0,0,0,0
0,0,0,0
0,0,0,0
0,0,0,0
0,0,0,0
0,0,0,0
0,0,0,0
0,0,0,0
0,0,0,0
0,0,0,0
0,0,0,0
0,0,0,0
0,0,0,0
0,0,0,0
0,0,0,0
0,0,0,0
0,0,0,0
0,0,0,0
0,0,0,0
0,0,0,0
0,0,0,0
0,0,0,0
0,0,0,0
0,0,0,0
0,0,0,0
0,0,0,0
0,0,0,0
0,0,0,0
0,0,0,0
0,0,0,0
0,0,0,0
0,0,0,0
0,0,0,0
2,249,101,143
