622,286,96,272
621,285,97,272
590,283,150,272
569,282,201,272
572,282,206,271
577,283,201,268
580,286,198,265
583,287,192,260
585,284,186,260
580,282,183,260
578,282,179,260
575,281,164,261
573,280,146,260
571,281,141,260
571,279,142,262
570,281,142,259
570,282,138,258
571,283,134,258
571,282,136,258
570,283,136,258
570,285,134,257
568,286,135,256
566,287,138,256
567,288,137,254
570,291,138,249
575,293,139,250
583,294,142,253
584,301,129,247
577,310,141,238
570,321,132,226
559,329,134,216
554,333,133,216
553,337,133,206
556,338,127,195
565,339,126,194
579,339,126,195
591,341,112,191
602,341,110,191
607,343,107,190
611,344,109,190
617,344,106,191
622,344,99,190
626,342,97,192
630,343,95,192
635,342,91,195
637,342,92,196
639,343,89,197
638,343,93,198
638,346,95,196
627,352,107,188
611,358,118,186
595,355,128,191
589,352,147,195
582,355,116,194
563,358,130,193
561,358,118,193
553,353,87,200
558,350,147,199
574,347,139,206
627,342,72,212
620,341,98,213
581,342,142,216
586,346,149,212
589,349,112,209
589,350,112,209
586,350,110,208
583,348,110,210
580,348,112,209
580,348,109,209
578,347,110,209
579,347,109,209
577,347,111,211
575,349,110,208
570,354,112,202
568,361,114,194
573,367,121,188
561,367,150,188
626,418,80,141
0,0,0,0
0,0,0,0
549,374,91,187
530,372,130,190
550,371,123,190
578,370,108,191
584,367,94,197
589,365,98,198
580,368,104,198
560,375,119,192
551,379,122,188
559,385,113,182
599,398,73,169
621,399,53,66
545,508,45,50
545,389,104,173
549,383,122,185
555,378,113,190
545,381,123,187
568,383,117,179
575,383,82,179
518,384,129,177
521,383,101,174
540,385,92,174
555,388,98,170
578,390,96,169
579,390,97,171
563,388,101,173
574,382,87,179
562,381,90,172
558,382,127,174
606,381,76,175
614,380,48,179
584,383,107,179
560,388,148,175
557,398,110,169
557,404,71,166
0,0,0,0
567,404,85,171
558,404,96,173
564,409,101,170
0,0,0,0
0,0,0,0
488,410,118,168
493,406,97,164
501,403,98,161
509,401,100,158
543,401,79,153
543,394,88,155
549,387,92,163
572,391,39,153
589,376,26,20
602,373,70,161
598,370,67,164
605,370,72,164
577,369,119,163
574,370,126,162
582,369,92,161
583,366,87,161
583,363,87,163
584,363,87,163
583,366,87,158
580,371,86,154
574,376,96,148
541,378,136,146
556,372,120,156
552,372,102,156
549,378,92,152
549,379,96,152
536,377,77,131
536,372,59,59
529,375,30,95
489,379,86,154
512,378,79,155
550,375,96,159
588,372,74,163
591,369,63,165
582,367,73,168
568,367,101,170
568,369,87,171
575,372,88,171
580,380,89,164
578,382,94,164
577,378,86,168
593,374,72,164
604,366,55,166
582,356,82,172
536,346,86,171
510,332,103,181
496,325,100,183
513,319,76,180
492,310,98,180
494,306,120,181
535,304,107,182
566,307,103,181
594,309,87,174
572,308,116,173
592,306,101,172
608,306,101,176
623,308,99,176
618,307,104,179
645,308,48,181
651,308,48,182
654,310,54,183
647,312,65,181
631,315,75,177
637,321,63,180
632,327,67,181
630,328,68,183
634,331,67,183
631,331,70,184
595,333,104,184
591,333,106,185
595,334,93,184
586,334,91,184
573,335,96,180
559,333,108,181
567,329,105,183
578,320,82,188
574,317,70,188
570,315,76,187
569,318,75,184
551,322,81,182
538,323,86,181
533,319,70,184
517,317,71,185
514,321,68,180
512,325,76,177
518,325,66,178
533,318,54,186
543,320,70,189
557,318,61,199
567,311,59,209
571,311,82,221
583,309,83,233
597,302,83,241
604,301,93,256
618,298,82,271
635,293,73,276
646,293,84,300
658,283,86,314
655,268,101,329
653,262,102,336
657,265,88,331
655,269,114,341
641,283,160,331
631,287,173,326
618,277,168,331
618,262,136,335
603,255,178,338
603,256,197,338
547,258,192,333
578,267,187,350
573,268,273,341
587,262,244,340
597,252,253,348
645,246,245,356
705,241,198,368
722,243,206,366
698,244,185,362
694,246,193,353
691,248,193,346
699,251,181,342
695,252,182,341
693,252,182,343
687,253,181,341
663,260,183,341
688,271,195,334
665,279,204,324
640,280,215,317
630,270,205,323
631,255,179,329
596,248,197,323
570,241,175,327
486,231,193,329
497,224,206,362
480,216,158,377
561,202,158,153
554,195,135,412
476,194,213,413
483,192,203,415
490,196,190,417
457,206,219,410
430,210,237,407
444,207,236,409
441,195,220,429
446,198,221,420
446,197,217,416
457,199,205,421
519,203,126,265
521,205,155,224
530,201,152,136
541,201,52,42
540,201,52,46
533,208,55,52
525,225,89,118
526,242,108,163
493,248,100,178
414,235,136,217
272,230,161,116
238,259,134,186
172,236,200,350
155,231,182,361
95,226,217,357
94,225,184,350
104,238,174,321
122,243,159,307
138,244,156,285
172,239,141,266
207,229,140,282
184,217,188,277
207,207,161,285
189,200,157,292
189,196,160,293
160,192,209,299
186,189,193,299
224,187,105,292
224,184,173,298
313,168,132,311
283,160,169,323
341,150,110,360
259,137,265,384
252,135,296,387
264,126,288,415
301,111,283,451
339,108,251,463
357,114,234,468
355,107,258,483
338,92,224,509
301,85,253,520
303,84,260,522
316,97,260,509
330,125,266,480
344,156,330,458
382,167,351,451
486,165,243,457
605,158,222,477
559,128,278,490
519,123,309,474
519,147,254,446
442,160,240,433
447,151,304,443
537,138,240,452
474,138,325,429
534,147,242,416
559,149,297,412
633,157,162,382
665,175,129,367
595,186,197,335
567,195,186,309
530,201,194,305
528,201,164,299
526,199,155,299
516,197,183,295
586,204,137,280
623,221,97,258
591,224,139,244
582,226,146,237
584,222,89,236
549,214,104,234
508,211,135,232
528,214,114,226
548,213,106,222
528,213,117,219
519,213,125,216
526,223,63,217
489,249,119,218
458,284,162,205
493,311,121,198
495,324,154,202
516,329,123,205
554,332,89,207
541,336,113,210
542,336,112,212
549,338,113,211
549,341,117,209
547,346,129,201
553,354,119,187
561,359,112,184
561,358,117,110
567,355,120,184
576,352,118,196
572,360,120,192
563,362,99,191
573,360,109,195
592,363,107,192
615,364,110,192
664,365,83,190
669,364,86,193
679,367,70,193
704,366,43,189
693,378,37,180
693,385,37,173
682,386,49,175
687,384,42,171
677,377,78,179
669,371,85,187
702,365,53,191
653,362,87,198
642,362,87,198
648,361,77,199
664,362,50,196
615,361,106,199
660,363,68,197
662,365,74,195
653,366,93,195
651,367,84,195
654,367,79,193
649,369,83,190
649,371,71,188
638,370,78,190
620,371,94,188
612,367,72,192
586,365,103,198
579,369,99,195
586,375,76,192
589,379,78,185
601,370,76,195
614,392,66,111
625,377,70,122
639,374,71,48
0,0,0,0
0,0,0,0
0,0,0,0
0,0,0,0
0,0,0,0
699,364,49,120
680,365,65,190
668,368,73,187
676,375,61,177
658,375,76,173
0,0,0,0
588,382,34,29
586,366,104,184
592,362,144,190
597,358,126,196
606,348,125,205
635,345,108,214
657,360,97,211
619,369,157,204
655,368,128,208
682,366,96,210
635,365,140,215
681,357,111,211
688,351,80,212
655,352,139,210
677,350,93,208
652,347,129,209
680,339,130,204
673,339,110,200
678,337,109,198
685,339,97,186
658,343,77,183
589,340,91,181
582,339,88,184
547,341,100,179
538,354,93,164
542,364,103,154
574,366,51,154
560,365,75,154
556,362,89,158
562,363,86,158
564,364,86,160
578,366,73,162
0,0,0,0
599,370,50,33
572,374,80,165
573,377,87,165
574,380,88,165
576,383,86,164
576,385,87,166
578,391,85,164
605,399,57,161
600,406,50,156
585,407,73,158
571,402,94,166
578,403,93,167
593,404,84,169
572,402,102,172
601,400,80,176
568,401,108,178
554,402,104,182
534,394,106,185
570,388,57,185
566,390,87,177
0,0,0,0
0,0,0,0
521,391,72,140
527,386,79,162
531,378,75,174
521,372,76,172
525,371,63,172
534,373,82,167
519,382,100,152
516,382,87,152
512,377,84,154
487,374,117,159
469,374,120,159
465,375,88,159
454,378,92,156
459,379,98,158
457,375,91,162
457,375,71,169
474,375,53,172
454,376,79,173
445,381,87,174
440,388,89,171
437,398,85,163
439,404,88,162
442,410,99,160
432,407,101,166
424,407,103,168
424,406,109,176
423,401,120,185
432,397,101,190
442,385,106,206
468,381,92,211
470,386,113,208
453,390,149,206
463,384,120,211
457,378,137,216
453,372,161,227
454,369,147,230
394,362,196,244
377,359,176,248
344,359,160,262
360,356,135,269
342,350,171,271
372,322,200,276
439,294,153,280
451,299,124,271
404,303,153,261
394,307,165,249
354,305,134,249
376,295,126,257
363,296,137,253
389,289,130,251
415,296,119,241
372,303,131,226
377,309,121,213
375,308,105,213
373,310,77,209
371,485,61,46
373,377,91,154
379,379,91,154
383,317,85,212
386,315,80,215
386,319,74,215
388,319,67,216
398,327,38,210
401,333,38,206
0,0,0,0
0,0,0,0
0,0,0,0
0,0,0,0
0,0,0,0
0,0,0,0
0,0,0,0
0,0,0,0
0,0,0,0
0,0,0,0
0,0,0,0
0,0,0,0
0,0,0,0
0,0,0,0
0,0,0,0
0,0,0,0
0,0,0,0
0,0,0,0
0,0,0,0
0,0,0,0
383,358,26,53
376,359,39,166
377,358,40,167
376,357,58,166
376,357,55,167
378,357,54,167
378,357,54,166
380,356,68,168
382,355,74,168
381,355,58,169
383,354,44,169
386,352,37,170
381,352,40,168
363,352,57,169
354,378,63,143
358,381,55,142
359,380,43,143
330,397,50,126
326,392,94,134
0,0,0,0
412,374,30,154
414,376,47,148
409,363,59,160
409,359,58,162
411,337,48,181
418,332,43,182
429,330,55,180
446,329,68,178
477,329,63,175
526,329,42,172
575,328,50,170
588,326,63,168
606,319,58,166
605,313,71,165
599,313,91,163
611,313,94,165
624,312,93,165
634,315,93,160
640,318,102,157
642,322,98,158
646,330,96,157
648,331,95,158
651,331,95,160
653,331,96,159
660,330,94,160
661,330,95,160
667,331,93,160
680,330,82,160
694,331,71,159
707,333,60,156
715,332,51,158
718,334,51,156
717,333,45,157
711,333,27,156
707,332,27,96
