1,414,40,109
1,415,43,107
1,415,46,109
1,415,45,110
1,417,44,108
1,417,44,108
1,415,49,107
1,421,58,106
1,417,57,107
1,413,57,108
11,415,62,107
21,418,66,109
25,418,65,108
37,418,57,110
49,419,57,106
50,414,69,111
57,411,68,109
74,410,62,107
80,410,66,109
88,409,64,110
98,410,56,110
109,412,61,110
113,413,70,111
125,415,61,112
137,418,62,111
144,420,63,109
155,422,56,113
171,419,52,112
178,422,63,112
184,421,67,112
200,417,57,109
206,410,61,110
215,406,57,109
227,402,55,110
238,402,58,110
243,398,61,110
248,391,59,112
259,388,54,111
262,389,51,111
260,392,54,111
258,391,54,110
267,383,49,111
273,376,49,111
280,371,46,112
282,369,48,112
283,367,49,111
282,366,48,111
281,366,46,111
282,365,46,111
283,366,47,111
284,368,47,113
285,371,49,110
285,368,48,111
283,367,49,109
281,366,48,112
277,367,49,112
277,367,47,111
273,368,50,110
276,370,46,112
280,370,48,108
292,367,45,106
292,367,46,107
297,370,45,107
302,373,45,107
305,375,46,105
308,374,47,106
309,372,46,106
305,370,47,106
302,365,45,106
295,362,47,106
290,360,47,106
291,358,47,104
296,360,48,103
305,373,59,93
325,374,61,96
348,378,62,94
371,379,79,96
392,383,81,96
421,389,61,100
455,391,55,108
482,408,62,96
494,414,60,100
529,424,55,118
549,434,57,115
596,441,49,113
612,451,46,123
641,456,59,122
657,467,73,118
661,471,85,128
679,482,90,131
680,495,104,119
675,507,100,105
646,509,106,106
593,510,140,103
581,505,125,103
591,497,120,97
615,491,114,102
645,490,127,108
695,495,123,96
702,504,132,90
699,505,124,93
688,508,106,98
622,501,131,102
590,500,132,96
601,495,118,89
611,489,108,95
651,489,104,91
703,492,107,95
706,498,126,85
703,497,119,88
690,499,112,97
633,496,127,103
591,490,135,101
581,476,117,98
594,465,112,91
614,459,109,82
651,457,134,108
709,476,127,97
720,478,137,113
733,476,136,124
732,476,131,138
717,476,131,160
685,475,143,172
672,469,135,184
668,461,141,180
673,450,137,183
696,440,99,172
718,430,101,175
702,431,125,179
711,422,130,187
729,412,120,195
713,411,132,191
696,413,138,185
677,412,129,174
653,406,119,180
646,400,151,174
671,398,149,180
705,402,126,181
739,392,123,189
736,388,131,204
718,393,137,196
700,410,131,176
670,400,141,178
648,383,101,190
636,361,108,208
625,393,108,175
615,388,116,183
615,385,113,187
594,397,138,172
593,398,129,174
592,388,135,180
590,388,145,180
640,387,94,185
676,384,82,188
676,385,127,185
695,387,137,183
715,387,138,187
736,390,132,189
747,398,134,185
755,406,130,181
760,406,124,187
765,410,135,184
786,407,117,171
785,402,97,173
772,399,100,177
726,397,133,173
723,396,103,162
705,398,105,166
693,397,123,180
685,397,109,182
673,399,98,187
680,401,99,184
674,405,120,181
678,406,119,180
678,412,119,169
697,405,106,178
698,401,96,180
710,402,93,181
722,403,106,184
727,406,133,180
737,406,150,178
743,390,167,196
736,391,184,196
734,390,177,198
727,390,163,196
713,386,148,200
722,383,108,207
729,372,77,221
704,380,100,213
679,383,102,211
658,376,117,218
647,391,122,190
650,412,141,180
655,411,142,177
656,412,141,178
676,412,119,178
675,411,122,176
667,411,132,176
663,411,137,175
661,414,141,169
656,421,146,160
649,422,146,155
646,418,138,159
649,410,123,166
646,406,113,167
647,405,100,168
642,404,102,169
640,404,104,168
650,406,105,165
662,406,108,164
676,412,104,159
722,413,81,157
737,411,108,160
738,410,122,160
766,405,100,164
785,405,92,178
762,407,121,178
750,413,139,177
717,412,140,181
710,411,139,182
711,413,133,180
719,412,130,180
736,408,118,181
737,400,120,179
736,392,116,179
740,389,108,175
741,384,103,175
742,376,107,182
750,370,97,186
755,365,95,195
758,370,88,197
757,380,90,197
751,398,104,198
742,403,110,201
737,396,99,199
726,397,93,196
717,403,81,191
682,412,103,190
662,418,115,188
665,420,99,185
660,424,96,185
642,431,110,184
625,440,105,181
616,445,112,176
602,453,120,169
583,458,117,168
577,451,97,173
566,443,83,168
542,440,100,169
505,440,133,163
480,446,142,158
461,448,140,158
445,445,124,161
420,440,130,167
392,440,133,167
369,444,125,155
348,444,118,161
333,446,115,157
324,442,104,162
317,444,119,162
315,445,118,164
324,449,116,167
335,457,108,164
337,462,112,161
352,468,89,161
359,471,89,163
341,476,117,158
348,472,123,162
349,462,133,175
362,459,125,178
378,457,104,181
400,457,95,182
422,462,111,174
429,465,107,170
424,460,112,177
408,455,119,164
407,446,126,154
411,437,127,155
413,438,104,162
403,442,134,156
403,431,142,165
407,420,128,174
411,415,107,170
423,429,115,156
418,421,134,160
423,412,137,151
418,409,143,154
412,416,154,146
418,423,126,143
428,414,145,152
445,405,133,163
462,400,118,167
485,414,118,151
506,405,118,160
501,412,140,150
518,406,130,160
512,411,127,164
486,416,123,164
464,419,112,160
447,421,135,159
450,422,142,157
466,422,126,160
481,419,123,161
512,388,106,193
532,389,101,196
535,392,97,193
524,430,104,156
509,467,127,125
506,490,126,105
513,491,115,106
522,473,102,127
510,445,123,145
527,428,112,158
501,408,137,176
500,402,130,182
487,406,165,178
485,434,173,147
478,429,169,149
479,423,152,154
496,415,103,159
493,408,85,159
459,407,108,157
447,405,106,161
440,411,121,159
442,417,125,154
447,426,119,149
463,430,102,153
470,428,92,157
485,423,94,170
495,416,112,189
511,438,116,169
517,434,122,168
537,442,112,179
554,419,95,201
547,421,109,197
536,431,120,189
535,442,137,188
526,454,156,179
533,464,156,168
544,472,154,175
562,475,144,178
582,476,127,178
600,473,155,186
622,469,148,198
651,429,123,232
652,454,114,203
654,451,116,198
658,449,119,194
656,448,120,196
648,452,129,184
654,449,123,185
666,448,132,190
667,444,161,199
670,440,163,195
680,439,144,208
696,437,124,213
704,443,114,215
682,456,116,214
635,479,134,191
602,486,152,194
584,480,130,203
571,477,129,211
569,479,142,188
570,482,149,188
582,486,157,187
598,493,154,190
622,496,148,189
650,500,138,188
658,504,143,184
665,497,139,194
680,503,146,186
712,471,149,212
744,459,132,216
773,464,122,212
802,478,123,197
809,488,123,176
827,473,93,184
846,460,105,198
856,459,129,185
845,453,144,189
869,458,131,175
894,449,118,180
901,441,121,196
893,438,147,196
895,446,154,170
895,428,126,184
901,415,133,192
906,409,161,188
934,404,159,192
1000,417,106,180
995,417,130,175
988,420,139,168
976,425,139,168
959,431,148,172
942,443,166,172
948,437,160,178
965,445,151,171
987,441,133,167
1001,429,91,177
997,429,89,179
1004,422,103,184
997,413,128,176
1010,407,119,181
1018,383,126,175
1034,374,112,183
1025,372,124,183
1011,377,127,172
998,383,127,149
981,369,128,161
984,360,105,159
977,359,113,155
982,356,122,159
984,352,125,158
984,356,125,157
989,350,118,164
991,339,99,160
970,341,94,163
932,347,103,159
890,360,105,136
856,369,120,136
842,358,109,146
836,360,82,138
835,354,100,143
846,345,103,145
854,343,107,144
873,337,98,148
885,335,93,148
865,342,102,131
843,342,110,129
835,331,95,139
834,330,68,142
837,316,55,134
838,318,56,151
807,321,88,147
792,327,98,118
793,326,100,125
802,328,91,122
819,326,85,132
833,331,80,127
840,330,82,132
854,333,73,132
874,336,66,130
901,340,62,129
900,341,87,130
900,342,91,137
905,345,87,142
903,348,90,140
896,353,87,145
850,358,116,142
830,360,119,141
833,361,96,134
832,345,85,145
828,338,90,148
821,347,89,138
821,350,96,137
831,349,102,136
857,349,86,135
858,350,88,136
858,352,91,131
856,355,94,138
858,359,85,135
861,360,82,142
867,367,94,141
874,371,109,136
881,366,103,144
895,359,95,149
897,356,108,162
911,362,106,144
910,357,130,141
908,351,132,144
925,348,124,152
918,325,109,191
903,329,73,188
872,350,124,180
877,365,119,175
895,380,108,168
869,388,136,176
852,395,143,170
834,396,169,169
858,389,164,174
876,377,137,171
905,374,74,172
890,335,86,203
877,334,97,202
843,368,127,166
862,364,101,166
849,366,108,166
875,369,82,167
892,364,75,170
896,364,103,170
882,366,92,170
873,371,104,167
869,373,117,167
875,372,137,169
879,373,133,168
881,373,121,168
884,389,109,156
883,385,106,159
873,376,111,165
868,360,100,181
866,364,112,175
874,370,117,164
887,376,117,161
903,381,120,158
926,380,119,159
954,380,109,154
980,376,101,162
991,367,114,175
1013,368,110,173
1034,371,99,164
1050,372,90,166
1051,376,111,154
1057,381,122,165
1057,383,126,166
1054,388,131,166
1043,392,132,162
1032,392,128,162
1025,397,116,153
1017,400,112,153
1010,404,120,150
1032,396,116,155
1047,392,107,146
1044,389,108,145
1040,384,118,156
1034,383,119,154
1025,382,111,148
1021,383,97,135
1018,390,99,132
1021,392,95,132
1021,396,96,132
1021,402,94,136
1018,415,96,134
1014,421,97,137
1010,425,98,137
1006,429,96,139
1003,434,95,136
998,437,96,135
998,437,95,135
997,435,96,137
993,433,96,138
992,432,96,135
985,428,99,137
976,429,107,136
964,433,113,134
962,436,104,131
961,446,95,122
961,443,95,121
965,429,90,133
969,417,97,143
973,415,97,144
977,412,97,134
980,413,96,141
979,412,97,137
983,414,92,131
977,420,93,121
977,420,91,119
982,418,83,121
976,417,87,121
966,413,95,122
965,406,90,131
961,402,81,143
948,401,88,143
933,401,98,141
923,400,111,140
906,402,129,136
900,404,132,137
901,407,122,129
906,403,114,132
922,400,99,131
931,395,95,135
937,388,84,138
937,382,72,146
934,384,73,142
933,382,60,143
937,380,57,139
943,380,54,140
948,383,59,140
949,383,58,141
958,386,58,140
963,387,60,144
963,390,88,151
972,392,86,152
988,392,73,163
998,401,53,157
1003,403,56,157
1008,400,58,160
1006,399,73,161
1008,399,87,161
1007,413,104,153
1008,424,119,148
1010,423,120,151
999,424,124,151
982,419,119,173
971,416,107,174
964,421,98,172
950,426,118,176
951,436,123,177
943,442,130,177
917,442,138,180
903,443,131,183
894,444,122,169
875,451,115,172
846,460,105,161
815,463,114,162
790,458,96,161
764,454,94,168
731,444,126,168
708,440,145,164
694,437,148,168
685,434,124,167
671,422,114,165
654,409,108,163
652,398,103,170
650,387,93,168
617,384,114,154
598,385,121,152
578,399,128,110
572,383,68,135
559,383,87,132
538,377,84,140
502,378,95,132
482,378,108,127
479,376,97,128
440,370,106,125
423,362,81,128
414,361,90,133
399,349,94,130
370,357,111,120
358,370,116,111
353,352,118,127
351,349,95,125
342,348,64,125
335,345,80,126
327,346,96,121
319,345,105,122
322,341,98,122
326,333,89,124
320,324,87,129
317,321,80,127
308,318,72,125
290,308,73,130
281,296,81,139
278,308,82,123
283,304,77,132
282,306,76,131
257,279,102,162
252,303,112,141
246,322,122,128
243,323,126,129
238,326,132,129
244,326,128,129
263,328,97,127
297,324,54,127
306,320,67,128
308,315,70,134
296,317,90,131
288,318,106,130
292,320,108,129
287,319,114,132
277,330,122,128
277,346,111,130
287,360,99,125
302,371,91,122
303,374,94,123
307,373,92,121
313,370,87,117
313,362,78,131
316,354,63,133
300,349,70,133
278,346,94,132
289,343,95,124
313,346,83,110
327,349,74,116
309,357,65,108
297,374,90,108
285,387,102,112
276,397,98,110
272,404,95,123
276,407,89,127
278,414,91,128
267,419,105,134
253,426,117,124
251,430,108,126
250,431,110,138
241,433,97,140
237,438,84,134
227,441,100,132
215,446,117,128
227,454,107,128
228,455,106,129
234,457,98,127
237,461,93,124
235,462,93,122
234,457,93,129
236,456,86,130
240,450,78,135
241,446,81,138
240,445,80,133
239,446,68,129
243,447,74,132
238,445,87,130
236,461,98,115
240,447,94,127
247,453,97,125
268,457,74,124
277,457,73,128
273,449,82,140
266,446,91,149
258,447,91,155
246,453,90,154
240,455,82,151
238,457,75,149
239,458,78,147
246,455,83,145
250,456,92,132
258,458,92,127
270,451,79,127
275,444,70,124
281,434,73,122
289,429,67,123
294,423,77,126
298,421,89,128
318,423,72,125
341,420,53,132
332,422,73,134
316,431,97,120
313,434,87,116
305,429,71,123
282,426,91,116
263,423,111,124
254,397,112,134
251,398,110,144
256,399,102,154
259,399,88,153
254,413,86,145
253,434,82,119
246,431,85,122
243,407,82,147
245,397,76,155
245,402,78,145
238,411,79,132
233,416,76,127
222,418,78,119
220,414,83,120
223,410,67,127
224,381,59,158
223,383,64,144
220,392,87,146
222,410,80,141
223,447,82,114
240,455,71,114
241,454,81,118
246,432,80,141
252,434,78,147
250,444,87,138
251,457,76,133
245,467,66,126
247,470,60,121
245,473,52,117
246,467,46,103
226,468,59,82
216,471,66,82
208,469,64,87
196,469,77,125
187,458,79,138
186,449,88,152
165,468,115,140
174,488,109,120
205,487,101,90
223,480,74,116
228,470,81,107
251,464,62,122
247,463,66,113
247,465,64,106
254,461,61,124
256,453,75,134
266,438,74,149
259,431,87,154
257,445,91,140
257,458,87,126
258,458,75,126
257,458,77,127
257,460,78,125
257,460,82,124
255,462,83,126
251,466,84,125
242,465,81,126
238,449,71,142
227,446,69,144
216,448,72,141
209,452,70,134
201,442,72,146
187,460,85,124
187,464,71,120
174,459,58,127
159,462,85,132
143,467,99,130
145,474,96,125
170,478,71,132
151,484,82,132
130,488,86,132
118,484,76,138
117,474,80,149
119,484,64,137
96,481,88,136
90,479,94,100
86,481,106,107
75,469,122,116
70,459,133,137
81,456,123,163
79,459,123,160
80,466,126,152
96,480,106,120
151,478,50,132
157,471,59,140
168,469,76,137
169,473,97,130
192,471,92,133
221,467,80,136
223,467,87,135
232,471,80,132
244,479,73,126
226,450,85,153
215,439,98,159
204,445,113,144
217,451,86,131
214,445,61,136
218,450,52,134
199,452,74,137
189,458,75,102
184,466,72,131
186,472,67,133
180,485,77,126
177,492,96,127
183,492,96,134
196,494,84,133
207,498,81,131
229,494,66,135
254,494,47,132
234,487,82,133
234,483,102,132
255,482,95,128
288,480,64,123
296,479,58,119
304,476,59,135
306,476,82,133
308,472,93,132
312,476,100,129
318,479,101,134
333,478,98,133
355,480,93,135
377,483,102,135
375,483,124,139
394,490,113,131
422,489,92,138
447,493,64,122
453,494,60,131
462,495,96,125
473,499,82,117
490,471,84,156
535,491,40,42
549,485,36,36
534,483,76,109
533,479,105,132
560,484,84,130
571,486,100,133
580,486,106,127
585,489,100,114
592,485,87,138
596,475,96,146
615,483,89,142
638,481,76,142
646,468,69,141
653,464,73,140
632,465,111,127
630,473,125,115
625,474,103,107
622,474,104,53
574,496,102,93
559,494,122,106
590,481,69,67
611,471,40,53
603,466,78,135
597,459,77,161
591,459,83,160
592,458,70,159
606,456,78,160
592,456,106,162
601,457,97,161
612,453,117,165
618,459,109,160
615,462,102,161
584,460,120,158
592,476,142,161
618,499,99,162
600,512,89,159
563,514,104,155
564,506,114,157
601,494,103,154
658,477,83,148
671,465,105,148
674,453,106,150
685,443,89,149
659,438,100,154
674,436,84,152
684,418,80,163
685,412,77,163
691,430,74,153
696,424,68,160
692,417,77,159
685,429,93,156
685,436,91,151
684,426,78,165
684,436,82,160
686,445,80,155
685,442,79,158
684,447,77,158
676,450,85,156
670,452,90,157
669,454,82,156
670,457,78,157
668,462,77,155
667,466,82,154
672,468,76,156
677,467,75,158
682,470,76,157
687,472,72,157
696,476,66,155
707,477,63,152
702,472,86,160
698,472,89,162
673,471,112,164
684,468,118,168
666,478,133,158
683,487,118,148
669,491,117,152
654,484,106,159
625,481,108,163
606,481,111,160
593,478,109,156
584,475,117,149
587,472,121,156
589,472,111,152
603,475,95,155
580,474,109,156
573,476,112,155
579,478,115,153
605,478,89,152
625,477,82,154
644,472,86,157
665,470,83,157
668,469,102,157
664,466,112,157
678,462,95,159
667,465,89,156
646,464,88,160
634,461,86,163
615,466,117,158
606,467,131,158
613,469,131,155
636,469,122,147
671,468,99,153
684,481,94,145
673,520,115,106
663,552,143,85
657,560,150,76
657,558,148,75
658,553,150,79
656,553,152,76
656,552,152,76
657,553,151,76
658,553,151,76
657,556,151,73
657,557,151,74
658,558,151,73
658,560,151,72
660,561,151,72
657,561,153,72
658,561,152,72
658,560,155,71
662,558,150,72
678,557,131,71
678,556,129,71
676,549,124,79
675,533,116,95
669,512,119,118
672,494,118,133
673,483,112,139
677,474,105,150
684,469,67,150
677,461,73,149
670,458,79,150
659,454,88,154
656,452,85,156
656,449,78,156
662,449,70,153
661,446,67,156
663,445,63,155
668,445,60,154
664,446,64,156
662,448,72,155
663,451,74,154
666,451,74,156
666,451,75,155
667,452,73,155
669,453,74,155
670,451,74,155
671,449,73,156
671,449,73,156
670,438,73,166
667,423,74,180
665,430,74,173
665,446,72,157
664,448,75,156
665,451,70,152
665,453,74,152
668,456,74,150
674,455,72,154
685,449,64,160
693,448,62,162
692,451,65,158
696,448,57,162
699,445,62,162
705,439,61,163
703,438,68,161
707,439,61,152
711,443,70,149
718,442,95,152
729,446,112,149
742,442,116,149
754,435,117,149
774,432,102,150
779,429,108,158
823,430,64,167
826,428,76,170
835,439,75,160
850,444,91,157
861,447,95,161
869,452,100,162
888,452,88,164
912,451,89,168
927,449,98,170
942,453,103,167
952,456,127,175
990,461,119,180
1022,473,127,166
1065,480,110,161
1071,475,122,172
1077,474,146,177
1069,477,161,175
1062,478,170,174
1070,483,156,175
1076,485,127,177
1087,484,120,179
1101,481,128,184
1117,481,134,184
1132,480,145,182
1143,479,138,182
1133,479,146,180
1113,467,153,189
1093,461,143,183
1072,458,125,180
1064,456,100,178
1042,460,108,175
1025,458,103,161
990,462,98,163
934,444,130,181
903,440,129,185
885,439,113,188
865,444,94,185
851,450,101,164
820,450,117,160
790,448,121,158
769,434,110,165
756,422,99,170
745,417,93,156
719,416,94,167
705,422,107,162
687,430,121,156
