796,185,324,430
789,180,331,431
788,181,304,430
784,183,305,427
786,180,296,428
788,181,307,428
785,180,319,428
785,180,305,428
784,181,311,426
784,182,300,422
784,182,296,424
787,181,291,427
789,181,291,428
787,183,309,424
789,182,295,427
788,184,314,426
789,182,316,427
795,185,301,424
795,185,300,426
791,189,295,424
794,182,285,435
789,189,299,428
766,191,314,424
768,192,300,425
772,191,300,424
782,189,286,426
784,186,282,424
784,184,285,426
780,183,296,425
766,182,299,417
753,177,297,416
742,177,286,409
734,173,287,412
729,173,285,411
739,172,283,416
751,171,284,414
765,171,282,412
769,170,284,412
769,171,282,410
760,170,288,414
753,171,290,411
748,174,286,406
752,173,286,406
748,172,295,401
760,174,281,405
760,170,280,399
765,170,279,393
766,164,280,401
769,163,278,398
770,162,276,400
767,160,277,403
760,159,281,402
757,160,280,399
757,158,286,400
762,155,280,401
764,153,278,401
764,155,277,400
760,153,277,403
760,151,284,403
760,153,281,403
761,155,279,402
761,152,278,404
758,152,281,405
754,151,280,406
756,151,282,407
759,150,280,403
761,152,280,403
757,151,280,403
758,148,280,406
755,147,284,406
753,148,290,404
754,147,284,403
754,148,281,403
750,151,284,403
749,152,279,403
750,152,277,403
744,153,284,403
742,155,285,403
743,154,280,403
747,158,283,401
749,156,279,403
751,159,283,403
752,160,280,402
753,158,278,403
752,160,281,402
750,159,280,402
748,161,279,400
748,160,282,403
750,159,280,403
753,161,286,403
758,164,283,403
757,165,291,403
764,164,280,403
769,163,280,403
784,166,284,403
786,165,280,403
781,167,285,403
781,170,283,397
771,164,288,393
758,163,279,391
748,167,269,394
741,172,278,393
748,187,285,381
740,202,298,379
734,214,311,373
736,211,311,376
748,193,301,384
773,171,275,390
795,151,250,394
801,144,270,397
820,145,274,403
833,148,271,409
847,148,273,412
868,150,273,409
881,147,278,410
878,150,281,408
863,153,276,403
853,149,280,407
848,149,278,408
844,150,274,406
838,150,287,406
839,148,277,408
838,150,275,405
831,150,282,407
827,152,272,404
818,154,272,404
806,151,266,406
794,153,269,405
782,155,265,404
770,157,264,403
762,161,259,402
751,164,258,403
744,166,260,402
740,168,263,399
741,168,254,403
742,171,256,398
745,167,263,400
750,167,264,401
760,166,273,398
767,162,267,403
770,162,263,403
777,161,256,402
781,159,259,402
785,155,268,407
784,156,271,407
792,157,264,406
799,154,274,410
805,155,277,409
820,155,271,410
828,167,277,399
832,152,274,409
842,150,277,410
854,147,278,412
864,147,279,423
868,148,284,424
873,145,278,430
869,144,297,426
861,141,304,417
873,125,298,424
871,104,300,433
906,95,272,429
915,99,278,410
917,108,292,395
887,124,297,377
869,128,329,371
862,128,321,367
866,124,292,367
865,116,260,366
860,112,247,365
855,111,253,365
850,119,255,359
861,119,241,350
868,115,266,343
896,111,258,347
894,114,262,348
886,121,270,347
871,128,269,347
849,126,256,358
825,121,263,360
814,117,264,362
814,118,253,361
818,121,254,354
838,126,259,343
859,125,244,337
882,118,237,332
876,114,246,339
874,119,239,332
863,125,239,328
840,130,254,341
822,131,255,348
797,129,259,352
781,126,261,360
783,128,265,365
804,132,264,372
850,144,235,380
875,149,234,391
865,143,266,405
878,142,302,413
879,137,330,414
894,139,320,416
894,144,292,409
872,149,277,396
840,141,257,385
812,132,251,377
794,130,262,373
788,132,259,377
797,141,254,382
770,153,289,389
733,150,321,405
703,148,323,412
691,144,340,420
688,144,341,417
706,149,320,416
731,150,311,409
768,143,293,402
791,131,279,393
819,127,274,386
832,128,261,382
821,128,265,381
794,129,249,385
755,132,253,387
726,134,277,387
702,133,282,392
689,134,290,396
688,134,303,396
700,116,296,419
708,106,301,432
713,114,303,428
717,135,309,404
725,137,308,403
746,136,297,402
770,133,284,410
790,130,295,424
821,135,308,428
882,126,285,440
930,115,264,454
953,110,276,453
952,103,302,454
956,105,302,438
969,98,305,414
979,90,300,404
989,99,290,378
1007,98,270,371
987,110,258,351
987,91,217,348
930,92,235,338
886,101,224,320
854,100,204,319
835,101,217,317
815,98,213,317
781,96,206,323
739,100,233,323
708,101,249,322
702,100,254,327
698,102,260,329
703,108,236,333
721,117,252,335
711,121,245,341
700,112,241,352
681,112,267,355
663,114,267,345
663,115,265,338
677,121,245,335
705,115,229,332
738,108,221,328
754,105,215,325
744,108,223,321
734,113,235,323
744,113,227,337
729,114,244,336
723,115,256,352
736,118,263,366
762,119,279,370
786,116,310,383
815,119,330,374
853,117,327,385
868,117,305,382
885,116,273,387
870,114,282,393
863,115,282,392
863,118,270,386
859,117,271,389
859,122,265,387
841,98,284,408
810,67,300,447
796,66,304,461
789,115,314,409
778,134,350,400
764,133,337,407
765,133,302,419
790,136,288,423
811,138,276,423
817,149,290,420
810,155,297,414
816,139,290,401
834,121,301,396
837,121,324,396
848,134,305,395
858,145,286,397
848,143,272,404
829,138,279,415
814,135,307,425
807,143,309,421
807,148,301,414
819,147,274,403
844,128,282,399
845,129,314,394
841,137,298,394
835,139,292,392
820,138,274,398
798,134,278,408
762,143,293,406
737,142,311,414
726,138,314,416
717,137,318,418
723,139,312,413
737,138,305,407
772,138,290,402
779,139,298,400
782,134,300,402
787,134,282,399
786,134,280,398
780,135,295,404
776,138,290,399
763,141,305,401
754,143,300,399
751,141,300,400
751,141,298,398
764,142,290,395
770,143,278,393
774,135,280,403
783,138,272,394
788,138,271,392
783,144,283,391
772,142,290,397
752,150,292,399
739,146,318,423
722,154,322,431
702,175,311,436
686,185,320,440
673,184,325,449
674,185,315,457
659,188,321,467
649,184,328,479
649,189,342,491
672,201,340,499
707,200,343,507
756,194,319,516
793,191,344,517
788,189,376,509
787,181,386,510
779,176,397,500
771,180,383,500
791,171,350,507
790,165,354,512
782,168,352,504
784,167,346,507
781,168,348,509
781,168,353,515
784,170,360,511
791,168,358,510
793,168,363,510
793,167,350,513
785,171,344,495
778,177,333,478
779,182,306,458
778,194,293,426
777,205,292,411
767,215,274,395
731,216,290,367
728,207,253,361
718,200,234,353
734,196,230,355
742,203,244,352
779,206,271,357
831,199,271,372
880,197,270,376
907,196,255,373
879,197,289,372
852,190,284,369
825,190,253,366
807,172,237,382
826,135,227,424
840,125,209,433
813,180,249,375
808,192,268,356
824,190,257,356
822,192,258,359
828,189,246,364
828,188,255,367
832,187,268,372
836,187,273,373
841,188,271,372
847,188,259,372
850,187,249,373
854,186,252,373
862,187,245,371
867,185,253,375
872,185,251,377
873,187,251,376
875,190,250,374
880,188,249,377
886,190,249,377
895,191,249,377
904,195,244,376
909,199,248,377
922,201,249,377
923,203,249,377
933,204,249,377
938,206,249,377
943,204,249,377
941,204,254,380
949,204,249,380
955,205,249,381
958,209,249,377
959,210,249,381
973,213,250,386
992,219,249,385
1002,213,262,387
1001,201,271,390
990,202,285,390
974,201,305,386
952,206,282,379
909,205,284,366
883,195,249,370
864,191,256,363
851,187,257,361
846,187,264,370
863,193,276,366
896,169,270,377
927,149,261,379
930,150,274,382
912,145,289,385
894,149,278,375
863,148,268,372
832,142,234,365
793,132,228,360
771,124,239,362
759,123,251,367
760,127,250,367
777,102,253,395
777,105,282,388
798,139,289,370
812,147,296,372
805,144,324,371
814,118,317,391
824,82,286,415
825,73,281,431
816,94,281,400
815,118,271,377
810,121,276,376
831,122,268,366
869,114,265,373
893,118,305,375
913,112,295,375
923,114,312,371
919,113,312,373
917,114,278,381
904,113,277,381
903,113,269,379
902,114,273,372
901,111,278,376
900,110,275,375
894,109,276,377
888,112,270,373
881,112,259,372
883,112,266,372
884,116,273,381
894,131,274,386
900,127,283,392
871,122,325,405
875,117,326,405
881,121,320,402
882,127,300,395
902,131,257,385
922,121,253,375
953,108,262,372
976,101,248,363
965,104,270,353
950,114,286,344
946,110,265,332
946,102,251,328
944,98,256,327
962,100,236,322
975,104,227,324
964,112,253,326
933,113,266,338
911,110,262,347
876,114,253,357
850,108,249,366
799,112,279,373
781,111,267,375
781,106,260,380
756,111,299,377
769,115,288,386
765,118,309,391
765,120,311,397
759,111,338,411
746,102,338,411
728,109,346,438
715,114,366,448
708,114,377,453
728,121,367,458
772,120,337,457
800,116,326,456
816,113,321,449
825,110,321,433
858,109,323,411
841,108,359,405
851,101,374,393
870,95,367,386
878,98,347,378
874,97,352,367
881,97,324,361
889,95,312,358
891,96,313,360
898,95,293,364
897,97,310,369
897,103,277,366
900,106,271,378
877,107,297,387
825,112,334,405
808,118,326,402
771,121,358,401
747,127,347,423
709,135,376,433
686,138,382,439
682,142,360,441
702,144,346,438
732,140,321,436
755,137,303,434
771,130,294,426
790,124,303,409
792,121,320,403
796,115,328,388
810,112,327,374
816,104,325,383
816,103,313,373
834,98,271,365
840,97,224,364
841,96,219,362
847,98,196,368
851,103,279,372
853,103,278,376
821,96,283,388
798,95,299,383
784,95,236,378
789,99,298,379
812,99,283,375
847,89,274,369
845,84,286,369
839,83,290,360
847,81,290,366
855,75,283,361
839,80,262,369
813,80,286,378
785,86,317,397
768,88,309,411
732,89,328,409
685,92,369,416
675,97,366,437
671,100,311,447
652,103,332,445
649,104,337,443
659,102,327,445
675,104,311,437
702,103,281,425
744,94,248,423
764,90,232,423
767,93,218,406
760,92,241,407
750,99,242,413
744,105,250,429
716,112,279,436
697,108,297,446
652,110,341,449
650,113,344,443
677,112,317,440
698,115,296,433
740,109,254,430
745,103,249,413
757,101,329,399
778,96,332,388
799,90,341,372
797,86,363,382
797,82,355,374
820,83,323,364
827,78,320,370
822,80,324,363
839,77,301,364
866,77,275,353
886,73,257,346
891,72,238,338
882,71,236,334
878,72,235,328
867,70,252,327
873,72,247,318
877,71,240,317
890,71,224,318
890,67,230,320
894,68,226,318
896,70,224,322
897,71,223,319
892,70,232,315
892,71,230,320
891,52,232,338
884,50,238,349
878,71,242,338
873,66,245,340
862,79,256,331
869,78,253,335
865,83,250,330
863,81,249,327
857,82,241,333
851,83,242,339
835,91,238,332
845,101,257,332
880,104,266,354
909,97,269,357
924,91,292,382
950,87,315,380
1025,100,255,367
1055,106,225,372
1096,91,184,385
1151,90,129,379
1181,218,99,241
1197,173,83,277
1198,89,82,359
1181,80,100,353
1181,66,99,340
1192,68,88,316
0,0,0,0
1058,91,192,282
1020,80,193,294
985,82,207,311
965,72,204,320
957,69,143,322
945,72,142,323
940,77,121,325
932,84,129,319
847,82,195,315
837,79,194,313
830,79,185,318
822,83,184,319
825,95,168,315
838,97,177,316
880,94,156,323
891,90,176,322
906,90,185,319
912,92,204,318
914,97,210,313
891,102,226,319
872,106,207,307
841,116,202,309
829,120,191,277
810,116,168,305
806,127,176,303
812,137,197,311
840,139,194,314
878,128,171,318
906,119,203,322
935,118,190,317
949,117,149,314
953,115,129,318
948,119,167,311
940,116,141,309
932,118,150,305
949,114,147,304
962,112,147,301
969,112,121,293
972,110,110,287
966,108,112,283
961,102,114,287
958,107,110,275
932,116,121,267
952,105,100,264
939,105,118,257
926,107,47,46
920,109,43,45
0,0,0,0
893,123,44,40
896,121,45,111
904,113,48,144
922,104,55,148
926,105,46,142
929,115,45,113
920,121,60,120
923,107,68,140
924,107,83,148
943,108,85,91
891,111,141,75
904,89,128,116
945,82,89,99
973,86,69,97
993,96,62,95
0,0,0,0
0,0,0,0
0,0,0,0
0,0,0,0
0,0,0,0
0,0,0,0
0,0,0,0
0,0,0,0
973,134,53,60
913,128,116,92
917,127,104,146
930,127,90,156
932,126,86,157
934,126,92,155
936,119,88,199
930,119,97,161
922,124,105,166
910,124,111,186
910,122,96,192
923,124,83,146
421,233,356,440
699,142,291,537
653,170,286,507
482,172,310,481
997,117,57,146
988,115,67,191
980,116,81,205
974,118,98,195
957,117,116,191
955,115,101,181
955,117,102,175
0,0,0,0
0,0,0,0
0,0,0,0
0,0,0,0
0,0,0,0
1059,101,119,70
1106,112,113,78
1111,112,143,82
1143,110,128,90
1134,116,132,86
1127,118,131,102
1134,128,116,111
1147,139,77,75
1113,162,81,63
1068,170,85,57
778,231,388,423
785,220,341,412
967,159,60,91
960,141,57,87
958,138,44,48
945,141,49,101
932,133,47,114
927,138,49,116
938,141,55,113
896,144,129,101
946,117,105,90
0,0,0,0
0,0,0,0
1026,127,92,64
1035,136,125,110
1044,128,141,258
1066,122,138,272
1095,116,117,271
1108,115,117,272
1106,114,124,276
1104,117,122,248
1080,117,136,276
1092,123,121,274
1108,123,89,235
1106,119,82,222
1090,110,80,180
996,109,127,254
970,117,124,251
950,119,127,250
935,127,128,237
956,122,99,221
930,112,104,194
920,118,60,226
909,108,61,221
887,100,90,213
853,101,96,215
0,0,0,0
0,0,0,0
0,0,0,0
752,101,60,205
739,100,93,203
728,131,90,172
690,111,93,192
665,104,115,198
670,105,92,197
655,108,21,28
642,109,32,71
634,110,73,155
628,113,89,165
622,115,97,142
627,122,69,66
625,108,74,66
623,115,77,213
613,116,85,213
609,124,89,208
603,118,103,218
590,116,133,220
567,117,132,224
563,118,121,215
562,124,113,215
556,126,110,214
550,125,103,215
546,126,102,201
542,127,94,205
0,0,0,0
487,133,59,200
482,135,73,201
475,132,94,207
472,127,99,209
470,125,99,201
469,127,94,204
469,128,97,211
462,129,106,215
457,135,123,163
454,131,143,203
454,124,169,219
463,128,173,219
474,136,157,221
484,131,141,225
473,131,35,32
423,130,79,131
398,134,123,136
402,134,127,223
386,139,150,222
390,145,146,217
377,141,135,219
389,152,95,194
331,140,52,91
310,140,77,129
309,151,75,112
307,152,103,70
280,160,106,55
276,150,94,54
248,154,38,65
226,158,51,100
207,159,63,120
196,160,80,102
189,164,108,227
180,165,114,239
176,164,111,244
186,166,56,103
194,165,38,39
0,0,0,0
0,0,0,0
0,0,0,0
0,0,0,0
0,0,0,0
0,0,0,0
0,0,0,0
0,0,0,0
337,131,67,99
342,134,75,95
347,136,70,75
350,137,71,62
350,138,77,97
344,144,96,221
351,147,88,236
333,151,108,229
0,0,0,0
0,0,0,0
276,157,32,41
