87,188,50,116
88,195,52,113
85,202,57,110
86,201,53,112
91,207,49,109
89,209,48,111
85,207,50,113
86,210,47,111
85,208,48,112
85,209,49,110
83,206,47,111
80,199,47,113
83,193,48,111
87,184,47,109
89,181,46,110
90,190,47,112
91,193,48,111
91,195,49,109
94,203,48,110
94,199,50,113
101,201,49,109
95,196,54,113
81,197,58,111
77,195,59,112
85,198,52,108
76,195,57,111
62,195,60,109
46,189,69,114
31,186,83,116
18,191,104,111
30,190,90,110
63,193,68,105
78,188,55,109
81,186,60,115
87,189,75,110
104,187,72,109
121,185,80,110
124,191,88,107
125,190,105,110
131,186,111,114
125,185,123,116
127,192,122,106
128,199,112,105
134,196,80,110
129,194,63,111
109,196,64,109
100,197,80,106
94,197,75,109
73,196,79,112
48,199,91,112
44,199,72,113
48,201,62,115
48,196,87,125
51,197,83,123
42,205,95,115
45,207,88,117
52,192,76,132
67,196,75,137
81,188,72,144
78,188,76,143
87,190,71,140
94,193,72,131
105,196,75,127
116,195,69,128
119,193,68,129
117,187,69,132
112,184,67,134
110,188,72,130
116,192,63,120
112,188,58,119
103,186,63,124
95,179,64,129
83,180,70,129
78,178,62,131
70,195,71,117
59,203,69,108
58,204,63,110
52,206,68,115
54,207,66,115
52,206,74,107
49,210,90,116
58,208,87,127
77,200,76,121
69,195,84,145
51,182,83,153
46,180,77,150
29,179,90,149
6,186,89,136
2,186,84,133
1,187,74,145
1,189,51,138
1,177,44,158
1,180,34,147
1,211,87,123
24,192,66,137
5,165,81,162
13,158,75,166
15,162,60,170
14,167,68,170
5,167,96,169
19,177,96,160
39,173,93,147
46,168,90,154
45,163,91,163
49,151,77,160
45,151,78,151
42,159,83,144
41,165,87,141
43,161,75,126
45,157,66,124
56,150,54,128
46,145,53,119
41,146,82,125
47,142,88,124
63,136,82,128
81,127,63,137
91,129,58,135
77,121,66,140
77,127,67,137
78,141,74,130
88,159,71,117
84,156,67,116
79,154,59,113
77,156,64,126
81,158,75,123
87,157,68,125
89,162,61,117
78,171,63,107
73,168,63,106
65,165,71,94
56,160,91,106
43,150,88,113
36,144,103,116
39,148,99,112
60,149,78,104
88,150,44,110
88,150,59,112
97,148,61,112
101,152,77,108
101,153,86,110
112,153,76,112
123,151,88,113
139,156,91,112
158,161,87,110
173,160,81,107
192,161,74,111
204,162,75,114
226,161,66,117
238,160,66,120
246,157,71,125
253,154,71,125
256,155,71,124
255,159,69,123
253,167,69,122
251,169,67,121
250,176,60,117
248,182,63,118
239,176,60,126
233,181,68,132
231,186,65,132
235,188,62,120
248,176,56,133
264,172,59,131
270,169,72,143
266,168,79,137
273,168,82,119
280,172,79,133
285,170,73,132
296,169,66,137
300,171,66,137
301,163,59,138
293,166,71,132
289,169,82,129
290,179,76,121
286,168,63,127
276,164,67,135
261,160,76,138
258,157,76,142
257,168,68,135
252,173,71,139
240,181,79,139
230,186,77,149
225,197,65,149
226,199,60,153
225,207,85,156
203,210,116,188
209,201,110,201
230,190,102,200
251,191,86,232
236,198,95,228
218,215,104,216
198,226,127,215
185,227,124,210
185,225,93,214
174,225,78,224
159,221,91,222
153,224,82,220
149,236,130,220
139,221,162,226
163,196,146,258
204,193,120,246
194,184,126,250
177,188,149,261
217,189,99,229
207,201,121,247
221,186,126,256
237,184,131,249
255,186,113,247
253,177,119,258
243,169,120,253
227,176,122,235
213,189,141,228
217,201,124,201
212,195,113,197
205,192,93,199
214,187,74,196
217,187,62,187
214,187,112,191
229,177,111,200
251,168,99,199
277,165,76,205
273,156,94,211
266,147,106,205
262,160,108,192
262,182,105,180
253,178,113,180
248,168,98,190
252,161,101,198
250,161,113,199
247,173,112,199
234,179,106,199
218,195,110,175
195,200,125,168
196,203,118,173
194,200,107,178
192,189,90,179
206,192,84,176
227,202,75,163
250,206,101,173
270,196,99,183
290,195,109,188
315,191,112,191
338,191,97,194
351,196,88,197
367,194,91,202
395,190,86,198
403,191,86,200
409,188,103,199
427,188,102,190
433,202,104,174
427,205,105,167
428,196,95,164
439,190,82,160
445,179,112,171
460,167,120,168
478,172,109,164
524,179,79,159
524,175,93,157
511,169,107,149
514,166,117,156
523,160,117,156
525,156,113,146
532,152,108,150
532,155,105,145
544,151,84,130
535,148,69,131
536,138,56,142
534,132,70,129
511,128,93,128
509,130,89,122
514,129,69,117
515,123,53,110
508,123,80,118
497,108,70,130
483,109,65,110
470,99,73,114
460,92,60,115
436,105,47,100
417,96,65,109
419,97,57,114
405,94,47,113
372,90,73,111
364,91,71,109
341,89,85,113
333,91,72,102
316,88,81,110
302,86,80,106
290,74,81,111
284,76,78,114
273,88,78,109
267,93,68,104
263,89,58,107
233,104,70,84
218,100,73,88
214,84,61,101
202,103,60,81
186,92,49,98
171,87,38,107
155,79,76,108
150,84,71,86
126,81,75,87
142,73,34,129
109,102,46,114
108,110,54,106
106,116,40,97
97,108,36,102
95,116,38,84
69,121,69,85
51,121,78,86
39,125,100,98
34,131,100,103
39,135,80,124
37,137,86,136
46,138,63,133
52,147,56,142
35,153,76,146
27,158,81,144
29,163,89,143
27,164,91,151
31,160,92,157
29,169,104,146
29,181,108,148
36,183,106,156
45,190,98,148
60,190,96,161
73,189,105,166
89,194,105,163
101,206,114,164
109,207,118,168
125,208,109,169
149,208,104,167
162,207,107,171
179,204,107,173
202,209,106,169
219,218,104,168
242,220,109,169
274,220,80,166
306,219,91,169
321,217,114,166
347,206,118,173
383,201,115,178
412,203,102,184
430,204,103,184
448,204,92,181
460,221,86,166
464,197,113,181
472,202,114,173
476,213,115,161
479,213,111,156
491,204,91,160
502,205,78,155
514,188,87,165
529,183,97,156
539,183,96,162
547,180,91,157
552,166,88,163
570,162,68,163
581,162,58,153
575,161,65,155
569,167,71,143
576,173,64,132
568,167,72,138
549,166,91,135
550,164,90,126
513,149,117,137
500,147,112,131
493,144,111,111
485,130,93,133
514,146,32,110
492,149,47,113
500,145,30,118
495,140,39,119
487,138,44,112
475,137,46,108
467,134,45,108
457,130,31,88
449,130,54,78
428,128,70,102
425,118,58,107
413,118,57,106
362,117,82,109
394,121,45,92
361,129,70,107
352,166,55,47
339,178,64,46
317,144,84,90
309,150,71,57
287,139,77,65
273,134,79,95
262,130,75,81
254,124,63,91
242,116,74,102
233,117,46,97
230,121,41,102
217,121,38,106
211,122,62,93
200,122,62,93
194,124,60,90
160,126,68,109
163,128,71,107
170,132,51,103
157,128,38,109
147,128,45,103
115,130,52,32
102,124,57,33
90,108,57,106
77,113,33,123
70,136,34,107
69,133,31,113
58,137,34,101
36,139,59,88
26,136,63,86
17,142,67,94
3,146,77,100
1,151,77,105
1,156,77,111
1,157,71,120
1,161,69,123
1,163,70,129
10,172,63,129
14,176,66,143
21,179,68,142
11,181,88,147
7,178,97,152
10,181,104,147
22,188,96,153
19,196,98,148
27,200,96,151
36,207,109,156
60,205,111,164
83,208,105,161
111,213,107,163
136,217,104,164
142,217,111,160
173,216,94,163
173,222,105,165
181,219,118,170
206,222,117,163
229,226,114,161
246,227,105,161
270,228,100,160
304,229,95,158
323,225,110,165
348,219,108,171
372,221,111,168
399,235,107,162
408,238,111,157
429,219,95,174
434,219,94,176
443,217,104,173
457,218,107,168
460,228,111,158
463,223,102,158
470,217,89,154
477,216,75,149
482,204,66,155
491,198,88,153
498,199,92,151
504,200,86,142
541,197,58,139
548,183,66,148
548,176,71,153
540,172,85,162
556,189,75,136
543,188,87,137
532,188,101,136
522,183,108,122
525,184,102,123
530,178,94,128
528,169,85,129
531,171,73,126
531,173,72,126
538,172,58,121
518,169,66,97
512,163,53,50
510,156,38,55
514,152,25,56
495,151,32,29
0,0,0,0
0,0,0,0
449,141,60,103
443,142,49,104
423,136,56,104
416,144,52,102
398,142,56,99
376,142,72,98
365,141,60,97
352,136,58,99
343,128,55,106
329,127,55,108
313,129,57,101
309,137,70,89
309,132,67,95
305,124,67,102
315,124,52,95
296,117,53,102
275,122,79,102
260,125,82,100
250,128,68,95
240,124,66,102
224,124,67,100
215,121,65,102
197,123,65,102
188,122,62,98
184,124,52,100
189,137,56,86
177,124,77,101
169,123,72,103
164,120,75,107
173,130,37,94
150,136,36,74
138,137,49,91
130,137,55,104
110,137,55,109
109,124,49,118
68,137,61,95
59,142,60,79
48,139,54,90
43,127,57,125
35,124,56,130
42,138,49,119
27,140,69,115
21,139,77,116
19,144,75,115
17,139,83,121
21,132,89,131
31,129,83,134
32,130,82,144
20,137,99,143
18,156,96,126
23,139,86,151
37,137,71,155
32,149,73,140
23,155,82,137
23,158,81,135
32,162,76,132
38,160,73,141
36,154,69,150
42,148,59,155
36,141,65,163
43,141,62,169
39,139,71,169
34,142,72,167
32,149,59,165
29,153,59,162
21,155,70,163
17,152,70,165
3,152,94,166
1,149,96,168
1,144,91,175
1,140,104,179
1,137,110,168
3,154,115,169
2,167,118,172
1,173,122,166
6,172,125,159
38,199,104,129
71,198,90,118
93,184,84,120
99,195,71,105
86,182,92,121
95,181,83,120
88,180,91,122
82,178,89,124
86,174,89,126
81,172,94,123
89,174,84,123
87,172,85,123
81,174,85,122
85,179,79,123
88,181,67,118
96,183,74,117
107,182,70,117
107,182,68,114
113,185,55,114
117,186,59,114
129,185,62,109
144,186,66,108
163,183,53,109
174,180,46,114
187,185,57,117
198,185,54,112
207,191,47,108
212,179,57,114
211,180,67,111
220,177,77,112
235,176,80,117
246,174,82,117
263,181,75,116
322,178,40,120
321,173,54,124
338,174,54,125
348,170,67,135
366,169,64,136
375,172,62,132
393,176,51,129
407,178,58,129
418,185,63,123
431,193,60,114
440,191,67,116
447,198,71,109
458,202,74,109
468,199,64,109
482,201,61,104
492,198,77,108
511,195,73,114
520,184,72,121
521,190,81,113
511,191,92,110
531,192,56,110
515,176,59,127
499,174,61,127
484,174,64,127
470,171,72,124
455,187,68,114
450,182,61,116
438,169,60,129
427,179,68,118
423,184,72,116
429,184,60,111
426,183,56,111
417,181,60,113
407,181,67,115
404,176,72,115
408,177,63,108
404,169,63,112
390,164,74,122
387,179,73,105
382,171,79,114
380,173,78,112
370,172,74,120
359,169,72,123
349,170,63,123
340,171,55,123
332,173,49,123
333,183,47,112
326,182,57,111
303,178,80,113
300,178,75,111
296,179,64,112
294,184,50,109
285,186,47,115
280,187,40,116
266,189,54,116
250,189,71,120
247,192,79,118
246,195,80,117
243,192,77,121
237,186,78,123
233,180,83,121
235,174,77,131
241,174,60,126
256,185,43,107
256,183,44,112
264,170,40,121
260,170,43,116
259,174,43,108
0,0,0,0
0,0,0,0
0,0,0,0
0,0,0,0
0,0,0,0
174,168,125,158
151,160,138,174
108,188,150,160
83,171,131,179
58,169,118,183
29,174,107,188
7,176,92,188
1,175,89,203
1,179,67,204
1,186,88,175
9,197,109,158
44,203,102,146
69,207,93,139
87,209,98,138
94,205,102,148
103,197,106,164
118,198,110,157
136,189,113,177
138,219,120,154
166,224,84,147
199,222,91,151
212,215,115,155
223,212,130,159
251,218,127,153
278,221,117,148
305,214,96,146
331,210,97,147
367,205,91,153
379,201,101,140
407,195,87,152
425,197,72,145
432,191,75,137
440,186,67,139
452,179,74,144
458,171,84,130
464,168,89,138
479,167,75,128
479,162,83,133
488,161,72,130
494,162,71,119
497,156,79,123
498,144,75,128
495,140,76,128
497,149,83,117
499,150,72,106
509,145,61,108
512,142,50,106
491,135,64,105
493,135,32,93
487,134,37,103
492,131,28,98
474,127,51,97
467,126,68,97
463,118,50,96
453,117,55,95
446,116,64,95
446,105,49,75
429,117,42,87
421,113,53,92
413,110,44,92
407,109,47,91
374,106,68,91
367,109,64,77
363,110,55,95
338,109,73,92
326,111,74,88
319,106,66,98
315,113,54,88
302,157,50,40
281,116,52,85
268,117,60,83
261,119,37,84
245,117,45,85
243,114,38,87
224,114,45,80
207,117,51,85
200,118,55,84
196,118,41,88
194,120,67,96
189,118,58,98
183,118,23,65
168,127,28,39
148,122,37,81
0,0,0,0
0,0,0,0
0,0,0,0
104,123,39,99
102,125,33,103
92,137,28,94
85,142,68,100
88,140,55,107
90,137,52,121
85,136,52,128
75,137,55,127
66,141,71,130
58,151,80,119
55,150,74,123
49,153,72,123
49,154,72,133
50,153,55,137
46,156,56,127
46,169,71,130
48,172,68,133
59,172,79,134
70,174,85,136
97,181,67,137
116,184,66,136
110,190,86,141
116,177,84,158
121,179,83,158
122,183,88,162
125,178,94,165
125,176,102,179
134,184,103,172
146,210,101,147
150,215,120,150
160,218,113,149
176,222,133,147
191,218,144,154
216,212,139,157
240,211,130,159
262,212,102,163
295,225,95,148
326,220,77,150
333,218,102,149
349,213,105,152
365,210,108,145
385,213,103,145
417,209,77,150
431,212,78,134
447,212,70,133
464,209,67,140
465,198,80,138
478,195,83,138
491,194,75,138
497,192,69,137
507,190,51,125
508,184,58,132
506,181,70,123
502,179,87,126
510,175,69,120
512,174,78,120
512,170,64,116
515,167,60,110
517,160,60,116
514,154,47,115
512,148,51,120
511,155,50,113
510,157,50,106
513,153,44,97
502,150,51,98
496,149,51,88
480,144,47,95
483,146,40,93
485,145,33,88
475,141,52,92
443,137,80,86
435,133,70,88
425,128,75,76
413,130,80,85
424,132,47,87
422,130,33,87
414,123,41,92
386,135,55,79
382,169,48,33
357,146,65,65
343,151,75,59
336,150,67,62
321,147,77,53
310,140,71,62
307,125,61,80
301,120,52,86
291,125,32,78
274,120,41,85
268,118,40,88
260,120,38,89
247,124,37,83
235,125,43,87
228,121,45,91
212,122,57,86
200,123,58,87
199,126,48,84
202,126,39,91
198,126,27,80
179,125,29,87
170,128,36,100
161,126,39,99
158,132,36,90
133,132,70,91
120,135,61,89
115,129,70,98
115,134,63,92
111,132,65,97
105,136,58,100
111,134,57,107
111,138,41,109
101,134,55,124
100,133,54,127
90,139,70,126
87,155,76,113
85,160,73,114
82,162,69,117
83,162,73,126
84,162,56,131
86,170,69,126
84,179,82,123
90,183,82,112
108,177,74,130
136,182,63,136
144,189,67,133
150,192,80,125
150,189,97,145
158,193,96,142
165,196,93,138
167,198,90,143
176,196,86,146
188,191,80,147
192,194,81,146
200,202,78,140
198,208,80,140
198,212,81,137
206,213,68,138
205,218,69,144
202,213,62,157
201,212,73,153
198,222,85,156
195,224,93,161
201,218,83,166
224,204,78,179
222,195,80,196
211,198,92,189
200,210,107,206
195,225,101,183
174,225,107,192
150,208,107,207
145,200,102,227
136,207,122,230
143,236,142,199
143,240,137,208
139,252,149,190
122,265,187,183
145,250,175,195
154,248,175,192
161,244,191,197
169,240,188,195
176,236,175,192
190,224,131,199
193,216,109,187
181,200,103,194
162,185,109,199
151,196,112,182
154,195,98,177
151,198,89,183
135,201,87,188
116,197,86,178
114,191,115,156
126,180,109,199
190,202,50,166
174,178,80,194
174,168,89,202
173,166,95,200
154,163,80,196
133,163,77,195
117,163,91,194
118,165,92,196
146,171,100,178
176,188,89,162
207,194,70,155
205,194,92,155
207,194,101,154
202,200,107,155
198,205,111,150
198,210,115,152
199,214,105,148
198,210,92,149
210,200,80,165
228,195,69,173
224,200,78,162
213,215,109,151
210,227,119,154
216,227,103,155
209,233,56,176
195,237,81,176
180,243,115,180
166,257,147,187
172,268,127,182
175,273,127,185
193,268,115,201
202,262,121,201
208,259,117,200
192,260,132,200
192,263,132,205
176,260,136,206
159,263,141,203
153,261,147,199
166,261,145,217
160,263,169,214
154,266,190,210
156,269,188,211
171,274,181,205
158,283,186,196
161,279,178,199
172,283,155,196
156,290,181,189
159,292,187,186
172,290,176,157
179,295,163,143
177,294,161,150
180,305,160,136
185,314,158,131
185,317,160,129
190,318,156,130
188,311,162,135
187,305,161,137
175,309,163,135
178,317,163,133
186,322,164,133
194,319,161,131
191,320,162,133
193,318,163,136
197,314,157,136
199,312,152,138
197,309,159,140
197,309,159,138
202,311,159,136
200,309,160,139
207,310,159,141
209,309,159,142
208,305,160,144
204,306,162,141
202,302,159,143
197,296,159,141
191,297,162,140
197,303,162,138
194,304,161,137
194,308,161,137
199,313,161,137
195,313,161,137
194,315,161,137
191,312,161,137
192,314,161,137
193,313,161,137
190,313,161,137
191,315,160,137
198,317,156,137
