831,208,66,121
835,207,64,122
830,200,64,126
829,201,69,126
824,201,74,127
825,203,73,127
823,203,73,130
819,200,70,133
816,200,69,133
810,203,74,136
810,207,73,136
808,211,78,135
815,210,63,141
812,208,65,144
806,210,77,143
807,206,72,146
805,196,72,149
802,183,69,152
800,175,73,155
794,180,77,156
788,181,80,155
789,181,81,161
791,178,68,164
781,175,82,166
774,181,94,169
768,187,103,169
768,196,109,168
774,201,105,174
779,201,85,182
767,203,99,185
764,207,105,190
764,214,107,189
765,223,109,188
769,222,102,197
769,228,102,195
768,237,110,202
769,244,120,205
772,256,122,210
776,260,118,217
783,264,117,221
791,276,116,224
791,283,122,230
793,290,130,231
790,296,132,237
781,299,140,243
773,301,137,246
772,307,134,250
774,308,131,251
784,305,123,253
789,299,129,257
790,294,130,258
794,295,129,258
786,301,139,254
755,302,159,260
718,301,182,256
727,285,139,260
709,253,126,290
691,253,133,290
683,306,157,245
692,317,190,238
714,318,180,245
750,320,161,254
779,318,141,259
782,318,143,264
751,330,176,259
705,334,196,258
668,332,202,244
666,304,175,274
653,292,150,283
635,308,136,268
639,337,147,244
653,346,177,240
681,350,177,245
718,354,149,249
744,352,133,256
757,348,131,258
744,347,146,262
728,359,154,254
656,366,200,251
625,368,206,243
620,363,169,260
624,356,115,269
577,365,128,266
551,370,146,275
496,377,177,281
469,384,179,270
448,381,172,272
433,376,152,278
415,380,132,289
394,385,136,296
373,390,143,301
334,399,182,301
310,396,191,296
268,381,195,293
248,369,173,289
242,368,162,288
241,368,162,282
241,362,164,280
260,355,153,273
288,342,128,270
315,332,101,258
332,332,109,237
382,334,71,224
387,337,119,238
393,341,127,236
401,338,133,254
417,331,139,263
420,337,154,257
422,349,156,269
423,360,153,267
427,371,150,282
430,374,148,289
409,373,166,291
380,379,184,289
363,385,163,301
354,392,163,311
335,400,189,307
343,401,187,312
364,397,209,309
414,384,172,297
430,360,168,289
452,343,164,282
454,331,183,282
458,322,185,279
460,317,178,271
456,304,174,270
454,289,162,268
451,285,151,265
451,287,146,259
451,286,138,257
409,289,171,241
401,286,88,256
381,283,108,268
351,279,133,279
337,287,131,276
329,296,142,280
319,301,149,282
318,307,152,288
330,309,154,293
340,309,163,296
368,307,150,306
392,313,145,311
401,316,151,308
402,314,157,309
398,315,159,304
414,305,186,295
441,298,164,287
476,299,152,286
506,302,147,285
549,304,157,286
566,305,179,284
589,299,163,279
624,292,136,284
650,295,125,284
660,293,124,283
668,295,140,278
679,299,132,277
680,301,134,286
677,303,148,292
667,313,170,299
673,322,179,295
701,322,167,284
720,320,161,281
735,325,153,285
752,335,154,282
763,350,144,276
766,358,130,271
769,362,118,270
768,369,114,271
767,381,115,267
758,390,131,268
755,396,136,265
754,400,143,270
765,402,140,266
769,405,143,273
775,409,141,272
782,411,140,276
786,415,138,275
790,415,139,277
797,416,134,275
797,416,140,278
803,416,136,282
803,417,136,277
806,419,134,277
807,418,128,278
804,417,128,278
805,417,127,278
805,414,129,282
808,411,133,284
810,409,130,284
810,410,131,282
812,409,130,279
812,408,132,281
810,404,134,281
811,403,133,281
808,401,135,282
811,401,133,282
807,401,137,279
809,400,133,282
807,399,133,280
804,398,133,280
803,396,133,280
803,393,135,278
803,391,133,276
801,389,134,279
799,388,134,276
800,386,132,278
798,385,134,277
800,385,129,275
798,383,133,278
799,382,133,278
798,381,133,278
800,379,133,278
798,377,130,274
804,375,127,274
804,373,127,273
804,372,127,275
804,370,130,275
805,368,127,274
805,367,127,274
803,364,131,275
806,363,127,275
808,362,127,274
809,361,127,272
809,360,127,274
811,357,127,276
811,356,127,274
812,357,127,273
812,354,127,274
814,353,127,275
815,352,127,275
818,352,127,273
817,351,127,273
821,350,127,275
822,350,127,274
820,351,130,275
821,349,131,276
824,349,127,274
829,347,127,275
826,345,132,277
831,344,127,276
833,343,127,278
831,344,133,278
829,344,133,278
829,345,132,276
831,346,130,274
831,345,128,274
831,347,129,275
832,346,128,276
835,346,128,276
836,346,131,278
835,346,133,278
837,345,130,276
838,345,130,275
839,347,128,275
837,348,132,274
840,349,132,273
846,349,133,277
843,361,148,268
839,378,156,253
837,390,164,246
836,396,167,241
842,388,158,245
836,369,163,264
834,354,163,279
836,349,152,283
835,351,143,279
833,350,136,283
831,350,131,279
823,351,133,280
821,351,135,281
821,351,128,280
813,351,134,282
809,360,164,274
807,353,181,273
815,350,187,275
809,350,213,276
807,355,226,276
799,361,231,269
802,358,199,265
786,352,178,268
778,346,144,270
758,348,155,269
752,351,162,263
756,361,185,258
790,360,189,258
815,352,171,272
813,347,200,268
811,346,232,273
809,357,241,266
797,369,249,247
788,371,203,247
758,362,192,272
741,345,161,291
707,316,157,326
685,334,146,310
666,363,168,284
655,362,185,280
647,354,178,284
634,349,192,282
644,344,179,275
642,346,188,277
650,348,198,263
669,346,190,267
697,341,146,266
720,338,131,264
734,338,128,258
757,338,122,261
772,333,119,264
778,333,115,260
777,331,117,260
780,330,115,258
789,332,109,257
789,335,112,252
786,340,114,247
782,346,115,265
769,350,154,272
765,349,173,284
750,355,198,292
744,367,212,292
749,375,224,289
783,379,210,295
834,374,177,295
874,375,150,304
894,377,155,313
914,376,175,314
941,374,189,314
980,360,175,302
998,350,185,295
1021,344,177,286
1037,336,166,283
1058,326,152,284
1072,310,141,274
1085,293,134,260
1110,286,115,229
1120,278,105,206
1124,271,98,166
1126,258,94,159
1128,242,94,125
1131,233,93,125
1132,226,87,123
1126,221,84,134
1123,211,55,98
1120,196,53,98
1123,187,45,87
1118,180,43,89
1109,176,51,89
1102,172,46,83
1101,160,40,83
1094,149,42,81
1086,146,48,76
1078,142,45,69
1064,138,44,68
1058,127,50,76
1053,117,43,77
1046,115,41,63
987,112,96,183
976,112,85,180
965,102,87,178
964,93,90,168
963,92,82,176
964,90,70,176
959,90,67,168
958,86,59,161
954,77,56,166
931,76,69,170
919,73,70,151
895,72,84,152
887,70,84,154
887,63,73,155
882,61,67,150
882,60,56,152
861,59,68,149
837,59,83,147
829,51,81,147
821,48,75,147
812,48,74,143
799,48,78,144
784,46,81,143
780,44,74,138
779,39,71,140
775,39,58,140
768,40,61,140
760,41,59,136
743,38,72,137
735,34,71,134
729,30,66,137
722,32,61,136
714,31,64,136
694,32,75,134
690,29,68,128
689,24,56,132
677,26,61,131
667,26,65,129
657,28,74,129
650,25,75,124
646,23,67,123
642,22,50,125
645,22,37,128
620,22,55,130
595,23,62,121
592,22,58,117
588,22,54,123
588,27,47,122
586,29,43,120
577,34,40,118
568,35,42,116
558,40,37,85
530,46,57,113
526,52,56,115
522,57,56,116
521,65,55,114
512,70,60,116
519,75,49,117
519,79,48,114
516,85,46,109
524,91,37,86
521,97,36,89
517,102,38,87
509,106,40,62
503,109,41,63
492,112,42,62
471,117,56,114
460,119,55,118
451,122,45,116
443,123,24,114
423,124,39,113
416,123,36,91
401,126,38,122
390,127,49,128
385,127,49,125
384,127,47,128
381,128,50,127
382,127,53,129
383,127,52,127
378,127,64,127
385,127,59,127
385,126,59,124
394,125,55,124
391,119,60,132
387,108,64,129
383,107,72,129
378,113,83,120
378,114,87,117
382,115,88,115
384,113,87,111
386,112,88,110
389,106,86,133
402,95,77,144
417,91,67,145
430,93,60,141
437,101,57,131
438,103,59,125
442,99,57,126
441,98,58,125
440,97,59,125
442,95,55,126
441,93,57,123
439,91,58,125
441,91,58,124
440,90,59,125
439,90,60,123
438,92,59,121
439,80,59,114
428,72,60,128
417,68,68,133
404,73,78,121
393,75,86,117
387,79,88,114
383,83,90,113
381,82,90,108
382,79,91,135
389,70,87,144
403,67,69,146
413,71,62,143
416,82,59,133
416,87,60,128
417,88,56,124
414,87,56,125
413,87,56,126
405,88,62,125
403,87,67,125
404,86,42,127
406,89,45,121
409,86,46,121
413,80,46,123
414,78,45,121
416,78,43,121
422,81,35,115
427,129,29,68
438,82,41,117
456,81,38,108
458,78,45,104
464,78,43,92
467,82,43,86
470,84,39,84
472,87,38,83
471,87,38,82
469,87,38,111
465,85,36,123
460,87,32,125
454,90,33,125
451,90,36,126
437,93,50,124
430,92,52,123
427,89,46,124
426,83,40,133
423,86,39,125
421,86,39,126
417,85,42,124
414,87,46,109
412,86,49,101
413,86,48,102
413,86,49,102
413,85,49,123
414,84,49,124
417,84,46,127
422,87,41,116
425,87,45,122
427,86,48,122
430,85,49,125
431,86,54,124
435,89,56,87
442,91,56,83
451,88,54,75
457,88,56,75
463,88,55,77
462,92,62,130
470,94,63,126
481,95,59,128
488,92,58,132
494,92,61,134
503,95,60,135
512,96,58,136
501,100,77,134
507,102,79,134
518,99,75,140
529,99,73,144
544,103,65,141
554,107,64,142
562,110,49,112
575,113,47,98
586,110,63,101
589,112,69,109
594,115,83,160
599,117,86,154
611,121,81,151
620,120,81,155
636,118,75,156
648,120,69,154
644,125,62,72
650,127,30,82
655,130,37,80
661,132,42,81
651,130,64,96
649,127,62,161
654,130,67,170
663,134,69,170
674,137,71,167
691,141,72,147
707,139,82,168
730,135,75,178
743,138,80,178
752,140,80,177
766,142,75,175
792,142,61,153
812,139,62,195
821,135,72,154
823,137,82,171
811,145,100,177
816,149,99,185
852,157,67,157
853,162,78,183
846,160,88,215
835,169,95,213
810,178,117,219
806,185,118,217
806,189,114,218
802,192,116,223
790,197,119,219
786,198,114,223
785,202,106,225
777,206,105,225
763,212,109,221
751,216,120,221
743,222,124,218
751,228,112,215
753,231,107,218
750,235,104,217
744,241,106,218
739,244,107,216
736,245,109,216
735,248,106,213
732,247,104,215
730,247,106,217
727,247,109,219
724,251,107,216
720,253,108,218
716,255,108,218
714,257,108,218
711,258,108,218
706,261,107,217
704,263,109,217
702,263,108,219
700,265,108,218
697,265,107,216
695,266,108,217
693,266,109,217
691,267,108,218
689,266,109,217
688,266,108,216
688,266,108,216
685,266,109,215
683,266,109,215
681,264,110,218
682,265,109,217
679,264,110,218
679,264,108,217
678,263,109,218
679,263,107,219
679,263,108,219
678,263,111,218
680,263,106,218
678,263,110,218
679,263,109,217
680,263,107,217
679,262,110,218
679,261,110,218
680,261,109,218
679,261,107,218
679,261,107,217
678,260,109,217
678,261,108,216
680,259,108,219
680,258,109,220
680,260,108,215
681,259,108,216
682,259,108,219
683,259,108,219
682,260,109,218
684,261,108,217
683,261,108,217
683,260,108,220
684,262,108,217
683,262,110,215
684,261,109,218
684,262,111,218
685,262,110,218
683,262,111,216
684,263,110,219
686,263,103,215
686,264,105,217
686,265,106,217
684,265,109,220
684,266,109,219
685,269,107,217
686,272,106,220
685,275,109,220
686,283,108,221
688,294,107,220
690,306,107,221
688,320,111,223
689,336,111,224
689,356,111,224
690,371,111,224
691,373,111,225
691,373,111,224
692,374,111,227
692,380,113,226
693,382,111,226
693,384,111,226
693,385,111,226
693,385,111,226
691,385,111,228
689,385,110,227
688,384,110,227
686,382,110,225
686,374,111,225
685,360,111,224
685,342,108,222
683,325,110,221
681,315,111,216
680,308,114,218
686,298,119,224
694,286,110,230
706,264,105,242
707,247,115,263
711,261,121,246
712,275,119,234
702,271,115,225
679,266,108,215
666,258,106,210
655,250,113,207
656,251,113,202
659,257,130,218
669,254,125,226
677,250,137,233
681,237,140,242
706,215,125,265
709,218,128,260
715,244,123,238
712,247,111,233
693,240,112,228
678,230,115,229
673,219,113,223
668,218,116,216
663,221,122,217
652,223,132,212
640,223,141,213
653,222,125,210
623,220,139,211
611,219,131,221
590,222,151,218
573,223,149,226
559,226,139,227
532,227,174,226
517,228,198,228
515,229,199,228
520,233,188,225
530,235,175,219
555,234,147,213
592,232,130,213
611,230,129,216
630,228,132,214
652,229,134,212
643,231,153,216
639,234,161,213
636,236,162,217
638,238,162,217
639,238,160,225
644,246,160,232
646,256,168,231
655,259,156,232
670,257,143,237
690,235,129,256
707,220,127,275
719,244,120,255
717,259,118,242
701,259,126,237
679,254,131,228
662,246,115,221
658,242,118,206
655,246,122,200
656,257,141,222
664,258,142,236
680,256,143,238
702,246,131,244
718,221,120,274
719,228,127,269
725,260,128,247
718,261,132,244
702,255,116,235
681,249,121,233
670,241,120,229
661,238,125,223
662,242,128,216
672,249,163,220
693,251,165,232
723,251,145,237
756,245,115,247
786,253,107,251
791,260,120,252
803,265,143,250
824,263,143,251
841,259,132,251
862,260,124,253
875,267,128,248
893,273,141,250
906,278,167,243
929,278,158,243
958,277,147,253
970,283,149,257
975,283,154,257
985,286,146,259
992,287,139,259
992,288,142,259
991,289,147,259
990,292,149,257
987,293,155,254
990,292,155,257
989,292,154,257
987,291,155,260
986,291,158,259
986,292,158,257
988,291,155,259
984,293,159,259
987,295,157,255
987,296,157,256
987,298,156,256
986,299,155,253
986,299,151,256
969,304,154,253
936,305,171,254
926,301,164,251
916,295,155,252
908,293,145,254
884,296,154,254
874,303,149,253
842,307,160,246
822,303,156,251
806,297,154,257
793,296,146,260
773,297,143,259
752,302,139,260
708,301,160,260
687,293,156,255
671,286,143,253
661,285,134,247
646,286,129,250
627,296,125,246
590,304,142,242
570,302,139,254
557,300,132,261
542,303,126,266
521,308,127,270
504,316,124,269
465,321,150,272
443,318,160,269
430,312,149,266
419,310,140,267
410,316,136,266
406,325,130,269
399,327,122,268
386,326,124,271
382,324,122,275
379,326,125,277
370,327,133,274
368,334,134,277
356,344,141,269
322,340,163,270
304,331,147,259
286,329,160,265
266,328,172,263
246,334,180,263
190,335,229,265
169,331,245,261
178,314,233,272
173,325,238,264
174,338,242,258
212,340,207,256
242,335,184,260
278,332,151,264
305,334,127,269
334,339,117,277
358,338,116,280
368,334,127,278
394,328,116,272
402,326,123,267
403,325,128,271
403,327,129,271
393,335,132,272
351,342,162,267
336,332,150,263
321,322,131,268
293,320,150,269
272,323,162,269
254,323,176,272
204,324,222,268
170,320,254,259
179,305,244,273
172,317,250,258
174,323,250,258
206,323,222,256
245,315,185,263
280,308,153,271
310,308,118,277
332,313,124,283
350,311,123,282
376,305,116,281
388,302,120,274
391,302,125,267
388,305,130,262
386,313,129,260
370,280,138,310
352,270,133,329
347,263,134,339
343,260,150,347
357,258,142,349
369,256,157,362
392,261,154,360
428,261,142,351
448,253,138,350
451,250,152,339
452,250,176,328
456,250,190,325
458,252,189,316
456,245,182,305
450,238,168,297
448,242,151,284
445,238,138,285
428,244,141,284
417,240,141,284
407,240,132,281
403,248,121,272
386,256,117,264
366,263,130,268
342,281,142,255
339,286,143,257
331,288,123,255
316,294,141,261
310,300,147,265
318,303,139,273
318,304,140,280
332,303,127,284
337,302,127,281
339,299,124,282
338,300,122,278
334,298,125,278
331,299,133,277
332,302,165,270
350,308,180,259
380,308,156,258
406,304,155,260
434,299,144,267
455,304,137,273
457,318,147,274
451,321,159,286
444,325,169,289
443,322,162,292
443,319,154,301
436,320,158,300
434,323,170,299
433,317,181,302
442,313,177,289
462,307,159,276
470,304,164,265
472,304,169,262
472,312,168,275
466,318,154,290
458,324,163,296
454,321,158,306
447,324,169,309
446,325,172,314
446,325,166,311
444,325,166,309
445,327,168,305
446,324,167,306
450,327,157,303
455,327,154,302
454,327,157,299
455,325,156,303
456,323,155,303
459,322,152,301
460,325,158,296
459,322,164,296
456,314,175,293
461,302,173,283
486,286,140,278
503,271,131,270
512,256,114,266
524,262,96,260
515,254,107,255
510,233,93,248
498,216,132,245
488,214,146,234
493,204,134,231
504,206,138,238
532,201,127,233
525,199,140,224
521,199,146,210
522,195,146,215
515,193,145,217
512,194,146,215
512,192,137,215
500,196,133,212
493,192,126,218
491,197,127,216
494,203,117,220
506,206,109,224
503,208,118,225
496,217,136,232
482,220,153,241
484,219,144,242
492,219,134,241
498,214,136,246
497,214,138,245
491,214,143,246
496,223,135,241
499,217,120,240
513,204,103,236
506,198,118,226
510,197,119,218
500,194,143,221
492,192,146,224
504,188,126,219
509,185,118,211
513,188,114,211
512,192,114,209
512,195,118,208
510,208,119,211
509,225,116,215
496,231,121,229
483,232,130,230
474,237,140,232
463,251,150,236
469,257,142,243
474,257,134,246
477,257,128,246
480,258,133,246
473,259,137,248
462,263,141,246
463,261,124,246
490,253,105,243
481,237,117,239
470,241,132,216
466,237,138,223
454,235,144,224
467,235,122,223
471,232,120,216
472,228,124,215
474,229,121,215
474,235,118,212
440,246,141,200
412,253,161,199
410,250,141,207
398,249,124,209
369,249,117,219
361,250,111,228
357,261,118,228
350,272,133,221
368,275,133,223
386,275,128,230
386,275,143,223
391,277,157,235
403,286,175,238
420,302,178,238
448,311,149,244
446,317,152,240
447,314,160,252
446,319,176,262
448,333,179,266
446,345,174,278
441,352,172,286
442,355,153,291
433,356,150,293
427,358,152,301
422,381,159,291
437,395,153,293
442,400,161,295
448,401,159,298
442,409,172,310
446,413,171,308
450,412,173,308
429,408,198,314
423,404,209,317
436,397,194,323
443,387,187,333
459,378,174,327
467,366,179,330
480,353,168,324
492,332,141,309
506,322,150,288
506,310,150,284
505,299,159,290
504,301,163,276
506,297,164,259
514,288,159,256
525,286,148,252
525,291,147,256
530,291,137,273
522,312,140,275
501,315,149,277
487,317,164,283
476,331,180,289
467,341,196,306
466,344,190,310
464,344,185,308
445,343,203,313
454,343,193,319
454,338,191,325
472,339,172,328
473,335,166,330
491,327,150,324
509,309,133,307
518,306,150,284
526,291,154,280
521,285,156,288
526,284,151,270
527,278,150,265
530,277,151,254
