425,290,170,266
440,296,180,262
416,304,206,257
391,306,199,246
353,294,185,265
337,288,173,259
326,300,183,254
342,308,210,251
383,304,210,260
445,294,168,262
446,299,185,258
414,304,216,257
368,306,226,255
343,294,197,261
325,285,177,262
308,288,207,260
319,298,202,253
354,300,180,250
405,286,180,256
422,277,189,246
415,286,203,248
401,294,192,250
361,294,173,257
333,282,172,259
318,279,188,259
311,289,195,251
329,294,198,249
359,288,207,253
406,279,181,248
406,277,186,248
398,286,187,249
365,296,158,250
330,292,182,254
307,284,195,260
293,283,175,260
284,287,193,258
299,288,195,257
322,300,201,259
373,301,174,263
395,297,166,263
411,297,171,260
417,298,174,257
417,302,174,253
419,301,172,256
416,300,169,262
412,303,170,260
411,306,187,261
428,312,198,256
465,302,186,257
506,297,176,257
525,292,181,258
529,289,172,261
520,287,165,262
498,288,174,260
482,285,182,260
473,288,186,257
460,290,185,254
447,286,185,251
440,269,160,264
404,272,176,256
385,267,173,257
376,265,164,256
369,262,166,260
368,261,170,258
374,262,173,261
370,271,182,254
352,277,194,257
325,273,186,257
293,271,172,259
274,269,176,259
262,267,185,257
267,265,189,260
279,262,191,258
294,260,186,257
301,263,186,255
304,269,189,255
310,276,183,251
338,269,185,253
389,255,163,256
409,252,156,253
358,263,213,249
319,272,205,241
290,264,206,254
269,252,179,255
254,258,199,251
267,269,218,245
327,267,210,246
410,263,180,239
476,219,147,287
465,239,184,276
483,267,165,247
489,265,187,252
484,266,157,255
482,271,164,253
464,281,185,251
465,286,180,245
414,276,185,254
404,266,149,255
401,272,152,255
397,283,213,249
424,287,203,244
476,274,164,252
489,268,154,248
475,277,183,245
446,283,218,240
398,285,212,237
380,252,159,266
335,229,162,278
273,267,207,247
235,266,220,253
231,262,205,255
240,259,192,260
238,261,203,256
246,266,196,254
259,274,198,251
290,277,201,248
341,265,166,257
364,263,160,253
340,275,184,246
310,278,190,247
268,266,177,253
265,260,182,256
247,264,199,257
247,258,211,261
290,246,193,265
322,258,215,252
358,249,220,275
389,259,215,266
411,259,207,279
402,261,240,275
410,269,240,262
418,269,238,260
429,267,236,254
417,266,245,258
431,277,212,251
432,275,185,244
425,269,160,250
417,264,136,252
409,273,147,257
407,277,193,257
435,270,202,258
475,269,193,256
477,274,203,248
477,277,200,249
451,256,191,272
414,259,174,266
353,252,212,267
313,256,210,272
301,256,207,270
296,252,213,274
300,261,209,258
286,262,232,255
280,259,233,259
279,257,235,257
288,266,221,251
305,273,204,248
343,268,181,247
374,260,147,254
371,267,161,251
327,271,210,253
291,269,228,254
263,263,200,260
258,261,195,253
266,241,178,271
277,252,193,258
283,232,205,277
284,245,226,269
296,242,212,277
298,234,209,281
298,236,224,281
311,239,221,277
338,242,198,272
357,231,175,283
364,258,170,257
367,260,160,256
357,259,172,256
347,253,190,263
337,260,201,257
329,266,205,259
327,273,208,260
343,274,201,256
381,264,171,257
406,262,151,259
378,272,186,255
337,275,218,255
307,268,210,254
281,264,200,256
277,265,207,253
285,259,198,260
305,257,201,261
329,259,189,258
346,256,168,253
351,255,149,249
354,261,144,246
358,257,179,246
377,258,192,240
390,250,191,245
424,248,166,250
449,249,147,248
452,250,158,252
452,259,178,253
456,264,189,251
457,262,189,253
456,266,183,252
452,275,182,249
445,266,192,260
444,268,191,254
430,269,198,252
415,275,214,255
413,275,214,254
421,276,210,250
454,264,192,254
488,264,176,254
497,258,179,257
489,258,186,257
474,254,186,254
474,257,166,249
444,278,185,229
417,253,189,249
391,254,185,250
374,255,152,255
364,262,168,253
362,263,182,251
366,262,178,253
367,264,183,251
361,267,191,257
359,267,199,259
367,266,200,260
377,265,190,261
380,266,188,259
380,266,189,260
379,263,189,264
380,264,187,264
382,267,189,263
394,272,188,256
417,277,182,250
425,292,202,240
430,311,203,220
430,325,194,209
427,330,189,205
427,328,187,206
425,328,192,207
427,329,189,205
423,329,197,204
425,332,191,204
425,329,191,206
425,330,192,206
424,328,190,207
422,324,191,209
419,311,188,222
416,295,186,234
411,281,180,244
404,273,173,250
391,270,168,246
349,270,184,257
315,268,193,256
289,267,183,262
263,267,204,259
251,264,211,256
253,264,205,250
270,261,190,254
288,260,171,253
296,260,168,256
299,259,168,257
290,258,174,258
290,260,172,256
290,260,173,256
288,259,164,256
285,258,157,255
271,262,150,256
244,262,162,252
207,261,176,254
190,259,186,254
199,258,182,255
211,261,171,252
224,262,172,251
231,259,172,255
230,260,170,258
221,258,163,260
208,259,157,261
177,258,173,258
151,257,170,265
135,258,174,262
132,252,176,264
142,257,178,260
155,254,178,265
177,255,165,261
180,257,166,264
171,261,171,261
171,259,174,265
183,262,176,258
209,264,173,260
239,259,161,260
252,261,158,258
252,266,154,249
236,261,165,259
223,261,175,253
225,260,170,260
229,261,171,253
239,260,172,254
269,263,170,258
299,261,160,262
313,257,165,262
311,258,167,257
295,260,171,255
289,260,175,258
286,261,167,257
286,261,168,256
287,261,170,257
292,262,168,256
291,260,165,256
289,266,170,252
283,243,170,279
274,254,178,268
258,266,199,265
246,268,211,259
235,264,224,266
235,267,222,257
245,261,219,259
258,263,201,258
272,261,186,260
294,288,161,234
277,262,171,261
279,260,164,264
272,259,171,261
273,259,168,266
268,262,171,263
272,261,173,262
271,263,174,259
273,260,173,263
271,263,174,258
275,260,171,262
271,260,175,261
273,262,172,258
276,261,170,261
272,261,174,258
275,262,170,257
276,260,168,259
278,261,168,259
280,262,168,259
276,271,172,260
277,279,169,256
282,281,158,261
274,274,165,262
262,270,180,261
260,278,177,255
274,279,155,264
280,278,157,261
274,266,169,270
270,268,182,246
266,281,179,252
283,283,152,257
273,280,167,245
264,268,184,263
274,276,175,255
297,281,135,257
281,278,149,254
271,270,175,260
267,268,181,253
263,279,181,256
276,284,152,251
270,278,157,263
259,272,182,269
261,276,180,261
285,282,145,253
279,276,157,258
274,274,182,260
275,270,184,252
282,272,168,261
288,280,144,256
274,279,162,266
259,271,188,269
259,270,194,267
272,276,173,261
290,277,138,260
278,271,161,256
275,265,171,257
270,265,171,257
280,264,159,259
284,266,159,261
289,266,160,257
302,263,154,257
303,264,161,256
289,261,177,252
283,258,169,250
281,256,159,251
280,255,161,248
270,250,172,249
266,242,175,251
264,244,167,242
259,242,163,241
284,238,138,243
282,237,139,242
280,229,147,245
275,224,151,247
277,227,134,237
271,226,178,230
284,222,161,228
301,217,166,219
315,210,159,226
319,210,158,222
338,211,148,215
358,211,164,227
373,208,151,223
368,210,157,220
368,210,153,228
354,207,147,220
350,206,153,225
344,207,157,229
348,210,154,221
349,205,153,228
355,206,148,228
349,206,152,228
350,205,153,228
350,206,153,228
352,209,153,223
348,215,153,224
343,215,152,228
336,216,160,228
328,215,166,228
322,214,170,233
324,214,172,227
337,211,148,230
342,218,140,228
337,220,166,224
326,216,152,230
294,207,170,226
281,211,183,230
285,219,193,219
322,218,171,218
368,207,134,231
402,212,136,216
415,218,121,225
400,217,115,222
295,214,186,232
286,207,186,229
278,208,195,228
286,217,195,222
323,216,172,225
374,210,150,228
402,210,133,215
399,216,137,211
385,222,106,214
352,218,132,211
338,203,168,216
326,193,173,219
325,198,165,216
324,204,172,217
346,211,152,190
343,204,149,210
348,196,136,222
366,215,132,223
366,221,154,230
372,228,171,233
375,221,180,234
380,218,185,237
393,227,179,239
408,233,152,230
425,226,123,229
439,218,115,229
439,214,115,226
428,209,116,227
370,207,164,223
341,203,157,236
346,203,163,220
349,202,152,223
348,201,156,222
358,201,165,232
360,201,163,227
369,203,155,225
356,201,168,229
348,204,174,227
355,203,167,224
355,203,165,221
359,201,163,228
361,201,159,226
353,202,170,224
371,202,147,221
365,201,156,225
358,206,162,223
348,215,170,222
334,216,153,213
313,213,167,224
296,204,180,224
288,202,189,225
301,212,183,226
404,212,92,228
418,205,105,226
417,203,117,226
415,213,119,214
346,216,170,217
313,215,179,224
293,207,179,227
285,205,188,235
282,214,196,224
308,217,189,224
412,213,102,229
421,207,109,219
422,203,112,228
422,205,104,219
423,205,102,224
426,205,95,223
428,206,92,227
428,206,92,229
426,206,99,227
428,207,96,229
423,205,99,228
386,207,138,226
386,206,140,227
386,204,138,227
386,206,138,226
386,203,139,229
384,203,143,229
382,205,138,227
384,203,138,230
380,205,143,224
384,205,138,227
380,204,142,226
380,202,140,227
380,208,138,226
375,225,137,213
368,217,144,223
350,212,155,213
339,197,166,209
332,199,168,208
331,208,164,205
348,220,142,190
344,219,140,196
350,204,127,226
371,212,123,230
405,228,121,231
414,235,142,231
423,235,168,229
427,227,180,228
441,239,176,228
464,243,151,226
456,242,135,220
471,233,114,227
467,224,115,229
462,229,114,224
376,233,175,217
350,230,168,223
332,220,165,223
314,221,183,218
317,230,189,219
433,232,101,224
445,220,105,226
444,218,118,218
440,224,124,212
367,225,177,224
343,220,165,228
324,212,174,194
313,214,189,218
310,223,200,225
426,222,107,226
447,217,106,231
451,212,112,224
454,210,120,231
452,212,122,222
455,211,99,223
381,211,166,225
371,212,140,226
368,210,141,222
351,210,146,228
334,210,145,234
308,210,148,236
294,208,138,237
295,213,118,210
301,208,125,223
300,211,129,230
282,210,139,233
268,209,127,237
275,207,91,234
262,200,104,238
256,200,114,233
253,208,111,223
249,209,99,216
246,214,86,211
256,242,78,178
270,306,60,119
269,307,61,117
266,308,64,114
267,301,61,120
265,304,63,119
269,303,59,121
266,304,61,121
268,305,61,117
265,327,63,86
162,202,131,185
75,194,133,205
52,192,147,211
52,187,152,210
19,187,185,229
52,191,154,202
83,189,126,183
102,188,125,198
0,0,0,0
265,226,44,43
258,197,54,88
274,183,80,128
298,191,62,121
282,189,157,181
281,187,151,190
282,188,160,194
265,190,135,178
282,187,123,186
263,183,127,203
240,185,124,202
236,184,95,222
0,0,0,0
0,0,0,0
0,0,0,0
0,0,0,0
0,0,0,0
0,0,0,0
0,0,0,0
0,0,0,0
0,0,0,0
0,0,0,0
0,0,0,0
0,0,0,0
0,0,0,0
0,0,0,0
0,0,0,0
0,0,0,0
0,0,0,0
0,0,0,0
0,0,0,0
190,179,39,82
87,178,159,199
74,172,187,208
75,170,188,227
78,171,179,226
160,167,87,177
172,163,67,105
173,162,64,106
163,166,78,120
153,171,98,206
49,165,198,217
46,163,188,88
50,160,187,91
100,166,144,90
161,167,86,119
173,168,64,87
198,169,48,63
0,0,0,0
0,0,0,0
275,173,113,190
293,155,92,183
288,164,116,177
298,176,134,159
295,179,145,155
268,177,148,199
257,173,165,220
250,172,160,226
258,172,147,202
275,177,127,118
268,176,152,167
299,169,169,166
297,171,169,203
287,171,193,197
270,173,197,201
252,172,161,208
255,174,102,170
265,173,120,176
313,178,92,220
317,172,120,215
315,170,143,204
317,167,156,200
303,168,173,197
288,172,153,200
269,163,117,215
251,164,92,199
226,166,118,224
190,168,127,219
175,161,118,227
174,150,99,180
0,0,0,0
137,150,44,57
129,164,74,55
153,156,55,63
48,153,154,188
39,161,181,188
33,163,197,197
39,156,195,218
35,150,198,227
42,149,192,232
53,151,177,232
62,154,169,226
72,148,153,225
76,148,152,230
79,153,144,229
86,149,143,225
93,154,124,227
103,154,124,228
111,150,135,228
122,154,146,214
133,148,147,205
147,146,187,230
148,144,182,222
230,139,127,226
234,140,156,229
230,140,186,228
227,132,225,234
226,133,235,230
224,140,226,224
223,126,207,229
214,134,200,218
205,124,178,212
197,122,147,171
186,127,63,107
175,127,61,99
169,123,45,104
154,126,47,104
131,128,64,107
112,124,67,122
58,129,129,214
45,130,139,222
35,133,145,221
38,135,125,217
41,141,123,217
42,141,182,219
49,140,184,219
49,141,190,217
48,141,197,223
52,144,196,212
50,145,194,217
65,141,178,222
60,140,185,221
69,138,174,221
73,141,128,220
60,141,135,222
46,144,139,231
41,151,119,233
42,154,100,226
21,144,108,229
2,139,113,233
1,149,99,227
1,153,85,211
1,147,71,207
1,145,66,196
1,151,66,188
1,157,77,180
1,153,96,197
14,149,99,213
59,147,70,189
105,158,40,91
129,155,36,80
143,156,40,94
154,149,40,88
158,149,39,96
152,157,40,82
91,157,88,228
58,149,100,238
31,146,117,233
6,151,129,228
1,156,119,226
1,153,104,230
1,154,91,228
1,150,89,227
1,154,97,207
1,159,116,194
76,156,57,162
94,147,56,163
110,160,52,148
125,179,51,141
139,188,49,143
149,184,55,161
175,181,60,86
179,187,76,77
180,184,77,83
180,191,77,79
185,190,73,79
185,191,76,82
207,189,37,81
181,182,69,93
181,176,138,213
185,171,145,212
185,170,147,202
229,161,59,89
237,162,75,195
238,161,70,214
246,154,72,216
237,153,91,216
230,148,103,216
230,142,100,220
228,141,100,221
177,139,152,218
171,140,159,217
170,140,161,214
169,140,157,216
163,133,157,216
164,135,155,219
163,136,158,216
160,133,157,218
157,136,160,217
148,134,164,218
144,131,163,218
140,131,156,217
136,131,147,217
133,131,146,216
130,132,150,215
131,132,152,217
126,131,160,220
128,130,152,221
125,131,156,216
124,134,155,212
126,134,151,211
134,133,146,216
150,138,140,216
158,136,153,218
171,130,148,216
168,124,154,211
170,127,145,209
174,131,131,207
183,122,149,211
197,113,123,205
235,121,84,188
237,94,117,214
217,94,137,219
236,97,69,208
234,88,118,227
233,102,125,215
230,117,133,198
246,112,128,203
233,118,149,190
234,113,146,198
233,115,129,198
233,116,116,200
236,124,114,195
251,124,120,199
265,117,128,201
276,107,131,211
283,113,121,203
288,118,118,196
287,112,140,197
295,109,139,197
307,91,120,210
307,83,118,217
308,81,109,214
300,84,110,213
302,86,110,214
308,91,110,210
306,92,137,206
305,100,108,195
300,100,145,198
295,99,146,196
291,101,148,192
292,109,144,192
298,108,141,195
330,106,128,199
343,106,135,197
348,98,144,207
357,105,144,201
371,107,138,199
380,103,140,199
386,96,152,200
414,84,142,212
414,82,136,207
406,84,131,214
397,84,139,212
390,85,136,213
390,84,137,217
377,91,146,210
