522,272,148,243
560,257,140,243
596,252,132,252
639,248,130,248
669,250,147,244
709,249,155,245
731,241,150,245
752,227,138,244
771,203,138,240
794,196,124,233
818,192,117,223
794,190,139,212
808,215,54,162
837,228,58,116
884,245,35,80
855,205,53,99
809,185,134,246
833,167,142,253
856,159,134,257
902,161,105,256
930,172,73,237
875,161,121,245
880,157,91,240
886,146,99,239
886,144,93,232
893,138,89,230
909,137,70,224
892,141,77,182
869,150,49,107
862,147,74,181
806,134,110,222
770,124,100,219
738,134,129,209
713,141,145,221
716,139,130,230
714,137,126,232
691,136,144,235
720,142,117,228
722,145,136,226
728,141,159,238
742,135,178,246
765,136,183,248
777,149,186,233
783,242,182,136
811,140,151,228
816,134,139,236
818,133,132,236
821,146,128,226
818,184,128,186
809,142,127,235
807,136,108,238
817,137,106,243
815,147,106,236
813,149,101,231
815,146,142,233
831,140,140,236
867,144,117,239
876,143,114,234
864,137,132,238
844,135,150,240
833,123,157,251
809,136,133,235
801,133,141,233
814,133,126,234
821,134,114,238
826,134,115,240
827,135,120,237
826,134,116,238
824,136,116,235
824,137,117,236
835,143,120,235
836,140,124,238
830,142,143,235
822,143,157,236
831,134,154,239
838,133,156,237
843,139,146,227
855,140,138,222
870,131,115,227
867,121,107,229
850,125,116,232
834,133,149,224
811,135,160,219
885,122,81,230
850,121,99,244
830,131,110,228
838,141,92,222
820,137,103,226
806,129,110,231
800,123,118,232
805,132,111,224
790,132,136,221
784,134,169,225
794,128,175,235
801,134,175,235
813,137,158,229
821,134,149,228
820,134,139,222
814,132,123,231
817,133,111,224
812,129,137,226
804,124,149,219
778,118,159,225
752,145,137,192
724,168,128,173
715,170,134,174
711,167,143,177
710,166,141,178
713,163,129,182
716,169,119,178
724,169,113,176
733,173,107,172
736,176,105,166
727,168,110,179
724,168,104,180
715,161,110,181
704,162,109,182
693,167,115,175
693,172,117,155
708,168,99,165
729,162,63,172
741,163,43,140
762,167,47,62
756,174,44,66
747,174,37,63
735,163,33,82
727,166,40,86
726,168,41,87
690,167,83,121
698,165,78,126
693,161,83,134
668,159,112,175
673,154,99,166
684,152,86,166
687,148,78,158
747,146,25,44
748,143,34,54
745,147,29,55
737,148,47,101
729,147,56,124
722,150,62,131
715,149,65,138
725,148,54,151
729,150,54,156
741,157,45,146
741,154,44,109
750,151,77,180
755,151,93,184
780,184,96,152
766,157,125,171
763,152,139,174
772,153,128,176
772,153,124,178
774,152,112,176
764,151,42,19
768,146,47,72
768,141,48,71
768,139,51,71
768,138,54,70
772,140,50,72
762,141,62,71
768,139,54,75
772,142,50,74
773,146,48,69
764,144,49,68
765,142,38,72
758,145,104,183
753,148,104,178
752,144,89,180
750,150,73,187
763,177,48,154
0,0,0,0
0,0,0,0
0,0,0,0
748,140,44,33
742,134,44,37
739,137,50,36
740,140,48,36
708,143,84,183
704,146,85,181
706,155,106,182
697,158,108,183
686,160,94,184
695,159,69,182
690,152,75,174
686,156,36,39
709,158,43,45
702,154,46,52
705,151,38,50
693,155,40,29
702,160,42,27
0,0,0,0
0,0,0,0
0,0,0,0
0,0,0,0
0,0,0,0
0,0,0,0
0,0,0,0
0,0,0,0
0,0,0,0
0,0,0,0
0,0,0,0
710,157,30,30
709,152,25,19
0,0,0,0
0,0,0,0
0,0,0,0
717,161,77,181
720,152,82,195
0,0,0,0
0,0,0,0
0,0,0,0
0,0,0,0
0,0,0,0
0,0,0,0
0,0,0,0
737,177,45,42
737,176,53,145
725,173,72,173
707,172,84,180
706,174,82,186
0,0,0,0
0,0,0,0
0,0,0,0
0,0,0,0
0,0,0,0
0,0,0,0
0,0,0,0
0,0,0,0
726,170,110,187
720,176,117,185
720,179,105,185
710,175,97,186
703,168,86,195
673,158,100,203
676,156,87,201
681,159,88,191
640,157,135,186
644,158,132,184
656,158,126,182
669,161,117,179
689,158,98,181
698,150,86,186
715,143,71,191
696,143,37,25
660,148,52,132
631,144,84,197
623,139,93,195
609,133,107,197
597,139,115,191
597,142,117,182
694,148,53,120
707,144,44,121
710,144,53,126
719,157,63,143
699,169,52,135
675,178,69,225
658,187,73,173
662,191,75,161
677,197,70,156
680,203,66,152
681,204,63,144
671,208,62,140
676,203,64,146
674,210,82,137
686,205,76,155
697,199,69,170
674,183,97,156
666,174,73,159
707,188,59,93
743,204,35,46
749,201,33,47
765,198,33,60
779,201,32,44
0,0,0,0
0,0,0,0
811,176,128,111
845,144,164,211
945,116,186,271
1091,77,185,303
0,0,0,0
0,0,0,0
0,0,0,0
0,0,0,0
0,0,0,0
0,0,0,0
0,0,0,0
0,0,0,0
0,0,0,0
0,0,0,0
0,0,0,0
0,0,0,0
0,0,0,0
0,0,0,0
0,0,0,0
0,0,0,0
0,0,0,0
0,0,0,0
0,0,0,0
0,0,0,0
0,0,0,0
0,0,0,0
0,0,0,0
1162,64,119,157
1127,76,105,161
1082,84,128,280
1036,77,136,322
1001,78,161,338
1079,78,85,167
1062,73,78,174
