357,141,464,577
376,62,404,655
424,21,392,696
434,53,416,655
436,138,410,577
435,150,331,568
392,147,401,570
355,134,494,583
327,149,554,565
341,154,547,566
387,141,468,578
415,114,451,601
395,80,473,627
357,80,516,620
362,109,533,607
404,119,472,599
417,114,421,593
428,121,428,576
454,133,444,574
459,173,475,546
485,169,441,549
470,148,372,555
439,144,411,549
485,157,385,544
475,184,398,537
464,185,388,528
476,185,347,516
518,221,331,496
558,249,342,468
547,252,364,469
544,225,339,488
537,212,342,492
499,199,367,488
451,182,376,487
432,142,369,492
479,138,313,488
448,150,311,486
410,151,316,495
416,164,317,485
428,183,320,482
395,169,347,500
390,153,394,505
458,149,400,502
537,149,378,495
596,155,388,493
632,136,375,485
640,116,363,485
645,106,346,483
643,98,320,482
638,99,332,488
627,97,351,486
624,91,408,472
655,85,401,491
699,93,402,482
727,96,402,470
754,98,440,471
771,100,468,466
773,100,469,469
768,101,459,486
759,101,427,491
722,103,421,480
675,105,422,478
632,87,420,474
608,66,378,481
573,63,332,465
470,78,359,451
439,63,307,439
417,35,283,445
422,33,265,399
447,63,224,329
440,97,100,285
360,111,205,298
356,116,129,279
349,133,129,255
365,146,132,232
392,165,113,198
420,169,73,180
404,178,55,130
428,189,48,110
437,191,51,95
451,192,43,76
437,186,49,56
412,189,66,187
402,185,73,188
400,180,77,186
397,182,58,128
389,187,61,126
376,183,49,44
365,176,51,47
356,176,54,36
353,183,54,32
353,186,51,36
358,190,33,27
366,190,35,31
374,193,34,33
377,203,35,28
394,217,17,21
365,210,27,23
352,218,23,33
363,231,18,26
352,234,19,29
321,288,23,56
320,243,37,105
306,243,38,104
297,282,47,64
287,283,53,61
286,243,33,104
280,248,31,83
274,242,36,89
275,242,41,87
278,240,36,80
280,239,41,81
292,239,34,78
296,227,22,33
290,219,34,59
302,228,27,78
304,237,27,78
312,239,25,51
320,273,25,65
322,267,24,67
325,283,21,45
331,291,15,35
289,228,32,102
292,223,36,103
306,218,33,96
307,211,35,54
311,211,33,41
318,215,38,62
315,203,53,99
312,200,54,105
314,196,52,104
317,192,55,101
320,194,53,94
357,195,26,82
350,197,36,98
354,178,73,113
360,177,76,113
369,178,72,110
396,190,51,89
412,190,45,79
411,191,43,76
419,195,37,87
427,190,51,103
456,186,22,76
457,194,23,50
463,190,21,45
451,227,21,63
459,228,54,56
463,188,40,101
482,205,26,40
488,196,30,64
499,190,25,74
496,194,34,82
495,198,38,84
494,196,45,103
494,194,55,106
494,198,52,104
493,200,62,105
494,199,61,108
497,201,62,106
492,202,65,108
492,208,64,103
490,206,66,106
489,209,67,107
488,213,67,109
496,219,66,102
498,217,72,109
489,220,85,111
490,229,87,105
493,237,86,104
502,238,75,103
509,239,66,104
515,239,60,107
518,243,55,103
527,243,50,111
525,247,57,106
525,248,62,100
529,244,57,104
541,245,73,102
548,265,77,84
557,249,73,102
564,250,61,104
575,250,46,104
574,246,51,106
571,252,54,101
568,250,57,109
563,251,63,105
559,252,68,102
546,248,79,105
538,249,84,105
535,249,77,102
530,248,67,106
526,246,62,102
525,240,51,108
516,242,57,108
511,238,58,109
509,238,57,110
515,226,60,116
514,231,64,108
510,233,73,109
507,233,85,109
508,233,83,109
512,231,61,107
502,229,75,108
504,229,69,110
496,230,71,108
497,227,64,109
487,225,67,104
484,218,73,105
480,216,78,106
480,214,74,107
479,214,67,105
477,213,64,97
473,206,58,108
472,208,55,101
477,208,44,99
478,211,49,97
480,211,48,101
486,205,43,107
457,210,80,98
458,211,88,99
468,210,74,97
477,205,71,100
483,201,66,105
487,206,66,98
485,212,66,91
475,207,78,97
474,210,71,106
472,210,62,104
463,212,71,104
465,217,69,102
471,217,63,107
471,217,63,103
472,213,69,101
471,213,74,98
464,216,81,107
464,214,84,106
463,210,81,109
462,207,86,112
457,210,93,115
462,217,89,110
463,218,72,111
473,220,55,113
460,221,64,112
463,229,55,112
456,232,55,111
446,236,61,114
432,237,69,114
422,240,74,114
412,243,79,115
411,253,75,118
403,257,70,121
398,259,60,119
369,263,87,118
355,266,103,120
353,274,72,117
367,272,79,124
380,272,91,127
397,272,99,129
413,275,103,132
446,273,103,127
487,273,96,124
514,270,91,120
531,264,89,123
541,262,89,125
550,252,93,130
556,248,102,131
566,243,92,129
560,236,97,132
547,227,90,131
533,214,81,141
513,201,90,149
494,187,108,148
504,177,121,135
531,168,124,153
589,161,104,165
587,152,119,180
587,143,125,186
572,135,145,192
523,126,147,197
489,121,143,199
483,111,148,223
487,110,161,194
495,102,203,202
568,100,157,216
537,104,204,240
541,112,202,247
495,110,227,261
427,106,265,267
374,104,256,273
342,103,231,262
342,98,246,289
363,93,260,299
388,94,304,319
511,89,237,346
487,86,295,371
480,92,313,395
459,104,310,388
399,103,342,442
357,110,360,450
326,103,378,475
302,101,389,496
314,100,363,510
329,104,359,505
340,96,361,509
358,90,360,506
365,86,377,502
353,84,409,506
357,78,395,499
357,76,369,507
345,82,379,511
314,86,369,500
237,69,404,510
207,67,381,517
226,99,363,511
257,126,380,506
295,130,414,507
341,130,346,509
355,129,355,517
372,158,395,498
403,167,412,514
445,145,390,533
470,109,425,539
485,114,457,529
467,130,502,529
468,128,465,518
484,113,347,493
451,85,322,497
426,77,349,516
365,84,404,515
346,88,416,503
333,67,391,500
264,52,418,497
219,58,384,502
195,81,382,502
227,93,367,499
304,87,343,497
347,88,341,506
357,104,375,493
353,128,407,506
450,89,332,554
487,68,365,568
508,110,365,508
502,119,391,477
414,126,471,477
409,136,493,502
445,133,450,516
405,123,473,517
419,128,420,515
406,138,415,504
388,111,369,510
368,44,318,569
367,49,330,585
372,122,353,537
372,154,343,524
391,160,289,518
369,150,333,530
373,159,353,522
378,174,373,493
391,166,341,496
401,86,259,550
391,27,283,577
359,60,296,527
341,99,310,461
321,93,307,479
343,76,369,475
398,61,389,485
542,61,296,483
567,82,290,478
560,102,282,485
473,102,321,495
443,99,328,501
427,107,366,503
428,126,402,480
469,116,357,493
594,105,230,478
596,97,250,490
518,109,339,486
505,130,345,484
596,148,213,500
557,144,295,503
504,91,404,553
536,86,413,576
544,156,401,527
536,169,370,522
493,163,384,522
442,157,387,519
413,153,396,506
425,156,367,504
420,163,333,483
298,157,449,486
274,151,448,507
238,147,467,505
279,167,416,492
407,177,323,484
426,171,361,510
429,146,394,514
451,153,410,476
457,178,441,464
481,166,428,481
494,49,372,506
464,1,395,481
444,2,469,492
455,80,471,525
439,175,486,467
463,146,443,499
535,128,351,500
528,138,384,501
545,144,417,508
594,142,428,514
612,121,402,519
585,130,411,512
570,152,353,488
557,151,359,481
438,133,439,508
376,124,460,505
298,139,481,502
259,170,467,496
310,106,354,509
379,73,418,533
424,138,450,521
407,226,487,494
399,333,477,386
375,300,489,419
463,272,345,447
465,263,317,456
409,261,412,457
421,262,407,456
436,187,379,534
454,139,369,571
466,157,417,549
499,205,443,511
531,216,414,499
536,215,411,504
532,211,422,508
486,200,446,516
457,193,417,499
428,183,394,508
400,181,410,505
380,182,430,514
353,208,453,498
362,223,428,487
345,217,439,484
354,205,424,479
362,187,436,480
357,159,461,480
356,138,459,496
345,122,476,504
330,109,494,518
306,102,516,542
283,131,526,558
265,138,543,580
239,133,567,583
215,126,591,592
191,108,622,611
152,99,674,619
109,92,719,624
98,95,739,624
81,94,766,629
59,85,774,633
24,84,797,637
3,83,826,633
1,106,855,615
3,99,879,618
1,82,895,637
4,61,877,655
5,54,866,673
2,49,870,668
1,47,865,673
2,46,863,676
4,41,866,682
2,43,867,671
1,49,878,667
1,53,885,665
1,58,887,659
1,65,894,650
1,70,896,645
1,79,901,634
3,86,901,625
4,90,893,631
1,98,900,619
4,88,875,626
5,74,865,644
1,69,853,649
4,57,836,666
2,47,827,666
8,36,814,679
4,34,812,683
5,16,811,700
1,11,818,702
4,9,806,708
5,1,802,716
4,6,802,710
2,7,803,712
3,1,802,717
7,8,811,707
1,16,830,697
1,28,849,690
1,45,865,673
6,56,874,659
3,65,888,645
1,76,911,640
6,89,901,630
4,97,892,616
5,104,882,607
4,95,870,617
1,85,862,625
5,81,848,627
2,75,841,636
1,77,829,639
3,74,819,638
2,64,815,653
1,59,822,650
1,56,826,662
1,51,823,660
1,44,830,668
5,46,825,666
4,38,824,679
3,39,840,678
3,39,845,678
3,36,841,682
1,33,830,674
1,35,830,676
1,35,825,676
1,35,820,679
6,32,807,687
2,27,806,687
4,27,805,689
1,25,803,691
4,26,794,690
1,35,810,679
47,44,754,668
142,47,640,668
183,68,604,649
203,92,570,627
222,93,568,623
237,60,607,655
211,1,698,716
190,1,784,721
190,2,765,719
190,2,682,714
134,1,696,719
43,1,698,712
7,4,632,714
5,2,596,721
2,1,582,718
1,22,561,697
6,75,537,640
36,116,486,603
55,129,495,587
87,136,436,583
122,155,380,566
171,197,303,522
184,220,305,499
221,225,252,493
213,220,237,498
224,232,223,487
230,249,169,471
233,264,225,456
148,264,307,456
129,266,264,454
139,263,263,457
145,267,236,451
149,271,256,421
4,345,257,374
168,276,247,360
163,268,230,353
149,267,217,309
143,264,138,226
45,271,241,312
50,327,138,253
47,293,173,272
34,260,192,281
36,259,185,269
25,268,197,258
15,270,185,249
29,265,154,235
52,263,109,222
52,261,98,217
45,265,100,204
59,268,121,201
58,270,128,189
80,266,104,175
91,263,92,165
111,256,86,162
133,267,71,150
152,266,62,134
172,264,61,137
188,259,59,130
206,259,59,124
223,259,56,121
242,260,52,118
243,258,53,113
241,253,61,111
248,248,64,109
249,246,70,104
255,244,70,104
262,242,59,109
271,237,60,104
275,234,65,104
282,237,57,103
287,236,61,96
299,239,57,93
281,253,56,85
296,276,48,37
299,235,58,102
304,231,54,103
314,229,61,106
326,229,66,105
336,226,72,104
346,221,74,108
362,220,74,107
115,202,500,456
393,219,73,108
400,221,78,102
411,218,77,103
426,217,76,102
437,214,80,104
450,220,78,101
459,218,79,104
469,215,76,102
476,214,79,102
489,209,75,104
500,210,77,102
514,208,72,106
525,210,69,102
533,207,69,101
543,203,67,106
548,206,64,103
553,205,63,104
558,208,58,100
557,206,64,105
558,208,63,103
561,208,64,104
561,206,64,106
562,207,62,105
556,206,67,103
567,205,56,103
561,205,63,100
563,200,62,102
565,200,55,102
566,196,57,104
568,195,60,101
568,194,57,102
576,191,48,101
576,191,53,102
574,191,56,103
579,193,46,91
586,193,42,92
589,194,43,96
589,189,48,104
599,189,42,105
602,191,43,105
604,190,44,105
610,192,45,102
613,192,43,103
615,194,45,102
613,194,49,102
618,194,47,104
619,193,45,101
621,195,45,105
623,200,44,102
623,199,45,106
624,203,44,104
622,203,47,103
623,203,47,105
625,204,45,103
626,207,48,102
627,207,44,99
633,205,51,113
635,205,45,103
635,206,48,104
640,207,45,102
640,210,42,102
642,212,46,102
645,214,44,99
644,219,45,100
645,221,46,101
650,221,40,100
648,225,43,100
651,227,42,101
650,230,41,101
652,228,39,107
651,228,39,107
650,233,41,97
645,234,44,99
646,235,43,98
647,231,44,102
640,230,48,101
644,230,41,99
643,227,42,103
643,223,42,105
642,223,44,103
640,219,45,105
642,222,41,102
640,216,42,105
639,219,45,102
638,217,43,104
641,214,41,106
641,213,40,107
638,217,44,102
640,215,41,104
640,216,40,105
639,217,45,105
636,220,44,101
637,216,44,107
634,220,47,103
632,222,43,102
631,223,45,101
628,218,45,104
625,223,46,100
621,220,51,105
622,225,48,97
621,221,47,104
624,218,46,105
624,219,45,105
622,221,48,105
622,221,49,105
622,223,50,104
620,222,52,106
620,225,51,104
619,222,52,107
624,226,48,105
638,426,102,191
621,227,50,106
622,226,48,103
620,230,54,100
623,231,46,100
622,225,49,103
620,223,50,104
621,222,50,105
618,220,53,103
619,219,51,104
621,218,49,102
616,216,53,103
616,214,55,104
620,214,47,105
619,212,51,104
618,212,51,104
618,211,48,97
624,214,45,96
631,211,38,102
609,213,61,101
610,212,57,101
613,214,31,93
623,210,28,86
615,208,40,85
621,205,52,105
609,211,57,98
606,210,49,101
602,208,59,101
610,209,43,93
609,202,51,108
603,208,53,104
600,207,38,94
597,203,53,106
599,206,50,103
604,207,49,102
595,207,63,101
592,209,41,93
599,205,45,105
601,211,52,99
514,402,121,189
589,213,72,89
578,209,66,99
583,209,63,102
581,210,60,96
584,207,59,103
593,207,51,102
597,207,43,100
587,209,56,100
583,209,47,101
517,392,123,170
581,202,61,96
577,206,70,99
582,206,62,101
588,203,56,102
581,206,62,97
580,205,62,99
576,205,64,102
568,209,61,94
565,205,63,103
559,211,61,99
558,211,56,98
550,210,57,99
542,211,57,99
535,212,53,99
524,209,57,100
518,209,54,100
509,205,56,100
497,203,60,102
493,203,57,99
487,202,53,100
479,202,55,101
470,202,55,100
461,202,55,103
452,206,54,101
440,210,58,97
428,208,56,104
411,217,59,96
397,221,60,100
382,225,59,105
365,234,60,98
356,238,53,101
336,242,57,103
320,253,61,101
304,257,61,101
289,260,61,104
276,263,58,104
262,267,62,101
253,271,62,101
238,272,66,104
230,275,63,100
220,271,64,103
213,274,63,101
202,273,65,103
189,271,65,107
185,273,64,105
173,273,67,103
173,267,64,107
192,263,66,105
207,231,66,107
209,220,61,109
203,216,61,108
198,208,66,109
198,202,62,107
198,196,61,110
194,194,66,109
206,188,64,109
235,179,66,108
263,176,60,106
283,169,59,104
285,162,60,111
277,162,61,109
277,161,62,110
278,165,61,106
271,174,60,109
247,203,57,109
208,235,60,105
172,257,59,105
158,272,59,110
149,292,64,109
143,298,66,109
145,308,63,111
142,316,62,110
147,309,60,108
146,298,67,113
151,295,63,113
152,294,63,112
160,291,59,112
160,291,59,110
160,289,65,112
164,288,62,111
168,289,61,111
167,291,63,110
169,290,64,109
172,290,60,109
173,292,60,106
175,295,58,102
178,293,60,105
180,295,58,108
182,293,58,109
181,294,62,114
180,296,66,108
181,296,63,108
181,297,63,104
188,299,59,105
185,298,62,109
186,296,63,108
188,296,63,108
189,294,64,108
192,294,57,109
193,293,57,107
191,293,61,107
191,288,57,104
191,284,55,106
184,283,61,103
188,283,55,101
185,277,57,105
184,275,57,109
182,273,58,112
182,277,58,106
182,277,59,104
176,275,63,108
176,274,63,109
177,272,59,112
180,275,57,105
177,276,61,106
179,275,62,106
176,273,62,112
180,273,57,107
179,274,58,106
182,272,55,105
177,273,62,106
177,274,58,101
180,274,56,103
174,271,62,105
179,272,59,104
180,270,58,105
182,270,56,102
