474,418,146,236
482,406,122,230
459,403,133,230
451,399,130,223
451,387,123,220
447,388,110,214
437,381,101,207
424,369,105,205
407,366,111,202
401,353,102,204
401,342,73,198
384,339,102,194
367,332,104,187
351,323,99,183
348,317,77,183
332,307,78,181
323,302,64,179
314,298,79,176
296,291,87,168
273,287,96,169
272,283,66,170
259,276,95,167
239,276,103,163
227,270,103,161
213,266,91,160
184,263,106,159
169,256,100,161
166,254,95,159
151,257,105,155
131,252,111,157
121,256,113,152
116,259,105,150
107,255,102,154
95,259,111,151
89,257,117,154
87,259,123,154
97,264,125,152
117,264,126,153
139,269,116,155
161,277,127,156
190,282,120,155
215,287,117,157
239,295,112,158
265,296,115,162
289,304,101,163
318,309,99,167
345,310,99,167
366,322,103,170
392,332,99,171
418,340,98,173
433,358,109,175
457,367,114,182
482,378,112,184
495,391,114,188
514,394,109,194
525,402,116,195
526,413,129,199
544,412,126,204
552,417,136,209
554,422,137,214
568,420,121,218
557,424,133,220
553,427,140,226
565,424,136,231
565,429,143,239
561,432,152,244
572,428,147,247
570,429,154,252
567,431,167,259
580,426,165,262
597,429,163,269
614,440,166,274
616,445,169,274
611,452,181,269
608,461,187,259
612,464,183,256
625,471,173,248
638,475,179,245
653,476,178,244
642,482,190,237
636,485,197,234
641,490,192,231
647,496,179,225
640,501,186,219
639,505,185,215
635,510,189,209
629,515,202,205
621,519,206,201
616,524,200,196
610,527,197,192
601,530,195,189
603,530,187,189
606,531,181,189
604,528,183,191
603,527,185,192
602,524,190,196
601,518,198,202
600,514,202,206
603,509,201,211
609,505,195,214
607,499,198,221
604,492,204,228
606,486,208,235
606,480,211,239
608,475,210,245
609,471,212,250
611,467,211,253
614,466,206,254
613,466,207,253
609,466,211,253
611,465,210,255
610,463,214,257
614,462,214,257
615,462,214,257
617,463,213,257
621,463,212,257
625,462,212,257
627,462,210,257
635,463,204,256
637,463,204,256
639,464,205,256
641,464,203,256
640,462,204,258
641,461,204,258
643,459,204,260
645,459,203,260
643,457,201,262
642,458,199,261
636,458,205,261
638,458,201,261
637,458,203,261
636,458,204,261
636,457,203,262
636,455,202,264
635,455,207,264
634,452,206,268
636,452,205,267
633,452,207,267
636,451,202,269
640,452,198,267
635,451,205,268
638,451,202,269
637,454,199,265
631,453,203,267
631,452,202,268
628,450,204,271
627,450,203,270
631,449,198,270
631,449,201,271
622,450,224,271
602,451,262,270
595,452,277,269
606,453,265,267
629,434,230,285
621,412,219,307
624,402,198,319
634,404,187,316
632,411,193,309
649,416,176,303
642,418,183,302
631,424,191,297
622,433,213,287
613,442,239,277
615,453,246,267
605,451,261,269
598,452,267,267
598,452,261,267
599,452,252,267
605,451,237,268
619,450,210,269
625,446,198,274
624,446,199,273
620,445,200,276
621,444,196,277
622,445,195,276
618,445,198,275
618,448,197,272
616,449,201,271
615,449,200,270
611,447,203,272
615,448,201,271
623,446,199,275
621,445,206,275
615,444,206,275
610,445,203,274
599,451,204,269
588,454,210,265
581,456,185,263
572,449,196,270
528,446,231,274
493,444,258,276
479,446,255,274
480,438,234,282
484,431,234,289
470,383,248,336
463,391,259,328
468,433,247,286
487,439,212,274
501,439,199,270
513,439,198,279
523,435,211,284
541,437,238,282
551,444,256,276
560,445,258,274
584,442,238,277
599,438,219,281
599,437,213,282
590,438,224,281
592,441,222,278
600,450,218,269
637,443,186,276
672,432,166,285
680,426,193,289
695,425,210,286
713,425,206,284
713,433,220,281
710,430,221,280
709,416,225,287
707,384,222,323
717,386,223,328
719,425,224,280
715,437,225,273
710,435,206,271
681,436,210,283
662,436,204,284
637,440,210,280
625,447,224,272
623,462,227,257
626,468,212,251
635,471,191,249
625,471,198,248
615,474,205,247
614,481,199,239
608,483,196,238
607,460,193,259
588,434,189,286
558,415,207,306
541,411,224,299
542,408,219,295
543,431,199,262
537,431,215,274
556,421,198,280
560,410,203,279
575,403,200,275
577,401,204,270
584,403,193,261
590,409,170,247
594,407,184,259
596,402,195,272
599,399,206,276
603,402,211,277
609,408,212,275
622,419,203,273
619,418,192,270
635,409,142,264
623,403,160,267
618,400,165,265
616,401,161,256
613,414,153,237
623,425,180,259
652,424,178,275
710,414,126,270
651,408,210,275
658,409,207,285
656,418,207,290
656,442,207,277
658,461,209,260
661,458,200,263
645,456,212,264
636,456,224,264
651,465,206,255
650,473,196,247
633,465,195,254
614,453,202,268
602,448,206,271
595,449,199,270
594,443,187,276
572,438,179,279
567,438,200,263
579,440,189,256
605,442,169,254
619,445,163,253
620,445,178,259
617,446,190,262
618,451,192,259
631,454,187,259
643,456,177,258
650,456,172,256
645,456,178,254
643,455,180,254
641,454,182,253
636,450,183,254
627,446,187,254
611,445,196,256
602,442,199,261
593,438,188,268
589,437,184,270
589,436,178,273
590,432,176,281
586,432,179,281
586,431,164,281
582,436,170,277
581,437,171,275
579,434,176,280
578,435,183,278
577,435,185,283
575,435,182,283
573,436,183,285
572,438,182,280
573,438,180,282
576,439,176,280
576,438,175,281
577,440,175,278
580,444,174,276
579,449,168,269
576,458,191,261
567,471,197,249
552,476,185,244
531,476,183,243
516,482,164,237
502,494,213,226
493,495,227,225
502,489,203,231
482,478,190,242
466,472,180,247
442,469,189,251
420,475,200,244
409,469,203,250
384,453,203,266
394,441,168,278
375,427,171,291
358,415,177,290
351,413,163,292
347,410,175,289
335,393,162,276
324,376,154,270
306,358,166,259
287,346,157,257
273,340,184,256
260,343,184,249
258,327,180,247
267,311,160,245
266,298,146,238
273,288,133,233
274,282,164,231
275,285,162,228
295,274,134,224
292,260,131,217
295,244,133,216
294,234,140,213
288,229,148,204
291,230,146,203
301,221,130,200
305,210,122,194
307,194,126,196
308,184,125,193
310,179,122,189
310,183,122,184
307,177,124,183
306,165,120,178
308,156,119,176
308,148,123,175
309,144,123,172
310,143,124,169
311,143,121,166
313,136,116,165
314,130,120,163
316,122,118,165
317,116,115,164
318,115,111,159
315,118,117,156
314,114,117,158
317,110,114,150
320,103,104,154
323,101,97,151
326,100,79,152
294,102,114,141
300,101,110,141
330,102,85,149
333,107,88,153
337,110,89,155
341,114,90,155
344,116,89,157
345,120,88,155
349,124,85,153
352,124,82,154
356,125,79,154
359,126,80,153
362,125,59,153
369,132,70,149
371,132,85,150
380,130,83,152
411,125,63,154
426,124,59,153
427,130,69,151
427,131,84,150
434,130,92,147
443,125,92,151
453,121,89,152
457,122,94,150
465,126,87,149
468,130,83,146
478,129,71,144
491,151,52,114
542,125,58,138
541,121,71,145
544,124,76,143
543,129,77,143
546,128,73,133
552,126,70,132
558,125,64,114
563,125,63,126
564,125,57,128
547,129,76,137
544,126,53,145
540,130,57,141
526,125,72,150
514,126,79,152
503,126,84,153
492,131,86,152
486,133,81,152
481,129,109,149
473,126,108,149
464,124,105,146
457,124,101,145
451,127,100,153
441,128,104,146
434,123,101,148
424,118,94,150
426,114,77,149
425,112,72,149
399,110,99,149
399,109,100,149
402,107,100,148
409,105,100,147
416,107,101,146
422,109,103,147
428,112,102,148
435,116,99,147
438,118,100,146
437,116,103,149
435,117,104,147
432,113,103,147
432,114,101,147
432,120,104,147
436,119,106,149
440,113,100,149
444,106,101,150
446,102,105,153
443,101,113,153
441,106,118,151
443,107,80,151
449,102,79,149
451,98,81,152
455,96,83,152
457,98,89,151
463,109,87,145
468,112,87,142
473,111,81,142
482,108,70,149
482,107,68,144
480,105,68,150
477,111,73,148
470,114,74,145
458,111,78,143
446,108,86,144
439,103,83,150
430,102,91,149
436,106,98,147
429,109,106,147
449,110,89,150
460,94,56,163
468,91,61,164
466,88,63,166
469,104,55,149
0,0,0,0
519,110,61,149
523,106,60,147
527,104,72,146
530,103,76,149
536,103,73,148
544,112,70,138
517,115,100,144
524,114,70,143
528,111,63,145
529,110,63,104
530,114,65,97
533,120,67,137
536,125,71,138
533,122,90,146
545,120,85,149
534,120,97,147
551,119,85,147
548,123,86,145
544,124,79,140
543,122,70,127
513,108,81,150
498,97,79,158
518,106,58,151
511,118,69,125
500,120,65,125
482,118,90,129
471,112,72,140
462,108,79,146
462,106,68,144
449,112,79,145
439,116,77,146
428,116,74,148
418,114,69,151
401,115,79,152
381,117,74,153
366,118,81,154
358,119,82,154
351,120,88,154
347,119,97,156
347,120,98,154
348,119,97,155
354,121,93,153
362,123,90,150
376,124,90,149
382,132,97,145
392,131,100,147
410,127,93,150
438,125,77,152
440,125,87,154
443,137,106,150
446,138,116,151
450,136,99,153
460,136,95,159
467,135,85,163
468,138,91,161
472,147,82,160
464,150,81,164
452,149,82,165
439,148,80,166
421,148,92,166
408,148,100,168
395,160,109,164
386,161,112,168
388,158,107,170
380,156,108,172
367,153,114,176
354,154,123,173
342,157,116,173
339,161,123,169
347,153,114,165
355,144,104,169
357,135,105,169
357,132,106,164
352,135,108,161
353,137,101,162
357,132,91,159
359,129,82,157
355,125,82,159
350,123,117,157
357,124,114,155
358,132,114,148
379,133,100,146
392,132,103,148
406,129,99,152
429,127,89,154
426,129,101,155
427,132,107,158
426,144,114,153
428,144,109,154
435,146,106,163
441,147,106,166
441,148,103,168
442,161,104,164
437,167,91,162
430,167,84,163
402,166,98,167
387,161,105,172
369,162,112,173
356,166,117,172
346,173,127,169
347,171,117,174
345,166,110,175
334,164,114,175
318,165,132,174
310,169,139,171
318,163,124,168
324,154,117,169
319,146,123,169
321,137,128,171
323,133,130,168
325,134,123,167
326,133,111,164
336,127,96,161
337,119,95,161
331,117,103,159
331,117,101,159
333,116,91,158
341,111,85,156
335,110,93,152
330,109,102,154
330,110,101,153
336,111,96,147
330,111,104,148
333,115,120,146
343,120,102,148
357,127,89,145
359,127,90,146
348,129,106,145
345,128,110,154
350,132,103,156
343,142,105,155
342,146,103,159
342,146,104,162
338,147,101,166
329,150,105,167
324,157,108,168
322,170,106,165
321,176,104,170
322,176,101,178
311,178,113,182
297,181,127,187
298,186,126,191
298,204,131,189
298,212,132,193
300,212,128,199
301,216,124,206
291,223,127,208
285,234,133,212
278,255,145,213
284,266,147,221
295,271,136,228
293,275,139,235
287,285,153,237
290,295,160,244
290,316,171,246
300,333,172,250
324,337,151,256
337,342,148,262
338,349,170,270
351,358,171,271
376,371,168,273
394,387,175,273
429,392,178,272
467,393,174,274
513,388,160,278
537,391,180,285
566,397,181,282
573,412,202,282
597,412,202,278
635,403,189,280
677,394,197,277
705,389,200,276
735,385,200,275
755,389,205,277
773,383,199,268
803,370,174,257
826,354,179,256
836,342,182,251
851,332,173,248
855,331,179,246
872,325,164,245
885,309,147,236
904,291,119,231
924,274,105,229
920,264,110,223
919,259,105,219
877,254,138,212
878,236,115,204
881,222,84,200
885,208,76,197
884,202,69,194
884,202,60,188
881,205,49,188
821,197,93,186
807,192,88,177
797,184,86,188
785,184,89,189
790,187,76,186
786,195,68,181
761,194,82,181
743,192,92,182
736,193,105,179
733,198,116,183
727,201,124,185
751,209,92,185
771,220,70,182
772,225,59,178
763,220,83,180
767,197,69,198
777,175,45,217
761,173,50,219
731,174,87,218
735,205,94,185
748,202,86,183
733,200,100,176
723,197,110,180
720,198,102,180
716,202,98,178
740,199,55,98
757,197,51,113
707,197,119,162
727,198,112,169
733,206,114,172
743,212,118,164
771,209,105,158
794,207,100,164
826,206,76,188
823,209,90,188
817,210,106,185
818,209,128,186
825,206,122,189
831,208,112,187
835,209,111,186
840,209,106,182
839,214,105,180
835,219,98,176
835,218,102,178
836,207,107,182
840,201,105,176
834,196,110,182
830,200,108,175
815,206,117,168
808,207,129,171
795,204,129,172
787,201,125,178
777,201,126,176
771,200,123,174
766,206,117,172
760,209,117,167
764,206,115,168
774,197,104,173
763,190,110,177
750,188,120,177
749,193,114,175
735,199,122,173
724,194,127,170
719,186,117,169
714,178,110,170
706,172,117,172
705,175,121,167
705,183,120,159
687,177,126,163
675,169,122,167
668,162,112,172
658,163,115,171
646,170,122,166
637,173,123,164
627,169,123,163
618,165,122,161
605,162,120,157
585,157,121,159
567,156,127,157
546,163,141,159
536,164,135,157
534,159,120,158
534,154,110,160
525,149,104,160
514,146,111,161
502,150,117,160
494,154,120,159
492,151,112,162
491,149,106,163
478,146,109,167
467,145,114,164
459,150,120,163
452,153,116,163
449,153,113,158
448,150,113,161
448,146,100,163
440,143,101,165
431,144,111,167
427,152,119,161
418,153,128,160
413,150,133,162
402,144,128,167
397,145,115,169
387,146,118,171
386,157,121,166
379,158,130,172
370,158,130,175
364,157,130,174
355,156,134,174
372,160,116,176
364,169,121,176
337,168,135,177
334,157,123,184
315,154,138,187
331,154,124,186
338,162,111,178
339,171,115,178
342,170,116,182
338,166,123,184
339,158,134,187
339,150,154,192
341,158,163,185
387,166,123,184
382,166,111,182
331,159,151,178
326,152,136,169
322,147,113,163
304,152,128,166
286,165,136,168
275,175,148,167
263,169,134,178
260,166,127,181
256,164,124,185
241,163,134,188
226,168,145,187
219,178,147,188
234,177,134,189
262,175,115,188
284,171,96,192
306,170,79,180
310,171,77,178
297,180,88,176
271,181,108,172
262,176,104,181
243,169,116,184
230,167,129,184
221,167,135,187
213,178,141,183
220,182,125,186
252,181,125,162
270,179,108,189
270,174,113,191
262,175,129,192
267,185,119,191
280,189,124,191
307,186,107,190
337,184,95,173
349,182,100,66
358,182,135,171
366,189,146,169
370,196,147,164
364,193,120,159
357,187,134,166
331,180,123,199
324,182,132,202
323,197,133,192
315,204,146,191
323,206,139,199
326,205,139,200
327,199,152,204
326,199,144,197
331,208,133,194
326,216,138,203
327,216,136,206
333,208,124,205
334,201,120,205
336,194,115,204
332,195,119,203
320,205,128,186
307,214,155,182
286,213,156,185
280,208,117,195
262,205,120,199
244,208,133,202
235,220,146,202
237,229,141,205
257,232,153,205
272,232,136,198
295,234,152,188
313,237,158,194
324,235,169,203
321,239,184,207
321,246,185,203
325,246,173,202
327,250,160,213
328,250,153,214
329,252,152,213
330,254,158,211
331,258,163,216
327,255,172,223
327,255,173,224
329,254,169,225
324,253,171,226
325,255,170,223
321,254,170,225
319,255,168,225
317,253,167,229
320,255,165,229
322,279,167,211
328,288,162,205
322,288,142,210
319,288,138,203
279,289,179,210
256,291,191,216
244,283,178,226
233,290,135,220
227,290,148,223
221,294,152,227
237,284,130,221
271,276,144,221
285,272,145,224
304,268,133,221
318,274,124,216
325,269,120,210
335,257,102,209
341,245,156,208
333,238,170,206
344,232,146,201
350,236,137,191
352,235,123,187
310,229,145,178
286,222,150,170
263,222,124,177
252,226,127,179
238,235,106,179
232,242,112,181
222,240,118,183
216,241,122,193
212,248,134,202
211,259,111,208
212,276,113,205
214,281,122,213
215,289,132,223
213,292,135,227
209,297,146,233
206,305,154,236
205,323,168,241
207,339,169,237
214,339,172,250
236,345,165,258
244,351,174,258
260,360,183,263
288,375,173,264
296,395,180,257
320,396,172,263
351,396,164,269
384,395,169,277
420,398,166,280
450,409,172,279
462,426,191,274
494,425,201,278
540,420,184,278
596,416,169,282
630,414,166,285
653,413,178,288
667,426,193,284
679,424,210,277
715,411,198,273
756,399,187,274
794,388,175,276
813,382,174,268
823,382,183,265
824,382,191,255
845,364,179,250
874,349,160,247
906,336,140,240
921,326,147,235
945,322,133,236
960,320,115,233
969,301,100,226
917,285,153,220
917,270,159,215
917,264,155,212
899,256,170,201
899,253,155,198
899,237,126,183
891,219,82,160
891,215,71,117
885,222,75,105
878,223,110,92
868,219,133,103
873,213,118,131
862,208,139,137
856,206,143,171
822,206,171,154
811,211,145,133
798,214,167,122
807,214,169,105
824,220,154,101
854,222,121,99
895,228,135,156
898,231,128,177
900,230,111,180
894,226,92,157
891,224,93,166
890,225,91,165
888,225,110,191
870,227,130,186
872,228,127,186
872,228,112,177
870,229,115,179
884,230,96,181
883,230,99,174
888,222,97,191
891,215,97,191
887,213,102,190
887,221,112,187
892,216,116,183
890,205,112,180
874,197,121,181
871,195,121,176
860,193,118,174
854,198,112,170
851,189,83,167
851,178,71,169
856,168,56,167
854,166,52,162
824,169,66,155
817,172,69,154
781,168,93,144
779,162,37,96
729,157,75,114
733,155,59,130
743,159,41,149
749,168,24,115
678,163,76,139
663,162,87,148
656,162,95,159
656,165,92,165
649,171,88,166
649,186,85,167
644,192,90,167
635,192,98,174
629,191,103,179
624,197,112,182
627,204,112,186
637,215,104,186
639,223,101,187
648,227,87,188
628,230,104,197
624,236,114,197
623,242,126,202
626,256,125,199
631,259,132,211
635,260,141,212
639,257,140,216
638,258,156,215
652,254,149,218
668,253,136,221
677,254,133,218
672,253,138,218
663,253,146,219
655,253,151,217
649,253,155,216
649,254,156,216
653,255,152,217
654,254,152,217
658,254,150,217
662,254,146,217
663,253,143,218
664,253,142,218
664,251,145,218
666,251,144,218
663,251,151,219
666,251,146,219
668,250,144,221
666,249,145,219
666,249,146,219
666,247,146,220
667,248,145,218
670,246,150,218
670,248,150,219
671,246,150,220
667,251,155,219
662,257,156,223
664,257,154,224
670,255,153,225
675,247,149,230
673,246,151,230
669,255,156,226
667,255,164,224
677,248,162,219
689,239,148,219
697,229,140,214
700,224,131,210
698,228,131,211
693,233,125,205
674,229,126,201
661,224,117,206
653,218,115,211
647,215,114,213
647,218,104,213
601,232,147,211
603,237,147,211
661,237,94,217
662,234,94,218
658,231,97,217
652,232,96,216
647,242,97,214
640,244,98,213
640,234,99,206
