180,388,206,203
243,378,192,213
309,379,179,210
358,394,176,199
418,388,186,205
472,384,182,209
538,368,153,222
595,375,158,218
656,386,171,207
718,385,144,210
737,377,189,224
766,375,208,216
842,373,159,215
854,383,169,203
877,373,121,210
864,365,161,212
847,356,173,215
871,364,146,206
867,373,151,195
882,363,126,197
865,351,129,209
847,351,189,204
857,353,163,201
862,354,148,200
862,349,140,204
878,343,126,208
898,342,107,206
907,353,100,182
879,346,159,199
877,330,164,212
878,330,158,213
871,342,167,196
867,354,158,186
851,363,143,175
827,355,149,188
815,346,153,196
826,345,167,196
838,346,150,194
869,365,127,178
896,361,124,178
926,339,112,200
874,341,159,198
888,340,106,202
880,345,144,199
880,347,136,196
889,341,125,201
842,344,180,201
834,350,174,196
872,363,158,172
839,355,187,181
833,367,174,155
850,347,158,192
886,354,131,190
897,365,125,177
907,378,134,164
893,368,159,174
892,342,164,200
881,349,165,196
873,357,149,184
852,355,147,182
833,344,107,200
845,341,99,203
863,344,128,201
865,348,141,189
874,344,120,196
864,345,151,198
859,350,160,192
865,349,146,191
853,343,180,178
859,330,175,191
868,332,164,208
872,322,169,220
879,330,150,215
907,338,104,206
896,339,96,221
903,345,77,215
886,351,116,212
878,357,119,203
879,364,115,204
872,352,114,221
872,347,121,224
849,354,181,224
848,362,167,222
837,375,181,211
895,361,122,234
857,359,149,237
819,367,169,234
802,370,198,234
799,365,198,238
797,362,205,237
792,363,204,240
810,367,176,237
844,365,137,229
860,361,108,234
871,360,106,233
873,356,97,227
855,363,126,220
863,356,119,217
871,363,115,201
880,337,117,233
872,338,134,227
841,345,155,218
832,343,165,215
827,341,185,215
838,344,166,212
834,364,178,193
839,367,161,192
814,358,200,204
851,337,140,221
846,348,150,212
839,370,163,190
856,362,154,198
887,358,156,199
906,356,141,205
913,357,156,203
875,354,128,209
911,355,117,208
850,356,162,205
865,354,143,210
853,362,165,201
854,365,143,199
815,365,182,195
813,359,160,201
800,357,138,206
804,353,180,212
858,357,111,202
847,355,149,209
836,351,158,212
844,356,188,209
853,358,176,204
870,364,180,196
892,369,167,188
903,356,175,199
901,352,176,207
895,355,168,206
892,369,154,194
883,383,137,180
862,366,133,198
853,357,166,207
838,359,187,205
843,369,174,196
881,348,134,212
900,356,101,201
922,351,116,203
927,350,122,179
925,351,126,189
907,345,136,197
906,342,138,197
849,341,184,199
846,341,179,196
846,349,164,186
832,359,164,182
815,350,145,185
806,344,143,193
813,341,132,197
830,344,147,197
841,360,151,177
873,354,137,183
925,338,87,200
854,333,167,204
852,349,174,173
847,352,159,193
852,346,106,197
849,347,116,205
838,344,113,208
832,354,119,202
840,355,147,207
839,356,184,203
856,353,183,207
874,351,155,205
880,360,164,201
891,355,127,199
879,338,171,208
894,339,148,206
917,334,103,211
872,339,131,203
839,338,161,214
860,335,124,219
866,327,121,224
882,354,150,193
883,346,164,196
914,336,123,208
889,334,130,211
841,332,160,217
844,340,120,213
847,346,133,208
858,355,174,197
872,345,141,206
907,349,116,202
929,355,137,165
925,351,169,200
932,342,181,196
935,352,173,175
938,352,143,202
925,349,105,197
874,342,150,211
889,335,125,215
848,347,130,206
838,347,125,205
833,353,132,195
782,348,180,200
762,333,174,219
753,336,198,214
763,354,197,199
813,355,149,195
832,336,156,207
871,325,138,200
869,326,149,196
865,332,170,213
867,337,161,208
877,334,131,213
885,333,87,220
873,337,80,221
851,334,96,221
827,349,128,213
833,357,113,201
830,351,107,212
826,345,116,228
817,342,124,226
821,348,114,220
835,350,162,214
844,357,166,224
862,356,178,225
904,368,156,214
926,369,170,214
991,362,123,224
1021,358,113,226
1032,346,104,236
1012,338,132,237
986,344,168,230
1010,343,147,223
1014,358,142,206
1003,352,121,208
989,352,98,201
961,352,127,172
929,355,125,104
906,343,90,197
891,324,113,214
895,323,100,217
885,333,90,188
785,334,123,183
726,339,163,198
680,341,191,198
673,354,146,116
646,354,105,181
614,353,109,188
578,350,144,182
543,340,162,147
516,339,155,159
484,338,157,209
481,341,128,206
411,346,158,153
373,349,146,197
356,360,130,168
313,365,124,169
307,368,86,189
293,362,100,119
268,350,138,184
251,355,154,192
0,0,0,0
276,362,64,58
252,369,84,223
238,363,94,226
196,383,165,213
188,384,188,217
197,384,191,220
215,379,192,225
213,383,217,227
214,393,234,218
309,391,168,224
356,380,137,229
380,378,159,235
397,375,184,233
437,382,111,229
446,388,123,223
489,382,153,234
493,365,191,249
547,380,174,234
585,383,159,233
654,381,153,229
672,377,197,234
687,376,195,232
700,392,144,216
742,383,180,215
763,372,192,231
818,355,160,245
844,360,176,234
881,381,173,210
873,372,194,207
885,368,176,211
905,359,147,214
933,359,108,196
938,358,99,206
949,352,98,208
942,342,116,144
887,345,134,85
850,352,175,84
852,351,60,182
838,347,70,179
841,347,110,94
837,349,92,69
821,353,51,65
809,360,66,67
746,348,160,149
752,318,107,72
735,348,119,49
707,349,93,201
695,356,116,189
649,354,139,144
611,321,153,163
587,327,147,138
561,338,177,142
528,340,167,185
496,346,159,184
474,340,146,98
456,340,121,96
446,348,111,85
431,356,82,73
388,360,98,174
392,357,74,209
392,370,71,214
390,374,68,213
390,386,95,208
386,388,130,218
376,375,169,234
373,381,209,228
437,385,186,224
470,395,181,219
509,388,188,229
560,384,176,223
597,372,186,213
685,381,126,226
684,380,166,226
711,370,192,229
747,359,172,234
781,357,169,243
815,348,166,243
841,380,171,212
869,374,141,213
891,364,123,224
903,364,128,224
912,369,136,220
913,379,158,211
923,371,157,211
919,349,160,225
920,345,138,220
933,355,94,178
895,367,106,162
849,360,92,199
829,348,88,176
803,348,60,70
742,355,105,192
730,362,89,170
672,352,60,125
623,356,108,186
603,350,107,196
535,358,98,184
519,354,94,189
486,361,67,58
451,355,105,143
451,354,82,163
441,355,86,193
423,365,100,191
426,364,137,196
437,349,108,211
444,349,103,210
467,352,129,206
467,346,127,209
477,359,103,160
423,340,139,199
385,349,175,210
416,347,126,190
456,348,84,214
456,358,131,199
449,357,129,168
450,355,135,174
471,364,103,145
468,360,158,167
479,353,150,177
488,344,151,175
500,358,132,156
484,363,145,134
508,356,126,181
499,357,75,195
420,354,171,122
422,358,152,169
456,364,74,178
440,363,93,177
437,356,86,129
419,358,67,84
427,361,58,123
427,368,39,60
398,367,60,63
327,349,124,64
319,351,132,45
331,355,79,54
0,0,0,0
412,351,88,54
418,355,95,75
425,357,80,64
406,365,94,63
405,367,37,51
366,364,42,54
345,366,70,46
272,362,133,74
285,370,87,73
339,373,46,50
337,369,65,65
287,368,100,187
303,392,130,186
348,373,101,206
366,376,79,210
351,376,118,210
330,358,146,229
276,365,174,223
260,373,191,215
270,349,203,226
275,366,160,217
282,367,185,212
298,367,161,219
337,379,73,210
322,380,97,213
304,377,119,216
252,376,222,221
278,359,139,241
275,384,172,217
276,386,193,217
314,383,134,220
330,383,198,198
333,381,212,225
346,393,207,218
410,390,158,227
422,386,139,231
443,389,99,231
454,387,134,238
463,394,207,227
484,397,181,224
538,389,140,230
532,385,153,229
553,383,210,228
605,389,187,223
623,387,174,224
669,381,144,232
674,376,168,240
688,377,165,237
703,391,170,218
740,389,155,225
771,366,161,249
794,354,178,262
749,384,217,230
778,384,196,226
805,380,154,226
816,373,109,234
809,370,110,232
798,381,129,220
775,374,146,223
719,352,202,248
729,342,177,257
742,352,165,246
746,390,155,211
759,372,147,222
767,367,148,232
812,366,114,230
835,347,102,243
809,349,132,235
806,354,141,229
813,352,148,219
831,356,133,217
825,358,142,194
798,360,79,64
793,366,63,67
772,353,100,202
761,347,164,207
765,335,155,222
770,331,120,182
751,339,82,155
728,342,101,210
702,344,95,139
662,348,125,88
647,351,113,81
626,360,118,112
592,358,110,190
575,350,102,211
582,345,87,218
578,354,114,205
561,356,108,214
556,354,151,213
559,354,139,227
589,354,106,225
601,360,96,226
573,364,124,223
557,369,136,220
543,370,139,223
523,361,156,232
528,371,137,217
541,367,166,233
555,366,139,235
553,370,156,236
604,381,129,224
670,380,98,228
677,384,115,228
652,377,161,234
661,371,182,240
675,367,197,241
734,370,166,239
737,376,177,235
777,376,129,233
816,374,160,235
857,369,159,241
875,387,184,223
924,373,163,240
950,366,154,245
931,359,181,249
935,362,191,247
947,376,193,230
975,371,175,222
997,372,124,224
1029,366,149,230
1029,375,173,217
1042,372,166,220
1062,370,156,219
1069,351,140,237
1069,339,119,243
1036,348,140,233
1027,351,158,223
1022,352,162,218
1015,353,140,215
1004,348,105,212
986,351,110,211
981,349,132,196
985,345,148,203
1021,339,113,211
1005,331,119,216
968,340,132,209
952,341,124,199
940,344,143,192
914,336,134,204
912,345,100,190
897,345,108,190
869,340,141,197
859,342,147,193
863,345,142,192
887,346,116,190
929,347,75,192
927,345,109,197
940,347,124,197
959,348,95,197
972,342,109,206
966,351,126,202
993,346,120,208
1017,332,115,222
1013,346,139,206
1031,348,111,203
985,351,148,199
996,349,113,197
982,344,104,200
974,346,130,192
961,354,140,191
955,349,138,198
937,334,147,212
933,337,144,210
940,350,133,195
949,347,125,198
992,341,111,197
995,344,111,199
1004,341,102,194
1009,337,112,200
1029,345,94,190
1034,344,88,188
1020,317,106,215
1028,334,94,198
1046,341,78,191
1039,344,84,189
1013,340,95,197
1007,341,92,201
1003,316,121,226
1019,338,104,198
1022,348,100,191
1015,348,109,184
1009,343,115,191
1019,338,95,199
1021,336,98,198
1017,343,101,192
989,342,127,183
956,352,151,177
956,344,136,188
964,339,116,187
915,346,124,188
917,346,120,193
930,344,106,194
938,343,104,203
959,342,102,203
959,347,127,200
958,344,145,204
972,349,151,198
993,347,135,199
1021,342,102,200
989,350,137,197
973,343,147,201
993,337,116,199
992,342,106,195
977,344,95,194
971,346,113,197
971,347,83,195
967,347,99,198
982,343,116,202
985,350,124,196
1023,351,107,197
1042,344,120,206
1057,328,124,222
1054,347,134,205
1027,359,157,193
1021,347,127,203
1014,313,99,231
1008,310,71,235
1005,310,69,233
1001,331,71,212
971,353,97,187
957,330,91,209
955,334,78,159
866,335,121,200
846,340,104,197
833,347,96,167
768,343,117,160
753,332,146,182
733,322,101,193
708,329,161,208
699,334,159,206
701,334,126,210
622,338,150,105
607,340,154,200
579,344,163,201
566,346,157,202
569,345,168,181
570,341,185,176
564,345,189,198
586,345,166,198
613,344,136,200
619,345,127,198
607,342,152,197
613,344,146,194
613,347,148,191
603,345,143,200
603,345,149,200
593,346,154,194
601,347,139,199
585,351,162,186
599,350,149,158
596,346,145,183
581,375,179,115
582,354,169,193
583,358,159,189
589,354,104,175
602,333,95,202
608,337,91,216
605,352,102,200
588,362,113,193
560,358,129,92
532,354,154,188
505,351,162,184
490,339,166,174
463,341,163,166
446,348,104,204
444,345,102,208
403,350,134,199
392,351,112,143
337,356,150,190
339,363,116,195
321,359,101,201
302,348,100,222
288,350,138,221
274,352,156,222
278,356,139,219
298,355,102,225
294,358,93,192
200,359,170,192
183,371,175,212
234,378,118,206
225,361,112,192
210,358,158,128
212,359,171,227
232,363,136,198
250,361,103,227
263,365,102,225
261,364,109,226
277,385,94,208
297,375,77,219
266,371,134,225
284,381,133,216
306,378,142,214
319,375,206,216
399,377,178,221
424,367,164,228
407,363,200,236
416,356,192,240
390,379,198,214
383,381,189,211
357,379,191,217
348,369,201,224
362,376,191,219
397,377,156,217
451,373,141,221
461,375,147,218
505,381,120,214
526,371,113,227
521,374,139,218
518,377,142,216
521,376,210,219
522,377,219,217
521,375,199,217
523,378,161,215
519,378,133,216
478,374,143,218
461,375,162,213
467,383,141,218
456,381,146,218
436,364,148,237
408,354,166,242
392,351,161,248
384,364,166,229
385,358,180,234
394,357,152,225
412,357,159,226
425,347,163,221
485,367,110,207
514,373,86,203
514,364,108,211
510,341,134,236
503,343,153,240
494,350,160,237
476,379,182,215
482,378,167,218
465,379,152,216
444,374,138,220
399,377,173,216
384,378,146,213
341,378,185,212
346,372,178,219
345,377,178,209
376,381,151,206
425,373,115,220
451,371,135,217
460,375,131,217
488,370,122,221
496,376,140,219
492,379,148,214
476,376,199,216
478,351,228,242
486,375,178,217
497,377,175,212
496,378,136,214
469,375,105,216
441,376,137,215
443,377,144,220
455,382,153,218
432,359,195,238
437,378,195,222
438,376,197,225
469,377,149,222
481,384,109,221
427,384,194,223
421,360,198,248
429,385,203,220
428,392,204,217
444,381,192,216
472,377,121,221
468,377,136,223
451,378,153,218
455,383,117,213
441,378,130,215
456,363,109,230
458,345,162,248
463,346,159,245
475,347,141,246
492,365,176,230
502,368,205,214
523,356,210,239
576,370,163,230
652,372,95,228
671,381,126,221
671,390,152,218
676,380,172,229
690,371,194,236
712,357,197,251
752,370,177,234
794,375,148,226
832,377,117,224
872,377,155,222
887,373,181,216
904,373,192,213
935,368,177,215
961,368,159,211
987,348,114,233
958,337,141,233
955,351,126,218
958,353,116,208
933,361,130,198
915,350,109,167
878,352,64,198
864,358,110,190
838,350,105,176
815,341,145,144
797,326,177,176
785,329,160,164
789,339,92,205
735,339,149,203
719,339,142,206
709,335,146,207
712,356,136,181
730,359,99,148
661,353,182,158
686,328,159,202
669,348,180,184
725,360,128,177
736,356,117,167
726,350,127,177
737,348,120,177
749,346,105,179
742,352,113,180
733,348,124,184
662,346,186,174
644,339,185,138
621,349,190,125
618,355,126,159
625,361,124,172
616,358,119,173
607,356,118,179
596,354,123,203
591,367,107,198
604,367,99,203
604,365,112,207
605,366,112,212
624,364,100,213
645,370,92,205
660,372,93,203
711,341,119,230
711,339,148,226
725,336,126,231
717,347,117,133
649,347,105,94
650,350,97,220
646,348,194,225
671,348,159,218
720,351,135,203
739,341,122,212
702,340,137,129
653,341,110,196
637,361,123,205
645,377,130,193
668,380,133,198
690,376,130,178
745,374,108,220
751,378,111,223
742,393,117,209
749,387,183,228
752,364,206,248
758,367,211,248
757,382,188,232
754,383,156,231
696,378,147,234
733,376,118,234
672,377,134,229
650,382,134,222
639,382,140,221
607,379,194,220
591,346,213,254
571,341,226,262
580,352,203,248
595,357,192,240
596,355,190,245
605,362,175,237
620,381,148,224
649,381,141,220
699,377,124,226
715,380,144,220
730,383,161,224
758,375,161,231
762,381,167,223
769,380,212,228
788,357,213,248
795,352,217,254
798,352,210,254
801,352,204,254
801,353,197,253
800,353,192,252
804,353,186,252
804,351,188,255
804,352,189,255
804,354,190,254
803,352,191,255
800,351,190,256
798,352,191,255
799,375,194,228
806,382,169,224
797,381,157,222
764,380,141,225
736,376,139,228
715,376,152,227
682,394,173,208
656,414,195,194
