344,281,244,412
349,278,222,419
335,271,241,420
355,268,254,424
335,268,272,427
310,269,279,431
303,267,276,432
279,264,280,430
249,265,256,426
216,274,250,422
192,276,240,419
182,275,232,423
163,277,249,418
147,278,260,416
160,281,227,406
188,278,238,410
206,283,233,414
190,279,246,403
172,277,255,377
169,276,253,377
141,281,260,373
114,283,277,372
75,276,301,375
44,274,293,377
36,270,267,385
14,278,248,380
1,282,240,381
1,278,221,383
1,276,217,384
1,265,212,395
1,284,251,378
1,284,256,377
1,284,238,374
1,282,211,367
1,354,140,300
1,504,93,156
1,550,28,46
0,0,0,0
0,0,0,0
0,0,0,0
0,0,0,0
0,0,0,0
0,0,0,0
0,0,0,0
0,0,0,0
0,0,0,0
0,0,0,0
0,0,0,0
0,0,0,0
0,0,0,0
0,0,0,0
0,0,0,0
0,0,0,0
0,0,0,0
0,0,0,0
0,0,0,0
0,0,0,0
0,0,0,0
0,0,0,0
0,0,0,0
0,0,0,0
0,0,0,0
0,0,0,0
0,0,0,0
0,0,0,0
0,0,0,0
0,0,0,0
0,0,0,0
0,0,0,0
0,0,0,0
0,0,0,0
0,0,0,0
0,0,0,0
0,0,0,0
0,0,0,0
0,0,0,0
0,0,0,0
0,0,0,0
0,0,0,0
0,0,0,0
0,0,0,0
0,0,0,0
0,0,0,0
0,0,0,0
0,0,0,0
0,0,0,0
0,0,0,0
0,0,0,0
0,0,0,0
0,0,0,0
0,0,0,0
0,0,0,0
0,0,0,0
0,0,0,0
0,0,0,0
0,0,0,0
0,0,0,0
0,0,0,0
0,0,0,0
0,0,0,0
0,0,0,0
0,0,0,0
0,0,0,0
0,0,0,0
0,0,0,0
0,0,0,0
0,0,0,0
0,0,0,0
0,0,0,0
0,0,0,0
0,0,0,0
0,0,0,0
0,0,0,0
1,399,24,44
1,380,51,69
1,313,65,132
1,315,72,135
1,278,80,187
1,282,95,177
1,279,109,179
1,272,110,188
17,270,109,188
40,274,102,184
47,274,94,184
45,270,92,178
49,270,58,175
0,0,0,0
0,0,0,0
0,0,0,0
0,0,0,0
0,0,0,0
0,0,0,0
0,0,0,0
0,0,0,0
0,0,0,0
219,266,66,131
224,267,73,130
224,268,75,150
228,267,76,143
226,267,78,148
227,263,80,149
225,265,87,144
235,262,87,143
245,266,83,139
253,266,74,137
280,263,38,119
0,0,0,0
0,0,0,0
0,0,0,0
0,0,0,0
234,261,40,119
232,262,43,123
230,261,48,134
228,264,48,129
228,260,51,132
227,260,60,134
230,261,66,131
246,257,60,132
262,257,55,126
0,0,0,0
0,0,0,0
278,255,43,123
292,254,52,135
311,255,26,121
0,0,0,0
0,0,0,0
0,0,0,0
0,0,0,0
351,252,33,122
351,249,53,133
353,252,61,132
363,254,54,127
385,326,33,41
0,0,0,0
0,0,0,0
357,256,46,133
361,256,54,123
353,256,38,126
342,259,50,131
328,259,60,133
311,254,74,138
288,252,77,142
269,257,83,140
253,255,85,140
248,259,74,143
244,265,71,143
237,267,69,145
228,266,74,147
216,276,82,142
201,276,84,146
195,273,84,152
193,270,84,157
194,276,79,154
192,280,79,154
179,277,82,160
166,277,80,155
146,272,84,158
126,271,81,153
103,272,78,158
76,272,71,161
47,271,69,157
35,278,47,146
0,0,0,0
0,0,0,0
0,0,0,0
0,0,0,0
0,0,0,0
0,0,0,0
0,0,0,0
0,0,0,0
0,0,0,0
0,0,0,0
0,0,0,0
104,281,34,96
159,280,36,105
200,280,49,128
235,277,49,133
260,275,52,138
276,273,44,141
281,272,59,142
283,276,69,144
294,278,72,145
303,278,56,135
330,303,43,113
296,276,45,143
313,274,69,151
326,256,63,185
339,262,70,179
349,273,70,167
355,284,76,154
365,281,75,156
384,277,67,156
399,258,65,173
393,255,76,175
403,256,82,176
412,257,81,175
411,262,89,170
415,256,88,176
430,258,85,175
437,257,91,178
443,255,90,181
457,265,84,171
462,290,93,143
456,273,96,159
456,271,101,162
459,270,84,161
452,275,79,159
445,272,69,157
458,270,59,153
462,269,60,158
0,0,0,0
0,0,0,0
412,269,55,146
404,266,93,164
401,266,104,164
397,265,109,165
382,265,107,166
356,266,117,167
317,271,147,161
325,264,129,170
348,269,78,161
304,265,36,176
292,259,88,184
283,265,86,179
282,264,87,182
283,265,87,181
282,248,83,198
275,239,87,208
269,239,84,212
259,241,88,214
246,243,99,212
232,242,109,213
221,240,117,219
219,243,102,218
197,234,122,229
193,239,129,226
175,254,148,211
148,262,173,203
140,263,178,205
151,264,160,207
162,255,143,217
182,237,115,237
190,243,111,231
191,241,107,236
190,245,102,231
184,242,119,243
180,245,138,240
170,244,146,246
174,249,146,240
187,249,140,248
186,256,150,246
182,258,159,245
188,255,168,253
184,253,171,264
188,255,161,263
175,247,181,270
166,246,198,274
169,247,194,273
174,247,187,277
191,250,178,279
208,247,165,284
208,251,171,281
215,250,184,291
235,249,190,295
251,255,181,289
258,256,184,291
268,254,176,302
267,254,191,301
256,254,193,303
237,260,198,303
224,265,200,303
231,267,190,308
242,271,179,313
229,267,203,317
238,263,211,321
250,265,220,321
260,268,207,319
254,267,207,322
275,264,194,337
274,261,205,344
264,255,221,349
260,258,221,344
263,259,221,347
281,266,203,329
292,262,196,337
294,271,208,336
316,271,204,328
348,273,204,321
371,259,196,336
386,273,183,326
396,269,164,325
392,270,185,327
398,281,209,323
405,280,214,322
415,282,214,325
437,275,194,333
