135,208,88,286
134,202,86,290
133,209,88,290
130,216,88,294
114,233,91,293
95,248,93,299
105,254,92,304
113,254,95,314
133,232,105,348
154,213,117,387
176,186,132,438
187,140,156,497
167,140,171,499
138,120,195,510
123,131,196,501
116,147,206,490
121,133,216,501
122,162,229,477
124,165,229,471
123,186,228,451
118,209,229,424
113,209,217,424
140,257,147,380
144,260,143,377
149,261,136,378
154,272,129,367
156,278,117,358
159,286,106,349
165,295,101,316
168,308,88,285
162,304,82,269
156,303,80,257
149,301,81,254
139,297,83,263
135,298,83,267
131,299,87,275
133,299,88,277
134,296,87,274
131,296,87,280
126,304,87,285
125,314,91,290
133,337,93,299
138,362,100,276
143,379,104,257
143,382,118,255
144,377,131,260
143,393,141,240
136,427,142,212
127,454,149,182
115,468,156,168
111,473,153,162
106,482,161,155
104,482,144,157
89,468,163,171
84,461,177,176
82,456,169,178
81,454,173,182
87,502,162,138
75,459,214,181
80,346,221,290
94,264,191,368
96,222,175,415
115,211,186,420
168,46,92,314
171,45,89,308
169,47,93,307
171,45,92,305
173,45,93,304
173,41,93,306
171,41,95,305
173,37,93,306
175,37,94,307
174,33,94,309
173,31,94,309
176,31,90,304
176,30,94,307
178,25,94,310
182,22,96,323
182,46,101,330
168,117,99,329
152,156,104,339
156,155,106,351
142,162,103,356
142,196,102,342
154,192,102,353
147,178,107,378
99,164,123,415
98,137,137,464
108,100,154,521
114,91,163,547
124,85,170,560
132,77,177,562
132,73,171,566
113,75,161,549
90,86,147,488
58,84,127,405
34,109,109,332
26,114,94,287
23,112,99,263
29,113,85,241
38,115,81,247
48,129,78,243
52,142,71,236
52,153,71,228
61,162,70,216
78,168,67,223
95,183,68,212
103,180,69,212
109,181,66,208
112,175,65,209
122,173,70,216
131,169,74,230
145,173,80,249
172,181,82,275
197,205,94,316
133,493,199,144
123,481,215,155
126,476,230,161
143,469,204,169
138,475,214,163
162,481,191,157
167,485,170,156
157,489,185,149
151,481,189,159
144,469,210,171
146,467,214,173
138,457,222,183
132,460,228,180
129,458,224,182
123,459,222,181
133,463,217,177
122,459,230,181
122,447,238,193
110,420,250,220
97,386,245,254
107,306,219,329
114,220,214,419
125,186,203,458
128,163,198,477
130,154,195,487
131,152,189,484
126,158,187,479
120,154,185,476
116,151,182,485
117,136,179,501
114,131,179,506
114,125,179,513
114,106,181,529
114,98,173,536
116,89,162,523
106,116,142,449
