257,657,74,60
258,655,72,60
255,652,77,60
252,638,78,67
272,612,48,83
301,607,29,77
302,612,33,72
303,611,35,75
302,610,35,77
302,612,36,72
303,613,35,73
305,609,33,77
305,608,32,77
305,606,32,79
304,606,33,79
305,606,33,79
304,607,35,78
304,606,34,80
302,605,38,80
304,607,35,79
304,606,35,79
304,607,34,79
303,609,33,75
304,609,34,77
318,609,30,72
334,608,32,73
335,607,32,74
336,605,34,79
337,605,30,76
337,604,34,79
336,604,32,77
337,606,33,77
335,608,33,73
336,606,34,77
335,607,32,75
336,606,34,76
335,605,32,78
321,606,40,76
288,602,47,78
287,602,49,81
282,599,52,81
282,600,54,83
282,599,52,81
293,599,45,84
304,600,31,78
306,605,32,75
306,603,30,74
308,602,30,78
306,604,30,74
302,610,31,73
303,608,28,73
303,608,30,74
303,608,29,73
304,608,29,75
302,607,29,75
302,605,32,78
302,606,32,77
302,608,28,73
304,610,32,73
305,607,30,73
314,608,33,75
317,610,30,71
318,610,32,74
318,611,30,71
318,610,32,74
317,607,30,74
319,609,32,75
317,611,31,71
318,611,33,73
317,607,31,75
318,608,32,75
318,610,30,71
318,611,32,73
307,619,32,74
304,636,33,77
300,635,33,78
300,637,36,73
302,636,32,77
302,636,33,77
301,634,34,79
300,635,33,78
301,638,35,75
300,636,33,78
300,640,35,72
301,636,31,77
316,619,30,76
334,602,30,75
345,604,29,70
345,603,28,74
345,604,30,70
345,604,27,73
344,605,32,69
345,603,27,75
345,603,29,73
344,607,31,71
344,603,29,72
345,613,31,64
344,606,29,69
345,607,30,71
344,606,29,70
345,605,30,72
345,605,27,70
345,606,30,71
341,607,32,68
315,608,50,70
289,615,69,69
287,619,73,68
287,618,73,67
287,620,74,68
287,632,73,55
287,618,70,70
285,619,74,69
288,632,71,62
309,639,51,69
313,639,43,73
313,640,41,72
310,644,30,68
273,646,60,67
258,647,73,66
258,648,72,65
