312,348,280,247
307,346,285,246
308,345,285,249
307,344,285,252
309,344,282,253
308,345,284,249
308,345,283,249
308,344,284,251
309,346,283,249
308,346,284,248
306,344,286,252
315,342,278,252
347,329,241,260
391,325,186,265
377,325,189,258
353,321,275,257
426,330,258,260
426,349,255,244
427,352,256,243
424,350,256,248
424,353,257,244
425,349,255,251
424,351,257,247
423,348,256,249
422,350,258,248
426,349,252,248
424,349,257,251
421,348,245,250
423,350,241,248
422,347,244,251
423,349,243,251
422,348,243,250
423,350,243,246
421,349,244,248
422,351,242,246
423,350,247,247
423,350,246,247
423,350,244,247
424,350,248,248
424,349,246,248
423,350,246,248
423,349,246,249
422,350,251,246
423,351,250,247
424,350,254,248
421,352,259,246
421,347,257,251
423,348,256,250
423,350,256,248
424,347,255,252
423,349,255,248
424,350,255,246
422,349,255,249
424,347,256,250
423,346,256,252
423,346,258,250
413,337,266,253
355,326,284,258
337,330,293,260
348,338,293,263
