473,218,37,84
504,193,25,73
515,190,29,73
513,196,26,74
523,221,26,76
472,240,26,75
448,229,25,73
465,235,27,76
455,242,28,76
438,264,29,74
438,242,28,74
424,232,28,75
426,210,28,75
440,202,28,77
430,228,29,80
405,256,29,79
428,247,31,76
426,215,30,79
425,206,32,78
428,213,29,82
397,207,33,81
403,211,30,84
428,205,30,85
440,213,27,85
462,221,28,85
433,221,28,84
436,234,28,84
433,199,29,86
412,205,32,87
446,223,32,88
440,225,31,87
405,224,28,87
390,213,30,87
419,219,30,88
417,222,31,87
432,224,31,91
430,233,28,90
431,203,31,91
392,206,32,90
396,202,37,91
386,213,34,92
386,211,35,94
376,185,34,92
399,195,35,93
403,198,33,94
452,200,34,91
435,215,31,93
437,207,32,98
424,201,33,99
434,204,34,98
433,223,34,97
416,221,33,101
404,213,36,99
412,212,34,98
402,213,34,101
410,227,37,96
408,211,36,102
399,223,36,101
406,218,34,103
394,210,34,107
415,224,33,102
401,222,33,108
397,224,35,104
392,210,36,108
378,215,33,108
358,238,37,110
408,233,37,108
407,234,37,109
413,222,36,112
393,210,36,112
389,208,39,114
390,218,38,115
392,227,44,117
377,211,42,115
384,204,41,116
382,207,42,116
385,195,44,118
385,214,39,120
386,212,40,119
382,198,38,123
384,202,36,123
380,209,36,123
319,228,39,126
329,212,39,124
348,214,38,129
352,214,37,131
340,224,35,132
346,218,36,130
331,228,43,133
355,218,41,135
344,225,39,137
345,235,39,136
330,235,43,138
334,219,41,143
328,212,39,144
305,222,43,146
320,218,41,144
310,221,39,145
318,211,44,148
306,215,47,149
309,224,47,149
317,216,46,152
300,203,54,154
286,210,61,152
270,219,65,152
321,206,54,149
289,217,52,150
314,191,57,156
322,186,55,153
320,190,48,163
323,200,55,156
299,194,49,153
301,201,50,152
273,212,52,157
302,215,55,152
302,208,49,165
318,200,46,165
320,194,45,167
321,196,41,167
301,207,37,163
331,189,37,156
295,201,34,152
276,168,32,162
276,170,36,176
287,185,34,165
300,191,43,182
300,200,48,169
296,168,46,175
279,164,48,178
282,180,57,178
592,185,75,136
270,202,51,180
279,174,52,186
276,182,53,188
276,190,60,194
273,203,59,193
264,201,58,187
257,182,58,196
250,173,66,196
274,185,60,196
257,193,78,201
279,183,70,206
274,175,75,200
270,173,69,205
279,180,75,199
304,182,76,193
297,187,76,200
277,201,68,201
304,173,54,205
303,174,44,204
333,184,50,198
305,174,58,213
305,186,55,208
306,159,56,194
316,165,56,198
305,162,55,199
295,175,62,204
304,168,63,206
295,186,74,210
298,165,83,217
286,160,100,216
291,156,102,209
260,151,100,221
248,184,105,218
259,158,104,222
281,164,102,222
283,178,93,224
298,169,99,224
275,189,101,231
262,168,110,226
236,162,120,227
248,186,123,229
269,169,118,234
260,191,117,235
256,160,115,238
260,161,107,244
265,185,108,245
293,183,99,246
288,176,106,257
284,186,118,252
274,174,134,253
281,187,137,259
269,193,133,253
280,179,138,262
284,166,136,260
263,136,138,276
240,165,138,278
244,168,144,280
263,167,143,280
251,189,142,285
282,183,141,289
276,185,135,289
287,165,137,298
290,167,131,296
287,166,136,290
283,165,140,290
275,176,143,290
303,179,142,292
304,176,142,289
306,179,138,290
312,182,138,290
307,192,140,287
304,195,143,284
300,189,141,287
287,182,141,288
283,174,139,288
291,168,138,289
293,151,132,307
295,162,134,296
290,176,137,291
283,183,140,289
279,187,139,287
276,193,141,286
275,191,142,286
277,187,143,286
273,188,144,284
275,182,147,289
280,186,148,289
289,187,144,287
290,179,142,292
289,183,139,290
289,187,137,287
284,187,140,288
286,188,139,289
281,191,142,287
281,193,140,284
279,192,142,287
275,192,144,285
277,193,140,286
276,195,142,284
273,188,145,291
278,189,146,288
276,186,148,291
278,194,145,285
282,190,145,289
273,191,145,288
270,192,143,287
267,193,147,286
262,187,146,290
266,184,148,292
278,187,145,290
308,168,134,311
294,184,132,293
282,182,135,297
273,181,140,298
272,189,137,290
291,196,144,283
290,204,142,276
279,210,146,269
276,189,144,289
271,193,145,286
294,194,142,283
306,200,139,280
322,212,132,268
331,198,132,279
358,186,127,291
337,178,134,302
307,179,135,299
292,189,137,291
295,191,139,286
299,206,134,272
294,215,136,263
287,222,135,257
294,216,137,261
299,222,139,258
308,219,136,260
324,222,131,257
345,236,129,242
357,224,127,255
350,224,122,254
362,223,123,254
331,209,126,269
274,204,130,275
252,216,133,263
249,202,130,276
270,197,132,282
271,198,128,279
251,182,127,297
256,188,127,290
261,204,127,273
281,185,124,294
277,213,122,265
278,215,122,262
279,217,122,261
258,226,124,251
245,220,128,258
234,212,131,267
242,210,127,265
245,208,130,270
238,194,128,283
226,196,126,283
230,198,124,281
227,209,123,268
238,210,125,268
235,207,126,271
234,208,125,268
240,210,125,267
244,211,126,266
244,214,128,264
242,207,125,270
240,212,126,266
233,213,128,265
225,211,127,268
218,207,132,272
220,199,128,279
239,191,120,287
245,201,115,278
239,219,119,259
234,215,120,262
233,212,120,265
236,214,123,263
244,215,125,264
245,214,123,264
238,218,123,261
234,215,119,264
228,213,123,265
224,214,122,264
227,214,123,264
234,202,122,275
231,193,124,285
235,184,119,295
225,173,124,304
224,173,127,305
196,181,137,296
195,200,148,273
190,207,158,271
181,218,166,260
192,195,164,284
189,192,167,287
183,185,165,294
192,180,163,297
237,180,152,295
258,179,141,295
257,185,129,294
263,185,133,294
286,184,115,295
293,193,114,285
288,205,93,274
290,195,103,284
297,191,101,285
314,178,108,282
314,183,108,277
318,176,113,280
332,199,123,229
388,195,122,248
400,207,124,269
473,207,126,272
510,211,122,268
510,224,121,255
522,222,130,257
524,222,130,258
521,229,129,249
490,225,129,252
458,215,128,263
425,208,131,269
446,212,126,266
439,219,123,260
448,213,124,264
440,213,122,265
436,210,121,268
426,214,119,265
423,212,117,265
426,204,114,269
419,207,111,270
411,209,114,266
405,206,115,267
393,201,114,270
387,203,116,271
385,213,115,265
384,217,116,261
389,219,116,260
392,218,116,259
398,218,113,261
407,218,113,261
408,215,112,264
401,214,111,264
391,214,112,265
382,210,119,269
387,207,123,269
396,208,123,266
404,211,122,268
416,212,121,266
425,215,122,264
427,219,126,260
454,221,125,258
466,225,116,254
462,233,113,246
453,239,114,239
