518,162,106,109
495,166,186,100
564,190,111,77
564,193,93,78
550,195,88,73
532,173,99,96
518,168,99,103
497,171,103,95
484,189,89,78
466,183,92,83
442,167,96,88
430,149,87,113
423,156,73,95
413,172,80,80
419,190,62,68
424,187,76,70
441,186,65,74
454,189,76,67
463,180,88,76
454,154,100,100
451,152,96,99
455,171,92,85
457,184,94,69
465,183,96,66
466,182,86,71
460,181,85,70
460,156,84,93
459,145,80,106
461,144,77,107
462,141,78,110
458,139,80,112
462,141,78,107
461,142,84,106
461,140,83,106
463,139,83,107
471,138,80,105
477,153,77,88
474,170,97,71
494,171,76,70
491,169,80,73
463,162,96,79
456,168,95,71
421,168,95,70
413,152,86,88
401,150,73,91
389,161,62,82
364,175,77,52
392,173,40,70
397,165,45,69
318,125,81,94
412,164,35,69
419,166,32,65
427,168,30,67
428,166,32,65
429,140,32,93
432,134,28,95
432,139,38,93
436,147,34,84
