146,199,518,190
150,190,514,153
159,176,520,178
150,239,516,171
144,239,512,141
140,233,517,188
159,271,512,142
185,248,514,180
213,282,511,157
243,299,507,133
255,281,506,189
256,255,509,130
231,237,517,144
233,217,512,157
254,176,506,156
275,169,508,164
274,140,511,139
288,114,498,147
310,81,489,206
331,57,507,157
322,57,498,171
293,49,527,126
255,40,492,140
0,0,0,0
308,1,513,154
394,21,460,201
468,5,386,196
530,1,324,142
552,78,302,147
573,1,281,175
584,50,270,136
587,87,267,166
576,1,278,180
553,79,301,92
531,19,323,106
512,1,342,144
505,88,349,110
490,101,364,120
487,108,367,220
497,119,357,137
525,1,329,275
560,137,294,164
614,141,240,157
662,146,192,152
689,212,165,101
719,225,135,93
743,228,111,116
