350,272,100,55
370,277,97,55
391,284,100,50
412,287,104,51
427,292,99,48
446,286,85,54
477,297,62,45
488,277,61,67
582,248,71,70
582,237,75,78
603,229,64,83
619,219,73,81
623,208,70,89
622,196,74,98
623,196,71,88
637,197,64,79
639,192,69,85
639,185,64,87
637,179,67,93
652,184,63,64
664,179,76,65
664,173,82,71
674,160,83,74
690,161,77,67
714,162,71,75
715,157,77,75
722,141,59,90
733,143,54,93
735,144,63,79
720,145,73,81
719,143,73,81
723,147,73,75
743,154,81,66
743,158,92,63
0,0,0,0
0,0,0,0
0,0,0,0
756,134,37,33
752,142,40,38
753,144,42,35
