177,167,44,51
182,164,43,50
186,145,49,56
194,116,64,55
207,66,35,49
181,54,51,47
198,57,28,48
200,52,25,42
0,0,0,0
0,0,0,0
0,0,0,0
262,63,28,43
262,70,34,36
263,69,31,39
263,71,27,35
262,70,25,44
255,80,31,41
249,80,31,44
244,74,25,48
245,72,37,49
249,81,40,44
255,82,40,44
263,80,34,43
264,80,33,40
264,69,35,52
260,63,40,53
261,68,39,49
264,73,39,44
265,74,40,48
267,74,41,51
270,81,37,46
270,83,38,46
268,78,37,50
270,81,36,48
268,78,37,49
264,79,39,49
259,74,39,54
256,71,40,57
252,74,42,51
251,72,40,52
248,70,44,54
247,70,41,55
246,74,41,54
249,78,37,50
242,79,40,52
241,82,40,50
246,81,37,53
245,81,38,54
243,83,40,51
244,87,38,49
