262,240,290,226
232,234,279,252
232,252,255,286
246,242,247,291
301,303,357,159
487,150,345,193
637,50,196,138
837,83,101,111
695,1,242,109
648,79,295,127
679,192,237,191
673,332,190,231
623,462,174,173
717,587,114,103
569,509,273,186
540,496,292,178
507,462,301,175
465,445,254,143
428,439,187,151
373,492,254,217
245,522,176,193
87,481,193,237
1,437,325,273
1,435,427,235
202,452,392,264
404,433,341,285
517,342,268,349
0,0,0,0
384,382,411,182
188,429,458,183
192,423,422,212
401,284,417,188
513,130,391,192
490,213,343,209
531,463,330,202
628,517,362,200
722,426,399,170
752,325,392,205
717,370,393,197
683,375,373,185
654,319,358,197
623,321,377,158
576,334,355,167
434,335,403,187
156,364,463,140
58,267,385,171
132,286,324,210
217,371,294,216
113,376,535,234
1,306,573,239
1,269,510,238
1,282,561,230
65,317,466,217
214,231,337,308
385,175,290,260
535,107,291,302
609,131,239,308
545,190,340,260
569,266,358,224
768,278,301,231
1027,387,205,249
1104,363,146,323
896,375,250,317
682,348,269,354
560,304,359,413
530,269,391,407
466,212,415,378
355,177,409,418
330,221,381,440
372,324,442,350
511,388,536,232
658,397,600,141
657,294,613,173
355,135,553,297
1,142,395,356
