311,157,105,39
307,156,88,39
311,157,67,32
299,151,54,36
289,144,97,41
336,159,134,41
432,183,95,52
462,221,129,47
495,228,72,59
496,232,58,54
469,252,85,40
501,264,138,50
595,246,132,60
666,211,127,66
723,177,138,65
704,152,122,52
575,146,129,58
426,167,135,52
408,191,149,37
401,179,148,57
311,125,143,68
171,58,143,61
96,80,129,61
102,111,127,51
159,123,102,48
239,126,73,39
292,129,53,37
284,134,90,41
283,142,106,40
329,151,112,48
473,187,126,69
538,241,50,37
380,214,52,42
267,179,37,45
262,181,27,39
302,169,61,40
328,169,127,49
475,179,118,55
647,194,138,56
801,212,64,66
624,187,57,69
422,182,71,81
413,183,118,62
456,178,146,67
470,156,143,68
521,142,125,64
597,146,113,69
631,154,114,73
624,159,102,90
654,160,87,104
693,137,65,115
718,115,45,128
717,110,26,127
699,118,42,115
669,128,73,109
658,135,84,97
673,127,70,88
704,114,57,76
680,102,103,37
646,93,149,41
612,96,148,39
586,101,145,39
579,98,114,46
675,95,115,45
784,101,121,42
776,111,136,42
667,120,151,45
574,105,146,54
528,98,151,61
489,98,150,60
458,101,147,58
447,98,145,52
442,108,143,35
421,95,138,37
411,77,136,50
419,70,133,48
414,77,130,39
398,85,131,31
394,96,125,31
376,100,128,28
372,110,123,31
375,123,122,31
379,132,118,30
362,127,119,41
345,139,114,42
313,133,117,59
318,114,113,58
300,90,112,36
250,93,113,35
205,112,99,38
174,120,97,36
180,106,84,36
175,100,89,58
183,105,64,47
194,102,52,41
199,95,33,36
189,95,48,31
189,101,58,34
199,112,93,34
281,123,106,39
406,163,106,43
519,221,58,45
457,220,37,39
293,211,22,38
241,214,37,45
343,192,76,50
451,172,115,68
545,160,113,65
553,172,124,44
610,171,134,50
622,149,34,66
540,150,37,56
495,166,65,52
533,176,92,50
582,170,119,50
690,155,132,46
838,132,134,56
865,141,105,45
804,152,86,56
784,148,63,54
818,142,46,46
863,135,22,40
847,123,55,49
819,116,100,47
780,107,134,39
755,100,128,41
768,95,115,39
799,89,108,49
820,104,94,46
823,103,85,56
836,114,84,54
844,131,79,40
851,133,76,35
855,114,73,54
848,99,89,69
831,85,118,67
822,71,137,48
815,65,132,41
794,64,137,42
761,64,140,47
726,69,139,38
680,64,144,46
633,51,148,53
580,36,149,53
490,32,148,54
391,49,147,55
353,56,140,67
321,55,138,60
221,48,120,64
114,57,121,55
88,79,114,59
115,104,121,46
169,117,90,40
208,128,61,37
213,131,70,31
225,115,118,39
323,106,106,45
404,134,125,35
487,158,126,57
557,174,43,57
444,173,60,48
377,167,40,65
398,157,51,79
446,145,91,78
488,125,137,68
577,89,141,59
687,87,120,58
641,93,79,46
559,103,77,40
572,110,58,44
622,111,49,39
636,113,50,46
628,103,82,63
624,83,120,61
628,61,134,59
616,63,136,51
575,62,150,46
545,59,149,44
518,55,153,47
482,49,151,51
