837,435,25,31
771,454,27,26
800,523,29,38
935,435,29,36
763,415,30,35
839,535,30,31
763,508,29,31
552,408,35,35
394,404,30,30
387,537,28,32
0,0,0,0
855,527,31,34
889,425,31,33
844,456,30,36
676,550,31,38
452,589,30,32
352,564,32,29
406,594,31,34
586,653,34,33
781,535,25,31
788,357,28,29
702,350,32,31
752,474,28,29
755,472,25,30
704,465,29,34
680,470,31,29
655,454,28,29
620,433,29,25
590,404,28,35
572,377,32,33
571,373,36,37
586,370,33,36
590,368,34,38
583,369,33,35
582,361,35,37
590,358,34,39
609,360,30,35
615,360,34,34
611,359,32,34
599,361,35,33
589,372,32,29
571,371,34,34
565,375,37,37
575,382,35,39
583,385,36,36
584,384,33,37
578,389,35,34
574,398,36,34
569,403,36,37
569,409,34,33
572,410,34,37
582,410,33,36
599,408,32,34
611,410,33,33
