665,340,31,30
644,237,29,29
617,254,30,30
597,397,26,30
0,0,0,0
606,628,28,27
643,642,25,9
675,691,30,18
694,644,20,9
683,405,33,29
673,257,29,31
660,229,28,29
648,320,30,28
639,527,28,33
649,694,20,20
0,0,0,0
694,715,15,5
688,500,29,33
676,289,31,31
661,193,31,29
645,215,30,31
633,364,30,32
621,642,27,12
634,636,34,18
668,671,19,26
0,0,0,0
667,393,29,31
658,235,32,31
648,200,30,28
643,289,29,30
635,503,27,33
634,704,29,16
0,0,0,0
662,686,27,31
653,462,26,28
640,323,29,28
627,305,26,27
613,409,29,32
601,633,27,22
0,0,0,0
0,0,0,0
603,705,25,15
609,490,26,28
609,271,29,28
606,165,28,28
603,177,29,29
605,315,26,29
606,571,25,33
0,0,0,0
615,706,27,13
605,477,27,31
591,310,29,26
576,259,25,26
557,332,29,26
