205,97,30,40
0,0,0,0
205,266,31,55
196,128,27,34
224,393,33,40
0,0,0,0
209,119,25,31
228,407,22,32
0,0,0,0
209,141,21,36
208,413,29,37
167,137,33,52
165,115,28,38
206,412,27,28
163,140,31,56
161,121,31,42
210,413,36,36
149,172,40,35
153,138,26,32
300,106,34,35
154,162,33,43
151,135,25,32
229,427,23,28
174,164,34,28
174,123,30,37
233,415,27,20
0,0,0,0
223,166,25,35
0,0,0,0
0,0,0,0
216,124,26,37
230,439,25,38
0,0,0,0
0,0,0,0
224,408,25,41
212,154,26,35
0,0,0,0
193,320,39,55
193,136,27,36
0,0,0,0
217,289,31,43
