808,313,51,61
775,58,61,52
803,275,49,56
680,360,50,57
913,289,53,59
790,310,50,61
761,202,56,55
983,277,51,65
834,439,49,57
955,253,55,61
650,285,51,61
896,384,52,60
849,195,57,58
797,389,49,60
864,220,53,56
895,425,46,62
860,216,57,57
826,410,48,57
850,404,47,55
818,149,59,48
644,348,47,57
836,216,55,57
920,288,54,57
775,379,45,56
851,377,47,51
877,152,61,53
778,387,42,49
759,457,43,53
766,383,47,53
811,171,56,49
805,302,47,52
790,255,49,46
852,246,48,49
792,374,42,57
856,141,51,53
891,230,49,56
741,335,39,47
860,340,41,52
662,132,50,55
381,486,45,56
541,582,37,52
393,446,50,56
