582,338,44,75
560,356,38,66
546,355,33,60
550,355,36,52
574,352,31,49
597,361,25,47
617,361,38,52
656,368,20,57
689,379,21,62
704,406,49,74
724,434,42,77
735,460,53,74
729,482,51,65
716,499,38,61
697,512,45,59
674,534,49,50
642,554,56,38
613,572,60,27
598,569,50,35
589,559,50,38
581,559,51,33
588,554,32,29
591,550,24,30
579,550,54,30
581,553,47,33
587,551,46,30
586,566,38,34
584,567,62,56
584,590,46,47
583,600,48,43
588,618,43,32
587,623,39,29
581,610,46,44
585,620,46,28
564,621,50,21
564,607,56,18
567,589,24,34
557,588,17,17
547,577,22,28
545,576,18,23
537,579,35,14
535,581,40,16
525,587,41,18
513,595,44,15
507,598,40,14
510,603,29,12
476,602,64,21
478,607,52,14
464,610,52,13
446,612,65,15
433,619,60,14
425,618,39,25
417,625,29,29
409,629,38,29
404,635,43,30
402,646,38,21
401,649,42,24
398,653,30,21
390,648,30,17
367,642,39,25
