548,76,260,314
614,50,205,370
543,168,259,221
171,388,493,310
730,341,551,182
356,200,583,403
103,386,973,174
269,311,850,305
285,308,886,243
333,295,882,157
307,285,943,125
268,261,1008,104
0,0,0,0
753,291,74,355
387,316,445,332
234,315,601,403
304,302,524,417
538,63,504,656
331,1,613,707
261,1,733,669
112,1,961,635
362,1,917,609
186,116,889,488
146,200,872,394
215,268,764,37
345,333,670,171
376,294,480,166
509,414,673,109
1,227,795,175
415,444,660,97
363,387,419,117
0,0,0,0
311,118,576,248
311,136,577,232
302,140,588,221
286,141,607,212
266,158,622,204
246,177,636,188
230,177,642,181
219,171,640,200
207,177,642,226
197,169,651,244
188,155,656,263
188,147,645,305
198,138,611,371
247,113,513,456
324,83,380,545
384,66,264,584
422,56,180,566
459,66,98,544
465,68,57,579
470,60,28,559
470,62,24,562
452,53,35,562
428,32,44,568
400,7,41,569
396,60,35,542
412,124,22,500
444,165,22,444
488,201,27,466
540,242,26,444
581,247,19,446
599,226,28,466
622,202,29,491
644,185,29,504
648,177,29,508
643,174,28,506
638,173,27,506
632,174,25,506
627,174,23,506
621,175,26,503
593,164,57,501
471,109,218,460
361,93,375,357
331,125,447,241
1,102,1243,621
2,123,1279,597
1,157,1278,553
1,201,1277,466
1,252,1278,399
1,308,1277,324
0,0,0,0
215,220,913,500
159,199,973,521
115,194,1040,527
74,189,1107,530
55,169,1158,550
50,141,1217,579
30,117,1250,603
2,109,1276,610
1,102,1278,616
1,101,1276,619
0,0,0,0
466,137,24,531
481,124,24,555
495,112,24,572
503,103,25,588
506,100,22,590
509,100,25,592
511,100,24,589
515,101,21,584
518,97,22,592
521,98,21,590
523,96,21,592
526,96,19,591
525,93,18,593
521,92,21,591
519,86,21,595
518,85,18,593
513,84,21,591
509,82,21,590
505,81,23,592
501,79,24,590
498,76,22,592
491,75,27,589
487,73,27,590
481,72,27,589
481,73,24,583
478,79,25,572
468,90,25,558
462,101,26,548
457,115,24,537
451,129,24,524
446,141,24,514
441,156,23,500
437,164,23,494
435,162,22,497
436,160,22,499
437,160,20,500
425,165,36,493
321,130,173,484
255,104,281,411
235,93,370,310
229,93,396,328
307,119,226,467
433,127,39,513
417,121,41,513
430,120,42,516
430,123,42,515
429,120,42,516
430,119,41,519
433,117,42,521
442,115,41,523
451,113,42,523
460,112,43,526
470,109,45,529
482,107,44,531
494,106,41,531
502,104,43,532
509,103,46,536
518,102,44,537
521,100,43,538
425,3,119,716
462,1,220,721
536,1,232,719
645,1,52,718
549,1,230,717
371,49,525,670
214,184,736,534
136,293,755,426
115,275,814,445
119,263,897,456
121,263,895,458
122,255,888,465
117,251,875,468
105,245,871,474
91,241,878,477
72,236,905,483
50,238,936,482
22,247,973,472
1,270,1001,447
1,307,1051,412
1,359,1060,360
2,404,948,315
2,432,872,285
1,454,745,264
1,476,742,244
1,485,739,234
1,463,738,257
2,425,748,293
2,381,774,338
1,342,799,377
1,311,799,408
1,299,801,420
2,298,803,422
1,301,800,418
3,295,795,424
3,274,807,446
2,248,828,470
1,232,850,487
1,225,860,494
2,222,858,496
1,77,842,613
1,88,877,609
2,118,893,587
2,114,1044,605
3,92,1138,628
1,60,1278,659
3,11,1277,633
1,3,1280,568
1,3,1279,539
1,4,1276,540
1,1,1280,549
2,1,1276,582
1,6,1278,610
1,4,1277,633
2,21,1278,654
2,41,1278,670
1,50,1280,669
1,65,1276,650
2,97,1249,590
1,122,1238,550
2,139,1226,524
3,152,1205,510
2,158,1279,561
1,163,1280,556
1,175,1283,545
1,211,1278,507
1,229,1279,489
1,229,1279,490
1,237,1280,483
1,232,1279,485
1,213,1295,494
1,214,1278,505
1,194,1257,526
1,141,1109,579
1,56,1283,345
15,76,1262,349
118,155,1162,404
223,186,1016,534
246,168,874,550
284,193,738,526
465,226,223,494
193,316,593,230
140,243,923,135
153,101,898,339
134,63,906,402
2,86,1198,426
345,299,936,361
650,10,631,613
836,1,384,720
1,1,192,152
122,1,405,350
1,177,901,202
2,153,903,386
1,182,936,351
169,205,796,262
169,201,796,259
110,200,817,301
16,204,871,327
2,206,864,329
1,240,599,212
517,276,763,80
628,116,325,283
386,1,620,186
464,109,814,84
365,211,132,298
546,1,460,651
120,364,942,71
95,284,939,138
188,193,931,205
218,189,939,258
335,1,820,400
46,134,1074,381
2,155,1025,374
3,135,1173,388
72,1,1206,562
776,363,503,93
19,419,1035,301
42,247,775,473
270,443,1008,40
521,226,759,211
429,175,834,261
391,196,740,243
367,208,636,233
49,380,441,37
501,231,507,190
708,195,75,51
272,112,792,175
361,72,757,266
604,98,200,97
70,71,1014,108
302,1,692,244
717,182,305,58
1,362,814,42
90,368,985,124
402,405,877,55
511,397,768,33
759,382,522,50
430,304,851,69
198,339,363,94
112,284,438,199
2,335,987,147
830,33,286,322
357,164,720,262
4,221,925,231
227,358,1052,187
349,384,931,173
477,372,803,167
586,163,409,383
63,99,1216,111
2,157,1275,325
284,3,933,644
2,428,836,51
259,262,718,128
422,185,657,137
387,183,650,155
401,178,645,160
432,175,644,160
775,246,387,90
458,500,472,130
532,314,46,31
323,205,396,139
549,78,256,313
614,53,208,368
543,168,261,222
172,433,458,270
730,342,549,180
1021,199,114,246
720,1,33,329
398,1,624,513
266,4,183,706
0,0,0,0
478,484,461,92
624,491,406,89
712,450,383,126
482,172,576,444
522,195,563,474
425,126,694,527
784,351,257,366
228,1,522,632
333,1,647,267
616,1,97,523
94,447,802,69
29,494,927,50
1,453,762,92
253,363,943,355
120,200,784,390
193,286,723,185
56,355,871,78
188,254,1093,465
96,243,1158,478
1,380,916,338
2,347,822,289
1,359,710,241
1,339,871,338
364,151,525,570
969,58,152,662
689,217,591,231
521,171,759,311
526,272,309,256
166,105,549,435
544,1,330,273
580,59,646,182
503,191,683,137
336,154,251,248
721,338,149,177
743,395,246,37
177,355,659,290
442,272,205,280
420,2,585,298
126,61,946,297
458,121,819,69
614,1,128,180
141,1,772,480
2,286,964,177
198,449,854,93
4,86,928,190
2,183,1025,292
27,153,994,454
141,157,870,502
136,162,883,516
47,241,965,254
634,2,109,283
174,216,835,504
566,1,525,715
228,275,774,444
479,251,801,311
240,200,458,152
383,144,643,336
1,272,907,383
1,309,799,392
3,323,741,396
272,327,446,394
628,323,512,361
657,286,622,63
536,132,742,215
346,237,537,147
381,206,312,321
662,360,408,44
508,358,444,52
529,334,430,41
518,141,667,220
558,1,49,208
1,116,675,371
